Cycle,Area(mm^2),PeakDynamic(W),SubthresholdLeakage(W),GateLeakage(W),RunTimeDynamic(W)
29000000,1.6202,0.544831,0.005673,0.000697,0.326899
29001000,1.6202,0.544831,0.005673,0.000697,0.326899
29002000,1.6202,0.544831,0.005673,0.000697,0.326899
29003000,1.6202,0.544831,0.005673,0.000697,0.326899
29004000,1.6202,0.544831,0.005673,0.000697,0.326899
29005000,1.6202,0.544831,0.005673,0.000697,0.326899
29006000,1.6202,0.544831,0.005673,0.000697,0.326899
29007000,1.6202,0.544831,0.005673,0.000697,0.326899
29008000,1.6202,0.544831,0.005673,0.000697,0.326899
29009000,1.6202,0.544831,0.005673,0.000697,0.326899
29010000,1.6202,0.544831,0.005673,0.000697,0.326899
29011000,1.6202,0.544831,0.005673,0.000697,0.326899
29012000,1.6202,0.544831,0.005673,0.000697,0.326899
29013000,1.6202,0.544831,0.005673,0.000697,0.326899
29014000,1.6202,0.544831,0.005673,0.000697,0.326899
29015000,1.6202,0.544831,0.005673,0.000697,0.326899
29016000,1.6202,0.544831,0.005673,0.000697,0.326899
29017000,1.6202,0.544831,0.005673,0.000697,0.326899
29018000,1.6202,0.544831,0.005673,0.000697,0.326899
29019000,1.6202,0.544831,0.005673,0.000697,0.326899
29020000,1.6202,0.544831,0.005673,0.000697,0.326899
29021000,1.6202,0.544831,0.005673,0.000697,0.326899
29022000,1.6202,0.544831,0.005673,0.000697,0.326899
29023000,1.6202,0.544831,0.005673,0.000697,0.326899
29024000,1.6202,0.544831,0.005673,0.000697,0.326899
29025000,1.6202,0.544831,0.005673,0.000697,0.326899
29026000,1.6202,0.544831,0.005673,0.000697,0.326899
29027000,1.6202,0.544831,0.005673,0.000697,0.326899
29028000,1.6202,0.544831,0.005673,0.000697,0.326899
29029000,1.6202,0.544831,0.005673,0.000697,0.326899
29030000,1.6202,0.544831,0.005673,0.000697,0.326899
29031000,1.6202,0.544831,0.005673,0.000697,0.326899
29032000,1.6202,0.544831,0.005673,0.000697,0.326899
29033000,1.6202,0.544831,0.005673,0.000697,0.326899
29034000,1.6202,0.544831,0.005673,0.000697,0.326899
29035000,1.6202,0.544831,0.005673,0.000697,0.326899
29036000,1.6202,0.544831,0.005673,0.000697,0.326899
29037000,1.6202,0.544831,0.005673,0.000697,0.326899
29038000,1.6202,0.544831,0.005673,0.000697,0.326899
29039000,1.6202,0.544831,0.005673,0.000697,0.326899
29040000,1.6202,0.544831,0.005673,0.000697,0.326899
29041000,1.6202,0.544831,0.005673,0.000697,0.326899
29042000,1.6202,0.544831,0.005673,0.000697,0.326899
29043000,1.6202,0.544831,0.005673,0.000697,0.326899
29044000,1.6202,0.544831,0.005673,0.000697,0.326899
29045000,1.6202,0.544831,0.005673,0.000697,0.326899
29046000,1.6202,0.544831,0.005673,0.000697,0.326899
29047000,1.6202,0.544831,0.005673,0.000697,0.326899
29048000,1.6202,0.544831,0.005673,0.000697,0.326899
29049000,1.6202,0.544831,0.005673,0.000697,0.326899
29050000,1.6202,0.544831,0.005673,0.000697,0.326899
29051000,1.6202,0.544831,0.005673,0.000697,0.326899
29052000,1.6202,0.544831,0.005673,0.000697,0.326899
29053000,1.6202,0.544831,0.005673,0.000697,0.326899
29054000,1.6202,0.544831,0.005673,0.000697,0.326899
29055000,1.6202,0.544831,0.005673,0.000697,0.326899
29056000,1.6202,0.544831,0.005673,0.000697,0.326899
29057000,1.6202,0.544831,0.005673,0.000697,0.326899
29058000,1.6202,0.544831,0.005673,0.000697,0.326899
29059000,1.6202,0.544831,0.005673,0.000697,0.326899
29060000,1.6202,0.544831,0.005673,0.000697,0.326899
29061000,1.6202,0.544831,0.005673,0.000697,0.326899
29062000,1.6202,0.544831,0.005673,0.000697,0.326899
29063000,1.6202,0.544831,0.005673,0.000697,0.326899
29064000,1.6202,0.544831,0.005673,0.000697,0.326899
29065000,1.6202,0.544831,0.005673,0.000697,0.326899
29066000,1.6202,0.544831,0.005673,0.000697,0.326899
29067000,1.6202,0.544831,0.005673,0.000697,0.326899
29068000,1.6202,0.544831,0.005673,0.000697,0.326899
29069000,1.6202,0.544831,0.005673,0.000697,0.326899
29070000,1.6202,0.544831,0.005673,0.000697,0.326899
29071000,1.6202,0.544831,0.005673,0.000697,0.326899
29072000,1.6202,0.544831,0.005673,0.000697,0.326899
29073000,1.6202,0.544831,0.005673,0.000697,0.326899
29074000,1.6202,0.544831,0.005673,0.000697,0.326899
29075000,1.6202,0.544831,0.005673,0.000697,0.326899
29076000,1.6202,0.544831,0.005673,0.000697,0.326899
29077000,1.6202,0.544831,0.005673,0.000697,0.326899
29078000,1.6202,0.544831,0.005673,0.000697,0.326899
29079000,1.6202,0.544831,0.005673,0.000697,0.326899
29080000,1.6202,0.544831,0.005673,0.000697,0.326899
29081000,1.6202,0.544831,0.005673,0.000697,0.326899
29082000,1.6202,0.544831,0.005673,0.000697,0.326899
29083000,1.6202,0.544831,0.005673,0.000697,0.326899
29084000,1.6202,0.544831,0.005673,0.000697,0.326899
29085000,1.6202,0.544831,0.005673,0.000697,0.326899
29086000,1.6202,0.544831,0.005673,0.000697,0.326899
29087000,1.6202,0.544831,0.005673,0.000697,0.326899
29088000,1.6202,0.544831,0.005673,0.000697,0.326899
29089000,1.6202,0.544831,0.005673,0.000697,0.326899
29090000,1.6202,0.544831,0.005673,0.000697,0.326899
29091000,1.6202,0.544831,0.005673,0.000697,0.326899
29092000,1.6202,0.544831,0.005673,0.000697,0.326899
29093000,1.6202,0.544831,0.005673,0.000697,0.326899
29094000,1.6202,0.544831,0.005673,0.000697,0.326899
29095000,1.6202,0.544831,0.005673,0.000697,0.326899
29096000,1.6202,0.544831,0.005673,0.000697,0.326899
29097000,1.6202,0.544831,0.005673,0.000697,0.326899
29098000,1.6202,0.544831,0.005673,0.000697,0.326899
29099000,1.6202,0.544831,0.005673,0.000697,0.326899
29100000,1.6202,0.544831,0.005673,0.000697,0.326899
29101000,1.6202,0.544831,0.005673,0.000697,0.326899
29102000,1.6202,0.544831,0.005673,0.000697,0.326899
29103000,1.6202,0.544831,0.005673,0.000697,0.326899
29104000,1.6202,0.544831,0.005673,0.000697,0.326899
29105000,1.6202,0.544831,0.005673,0.000697,0.326899
29106000,1.6202,0.544831,0.005673,0.000697,0.326899
29107000,1.6202,0.544831,0.005673,0.000697,0.326899
29108000,1.6202,0.544831,0.005673,0.000697,0.326899
29109000,1.6202,0.544831,0.005673,0.000697,0.326899
29110000,1.6202,0.544831,0.005673,0.000697,0.326899
29111000,1.6202,0.544831,0.005673,0.000697,0.326899
29112000,1.6202,0.544831,0.005673,0.000697,0.326899
29113000,1.6202,0.544831,0.005673,0.000697,0.326899
29114000,1.6202,0.544831,0.005673,0.000697,0.326899
29115000,1.6202,0.544831,0.005673,0.000697,0.326899
29116000,1.6202,0.544831,0.005673,0.000697,0.326899
29117000,1.6202,0.544831,0.005673,0.000697,0.326899
29118000,1.6202,0.544831,0.005673,0.000697,0.326899
29119000,1.6202,0.544831,0.005673,0.000697,0.326899
29120000,1.6202,0.544831,0.005673,0.000697,0.326899
29121000,1.6202,0.544831,0.005673,0.000697,0.326899
29122000,1.6202,0.544831,0.005673,0.000697,0.326899
29123000,1.6202,0.544831,0.005673,0.000697,0.326899
29124000,1.6202,0.544831,0.005673,0.000697,0.326899
29125000,1.6202,0.544831,0.005673,0.000697,0.326899
29126000,1.6202,0.544831,0.005673,0.000697,0.326899
29127000,1.6202,0.544831,0.005673,0.000697,0.326899
29128000,1.6202,0.544831,0.005673,0.000697,0.326899
29129000,1.6202,0.544831,0.005673,0.000697,0.326899
29130000,1.6202,0.544831,0.005673,0.000697,0.326899
29131000,1.6202,0.544831,0.005673,0.000697,0.326899
29132000,1.6202,0.544831,0.005673,0.000697,0.326899
29133000,1.6202,0.544831,0.005673,0.000697,0.326899
29134000,1.6202,0.544831,0.005673,0.000697,0.326899
29135000,1.6202,0.544831,0.005673,0.000697,0.326899
29136000,1.6202,0.544831,0.005673,0.000697,0.326899
29137000,1.6202,0.544831,0.005673,0.000697,0.326899
29138000,1.6202,0.544831,0.005673,0.000697,0.326899
29139000,1.6202,0.544831,0.005673,0.000697,0.326899
29140000,1.6202,0.544831,0.005673,0.000697,0.326899
29141000,1.6202,0.544831,0.005673,0.000697,0.326899
29142000,1.6202,0.544831,0.005673,0.000697,0.326899
29143000,1.6202,0.544831,0.005673,0.000697,0.326899
29144000,1.6202,0.544831,0.005673,0.000697,0.326899
29145000,1.6202,0.544831,0.005673,0.000697,0.326899
29146000,1.6202,0.544831,0.005673,0.000697,0.326899
29147000,1.6202,0.544831,0.005673,0.000697,0.326899
29148000,1.6202,0.544831,0.005673,0.000697,0.326899
29149000,1.6202,0.544831,0.005673,0.000697,0.326899
29150000,1.6202,0.544831,0.005673,0.000697,0.326899
29151000,1.6202,0.544831,0.005673,0.000697,0.326899
29152000,1.6202,0.544831,0.005673,0.000697,0.326899
29153000,1.6202,0.544831,0.005673,0.000697,0.326899
29154000,1.6202,0.544831,0.005673,0.000697,0.326899
29155000,1.6202,0.544831,0.005673,0.000697,0.326899
29156000,1.6202,0.544831,0.005673,0.000697,0.326899
29157000,1.6202,0.544831,0.005673,0.000697,0.326899
29158000,1.6202,0.544831,0.005673,0.000697,0.326899
29159000,1.6202,0.544831,0.005673,0.000697,0.326899
29160000,1.6202,0.544831,0.005673,0.000697,0.326899
29161000,1.6202,0.544831,0.005673,0.000697,0.326899
29162000,1.6202,0.544831,0.005673,0.000697,0.326899
29163000,1.6202,0.544831,0.005673,0.000697,0.326899
29164000,1.6202,0.544831,0.005673,0.000697,0.326899
29165000,1.6202,0.544831,0.005673,0.000697,0.326899
29166000,1.6202,0.544831,0.005673,0.000697,0.326899
29167000,1.6202,0.544831,0.005673,0.000697,0.326899
29168000,1.6202,0.544831,0.005673,0.000697,0.326899
29169000,1.6202,0.544831,0.005673,0.000697,0.326899
29170000,1.6202,0.544831,0.005673,0.000697,0.326899
29171000,1.6202,0.544831,0.005673,0.000697,0.326899
29172000,1.6202,0.544831,0.005673,0.000697,0.326899
29173000,1.6202,0.544831,0.005673,0.000697,0.326899
29174000,1.6202,0.544831,0.005673,0.000697,0.326899
29175000,1.6202,0.544831,0.005673,0.000697,0.326899
29176000,1.6202,0.544831,0.005673,0.000697,0.326899
29177000,1.6202,0.544831,0.005673,0.000697,0.326899
29178000,1.6202,0.544831,0.005673,0.000697,0.326899
29179000,1.6202,0.544831,0.005673,0.000697,0.326899
29180000,1.6202,0.544831,0.005673,0.000697,0.326899
29181000,1.6202,0.544831,0.005673,0.000697,0.326899
29182000,1.6202,0.544831,0.005673,0.000697,0.326899
29183000,1.6202,0.544831,0.005673,0.000697,0.326899
29184000,1.6202,0.544831,0.005673,0.000697,0.326899
29185000,1.6202,0.544831,0.005673,0.000697,0.326899
29186000,1.6202,0.544831,0.005673,0.000697,0.326899
29187000,1.6202,0.544831,0.005673,0.000697,0.326899
29188000,1.6202,0.544831,0.005673,0.000697,0.326899
29189000,1.6202,0.544831,0.005673,0.000697,0.326899
29190000,1.6202,0.544831,0.005673,0.000697,0.326899
29191000,1.6202,0.544831,0.005673,0.000697,0.326899
29192000,1.6202,0.544831,0.005673,0.000697,0.326899
29193000,1.6202,0.544831,0.005673,0.000697,0.326899
29194000,1.6202,0.544831,0.005673,0.000697,0.326899
29195000,1.6202,0.544831,0.005673,0.000697,0.326899
29196000,1.6202,0.544831,0.005673,0.000697,0.326899
29197000,1.6202,0.544831,0.005673,0.000697,0.326899
29198000,1.6202,0.544831,0.005673,0.000697,0.326899
29199000,1.6202,0.544831,0.005673,0.000697,0.326899
29200000,1.6202,0.544831,0.005673,0.000697,0.326899
29201000,1.6202,0.544831,0.005673,0.000697,0.326899
29202000,1.6202,0.544831,0.005673,0.000697,0.326899
29203000,1.6202,0.544831,0.005673,0.000697,0.326899
29204000,1.6202,0.544831,0.005673,0.000697,0.326899
29205000,1.6202,0.544831,0.005673,0.000697,0.326899
29206000,1.6202,0.544831,0.005673,0.000697,0.326899
29207000,1.6202,0.544831,0.005673,0.000697,0.326899
29208000,1.6202,0.544831,0.005673,0.000697,0.326899
29209000,1.6202,0.544831,0.005673,0.000697,0.326899
29210000,1.6202,0.544831,0.005673,0.000697,0.326899
29211000,1.6202,0.544831,0.005673,0.000697,0.326899
29212000,1.6202,0.544831,0.005673,0.000697,0.326899
29213000,1.6202,0.544831,0.005673,0.000697,0.326899
29214000,1.6202,0.544831,0.005673,0.000697,0.326899
29215000,1.6202,0.544831,0.005673,0.000697,0.326899
29216000,1.6202,0.544831,0.005673,0.000697,0.326899
29217000,1.6202,0.544831,0.005673,0.000697,0.326899
29218000,1.6202,0.544831,0.005673,0.000697,0.326899
29219000,1.6202,0.544831,0.005673,0.000697,0.326899
29220000,1.6202,0.544831,0.005673,0.000697,0.326899
29221000,1.6202,0.544831,0.005673,0.000697,0.326899
29222000,1.6202,0.544831,0.005673,0.000697,0.326899
29223000,1.6202,0.544831,0.005673,0.000697,0.326899
29224000,1.6202,0.544831,0.005673,0.000697,0.326899
29225000,1.6202,0.544831,0.005673,0.000697,0.326899
29226000,1.6202,0.544831,0.005673,0.000697,0.326899
29227000,1.6202,0.544831,0.005673,0.000697,0.326899
29228000,1.6202,0.544831,0.005673,0.000697,0.326899
29229000,1.6202,0.544831,0.005673,0.000697,0.326899
29230000,1.6202,0.544831,0.005673,0.000697,0.326899
29231000,1.6202,0.544831,0.005673,0.000697,0.326899
29232000,1.6202,0.544831,0.005673,0.000697,0.326899
29233000,1.6202,0.544831,0.005673,0.000697,0.326899
29234000,1.6202,0.544831,0.005673,0.000697,0.326899
29235000,1.6202,0.544831,0.005673,0.000697,0.326899
29236000,1.6202,0.544831,0.005673,0.000697,0.326899
29237000,1.6202,0.544831,0.005673,0.000697,0.326899
29238000,1.6202,0.544831,0.005673,0.000697,0.326899
29239000,1.6202,0.544831,0.005673,0.000697,0.326899
29240000,1.6202,0.544831,0.005673,0.000697,0.326899
29241000,1.6202,0.544831,0.005673,0.000697,0.326899
29242000,1.6202,0.544831,0.005673,0.000697,0.326899
29243000,1.6202,0.544831,0.005673,0.000697,0.326899
29244000,1.6202,0.544831,0.005673,0.000697,0.326899
29245000,1.6202,0.544831,0.005673,0.000697,0.326899
29246000,1.6202,0.544831,0.005673,0.000697,0.326899
29247000,1.6202,0.544831,0.005673,0.000697,0.326899
29248000,1.6202,0.544831,0.005673,0.000697,0.326899
29249000,1.6202,0.544831,0.005673,0.000697,0.326899
29250000,1.6202,0.544831,0.005673,0.000697,0.326899
29251000,1.6202,0.544831,0.005673,0.000697,0.326899
29252000,1.6202,0.544831,0.005673,0.000697,0.326899
29253000,1.6202,0.544831,0.005673,0.000697,0.326899
29254000,1.6202,0.544831,0.005673,0.000697,0.326899
29255000,1.6202,0.544831,0.005673,0.000697,0.326899
29256000,1.6202,0.544831,0.005673,0.000697,0.326899
29257000,1.6202,0.544831,0.005673,0.000697,0.326899
29258000,1.6202,0.544831,0.005673,0.000697,0.326899
29259000,1.6202,0.544831,0.005673,0.000697,0.326899
29260000,1.6202,0.544831,0.005673,0.000697,0.326899
29261000,1.6202,0.544831,0.005673,0.000697,0.326899
29262000,1.6202,0.544831,0.005673,0.000697,0.326899
29263000,1.6202,0.544831,0.005673,0.000697,0.326899
29264000,1.6202,0.544831,0.005673,0.000697,0.326899
29265000,1.6202,0.544831,0.005673,0.000697,0.326899
29266000,1.6202,0.544831,0.005673,0.000697,0.326899
29267000,1.6202,0.544831,0.005673,0.000697,0.326899
29268000,1.6202,0.544831,0.005673,0.000697,0.326899
29269000,1.6202,0.544831,0.005673,0.000697,0.326899
29270000,1.6202,0.544831,0.005673,0.000697,0.326899
29271000,1.6202,0.544831,0.005673,0.000697,0.326899
29272000,1.6202,0.544831,0.005673,0.000697,0.326899
29273000,1.6202,0.544831,0.005673,0.000697,0.326899
29274000,1.6202,0.544831,0.005673,0.000697,0.326899
29275000,1.6202,0.544831,0.005673,0.000697,0.326899
29276000,1.6202,0.544831,0.005673,0.000697,0.326899
29277000,1.6202,0.544831,0.005673,0.000697,0.326899
29278000,1.6202,0.544831,0.005673,0.000697,0.326899
29279000,1.6202,0.544831,0.005673,0.000697,0.326899
29280000,1.6202,0.544831,0.005673,0.000697,0.326899
29281000,1.6202,0.544831,0.005673,0.000697,0.326899
29282000,1.6202,0.544831,0.005673,0.000697,0.326899
29283000,1.6202,0.544831,0.005673,0.000697,0.326899
29284000,1.6202,0.544831,0.005673,0.000697,0.326899
29285000,1.6202,0.544831,0.005673,0.000697,0.326899
29286000,1.6202,0.544831,0.005673,0.000697,0.326899
29287000,1.6202,0.544831,0.005673,0.000697,0.326899
29288000,1.6202,0.544831,0.005673,0.000697,0.326899
29289000,1.6202,0.544831,0.005673,0.000697,0.326899
29290000,1.6202,0.544831,0.005673,0.000697,0.326899
29291000,1.6202,0.544831,0.005673,0.000697,0.326899
29292000,1.6202,0.544831,0.005673,0.000697,0.326899
29293000,1.6202,0.544831,0.005673,0.000697,0.326899
29294000,1.6202,0.544831,0.005673,0.000697,0.326899
29295000,1.6202,0.544831,0.005673,0.000697,0.326899
29296000,1.6202,0.544831,0.005673,0.000697,0.326899
29297000,1.6202,0.544831,0.005673,0.000697,0.326899
29298000,1.6202,0.544831,0.005673,0.000697,0.326899
29299000,1.6202,0.544831,0.005673,0.000697,0.326899
29300000,1.6202,0.544831,0.005673,0.000697,0.326899
29301000,1.6202,0.544831,0.005673,0.000697,0.326899
29302000,1.6202,0.544831,0.005673,0.000697,0.326899
29303000,1.6202,0.544831,0.005673,0.000697,0.326899
29304000,1.6202,0.544831,0.005673,0.000697,0.326899
29305000,1.6202,0.544831,0.005673,0.000697,0.326899
29306000,1.6202,0.544831,0.005673,0.000697,0.326899
29307000,1.6202,0.544831,0.005673,0.000697,0.326899
29308000,1.6202,0.544831,0.005673,0.000697,0.326899
29309000,1.6202,0.544831,0.005673,0.000697,0.326899
29310000,1.6202,0.544831,0.005673,0.000697,0.326899
29311000,1.6202,0.544831,0.005673,0.000697,0.326899
29312000,1.6202,0.544831,0.005673,0.000697,0.326899
29313000,1.6202,0.544831,0.005673,0.000697,0.326899
29314000,1.6202,0.544831,0.005673,0.000697,0.326899
29315000,1.6202,0.544831,0.005673,0.000697,0.326899
29316000,1.6202,0.544831,0.005673,0.000697,0.326899
29317000,1.6202,0.544831,0.005673,0.000697,0.326899
29318000,1.6202,0.544831,0.005673,0.000697,0.326899
29319000,1.6202,0.544831,0.005673,0.000697,0.326899
29320000,1.6202,0.544831,0.005673,0.000697,0.326899
29321000,1.6202,0.544831,0.005673,0.000697,0.326899
29322000,1.6202,0.544831,0.005673,0.000697,0.326899
29323000,1.6202,0.544831,0.005673,0.000697,0.326899
29324000,1.6202,0.544831,0.005673,0.000697,0.326899
29325000,1.6202,0.544831,0.005673,0.000697,0.326899
29326000,1.6202,0.544831,0.005673,0.000697,0.326899
29327000,1.6202,0.544831,0.005673,0.000697,0.326899
29328000,1.6202,0.544831,0.005673,0.000697,0.326899
29329000,1.6202,0.544831,0.005673,0.000697,0.326899
29330000,1.6202,0.544831,0.005673,0.000697,0.326899
29331000,1.6202,0.544831,0.005673,0.000697,0.326899
29332000,1.6202,0.544831,0.005673,0.000697,0.326899
29333000,1.6202,0.544831,0.005673,0.000697,0.326899
29334000,1.6202,0.544831,0.005673,0.000697,0.326899
29335000,1.6202,0.544831,0.005673,0.000697,0.326899
29336000,1.6202,0.544831,0.005673,0.000697,0.326899
29337000,1.6202,0.544831,0.005673,0.000697,0.326899
29338000,1.6202,0.544831,0.005673,0.000697,0.326899
29339000,1.6202,0.544831,0.005673,0.000697,0.326899
29340000,1.6202,0.544831,0.005673,0.000697,0.326899
29341000,1.6202,0.544831,0.005673,0.000697,0.326899
29342000,1.6202,0.544831,0.005673,0.000697,0.326899
29343000,1.6202,0.544831,0.005673,0.000697,0.326899
29344000,1.6202,0.544831,0.005673,0.000697,0.326899
29345000,1.6202,0.544831,0.005673,0.000697,0.326899
29346000,1.6202,0.544831,0.005673,0.000697,0.326899
29347000,1.6202,0.544831,0.005673,0.000697,0.326899
29348000,1.6202,0.544831,0.005673,0.000697,0.326899
29349000,1.6202,0.544831,0.005673,0.000697,0.326899
29350000,1.6202,0.544831,0.005673,0.000697,0.326899
29351000,1.6202,0.544831,0.005673,0.000697,0.326899
29352000,1.6202,0.544831,0.005673,0.000697,0.326899
29353000,1.6202,0.544831,0.005673,0.000697,0.326899
29354000,1.6202,0.544831,0.005673,0.000697,0.326899
29355000,1.6202,0.544831,0.005673,0.000697,0.326899
29356000,1.6202,0.544831,0.005673,0.000697,0.326899
29357000,1.6202,0.544831,0.005673,0.000697,0.326899
29358000,1.6202,0.544831,0.005673,0.000697,0.326899
29359000,1.6202,0.544831,0.005673,0.000697,0.326899
29360000,1.6202,0.544831,0.005673,0.000697,0.326899
29361000,1.6202,0.544831,0.005673,0.000697,0.326899
29362000,1.6202,0.544831,0.005673,0.000697,0.326899
29363000,1.6202,0.544831,0.005673,0.000697,0.326899
29364000,1.6202,0.544831,0.005673,0.000697,0.326899
29365000,1.6202,0.544831,0.005673,0.000697,0.326899
29366000,1.6202,0.544831,0.005673,0.000697,0.326899
29367000,1.6202,0.544831,0.005673,0.000697,0.326899
29368000,1.6202,0.544831,0.005673,0.000697,0.326899
29369000,1.6202,0.544831,0.005673,0.000697,0.326899
29370000,1.6202,0.544831,0.005673,0.000697,0.326899
29371000,1.6202,0.544831,0.005673,0.000697,0.326899
29372000,1.6202,0.544831,0.005673,0.000697,0.326899
29373000,1.6202,0.544831,0.005673,0.000697,0.326899
29374000,1.6202,0.544831,0.005673,0.000697,0.326899
29375000,1.6202,0.544831,0.005673,0.000697,0.326899
29376000,1.6202,0.544831,0.005673,0.000697,0.326899
29377000,1.6202,0.544831,0.005673,0.000697,0.326899
29378000,1.6202,0.544831,0.005673,0.000697,0.326899
29379000,1.6202,0.544831,0.005673,0.000697,0.326899
29380000,1.6202,0.544831,0.005673,0.000697,0.326899
29381000,1.6202,0.544831,0.005673,0.000697,0.326899
29382000,1.6202,0.544831,0.005673,0.000697,0.326899
29383000,1.6202,0.544831,0.005673,0.000697,0.326899
29384000,1.6202,0.544831,0.005673,0.000697,0.326899
29385000,1.6202,0.544831,0.005673,0.000697,0.326899
29386000,1.6202,0.544831,0.005673,0.000697,0.326899
29387000,1.6202,0.544831,0.005673,0.000697,0.326899
29388000,1.6202,0.544831,0.005673,0.000697,0.326899
29389000,1.6202,0.544831,0.005673,0.000697,0.326899
29390000,1.6202,0.544831,0.005673,0.000697,0.326899
29391000,1.6202,0.544831,0.005673,0.000697,0.326899
29392000,1.6202,0.544831,0.005673,0.000697,0.326899
29393000,1.6202,0.544831,0.005673,0.000697,0.326899
29394000,1.6202,0.544831,0.005673,0.000697,0.326899
29395000,1.6202,0.544831,0.005673,0.000697,0.326899
29396000,1.6202,0.544831,0.005673,0.000697,0.326899
29397000,1.6202,0.544831,0.005673,0.000697,0.326899
29398000,1.6202,0.544831,0.005673,0.000697,0.326899
29399000,1.6202,0.544831,0.005673,0.000697,0.326899
29400000,1.6202,0.544831,0.005673,0.000697,0.326899
29401000,1.6202,0.544831,0.005673,0.000697,0.326899
29402000,1.6202,0.544831,0.005673,0.000697,0.326899
29403000,1.6202,0.544831,0.005673,0.000697,0.326899
29404000,1.6202,0.544831,0.005673,0.000697,0.326899
29405000,1.6202,0.544831,0.005673,0.000697,0.326899
29406000,1.6202,0.544831,0.005673,0.000697,0.326899
29407000,1.6202,0.544831,0.005673,0.000697,0.326899
29408000,1.6202,0.544831,0.005673,0.000697,0.326899
29409000,1.6202,0.544831,0.005673,0.000697,0.326899
29410000,1.6202,0.544831,0.005673,0.000697,0.326899
29411000,1.6202,0.544831,0.005673,0.000697,0.326899
29412000,1.6202,0.544831,0.005673,0.000697,0.326899
29413000,1.6202,0.544831,0.005673,0.000697,0.326899
29414000,1.6202,0.544831,0.005673,0.000697,0.326899
29415000,1.6202,0.544831,0.005673,0.000697,0.326899
29416000,1.6202,0.544831,0.005673,0.000697,0.326899
29417000,1.6202,0.544831,0.005673,0.000697,0.326899
29418000,1.6202,0.544831,0.005673,0.000697,0.326899
29419000,1.6202,0.544831,0.005673,0.000697,0.326899
29420000,1.6202,0.544831,0.005673,0.000697,0.326899
29421000,1.6202,0.544831,0.005673,0.000697,0.326899
29422000,1.6202,0.544831,0.005673,0.000697,0.326899
29423000,1.6202,0.544831,0.005673,0.000697,0.326899
29424000,1.6202,0.544831,0.005673,0.000697,0.326899
29425000,1.6202,0.544831,0.005673,0.000697,0.326899
29426000,1.6202,0.544831,0.005673,0.000697,0.326899
29427000,1.6202,0.544831,0.005673,0.000697,0.326899
29428000,1.6202,0.544831,0.005673,0.000697,0.326899
29429000,1.6202,0.544831,0.005673,0.000697,0.326899
29430000,1.6202,0.544831,0.005673,0.000697,0.326899
29431000,1.6202,0.544831,0.005673,0.000697,0.326899
29432000,1.6202,0.544831,0.005673,0.000697,0.326899
29433000,1.6202,0.544831,0.005673,0.000697,0.326899
29434000,1.6202,0.544831,0.005673,0.000697,0.326899
29435000,1.6202,0.544831,0.005673,0.000697,0.326899
29436000,1.6202,0.544831,0.005673,0.000697,0.326899
29437000,1.6202,0.544831,0.005673,0.000697,0.326899
29438000,1.6202,0.544831,0.005673,0.000697,0.326899
29439000,1.6202,0.544831,0.005673,0.000697,0.326899
29440000,1.6202,0.544831,0.005673,0.000697,0.326899
29441000,1.6202,0.544831,0.005673,0.000697,0.326899
29442000,1.6202,0.544831,0.005673,0.000697,0.326899
29443000,1.6202,0.544831,0.005673,0.000697,0.326899
29444000,1.6202,0.544831,0.005673,0.000697,0.326899
29445000,1.6202,0.544831,0.005673,0.000697,0.326899
29446000,1.6202,0.544831,0.005673,0.000697,0.326899
29447000,1.6202,0.544831,0.005673,0.000697,0.326899
29448000,1.6202,0.544831,0.005673,0.000697,0.326899
29449000,1.6202,0.544831,0.005673,0.000697,0.326899
29450000,1.6202,0.544831,0.005673,0.000697,0.326899
29451000,1.6202,0.544831,0.005673,0.000697,0.326899
29452000,1.6202,0.544831,0.005673,0.000697,0.326899
29453000,1.6202,0.544831,0.005673,0.000697,0.326899
29454000,1.6202,0.544831,0.005673,0.000697,0.326899
29455000,1.6202,0.544831,0.005673,0.000697,0.326899
29456000,1.6202,0.544831,0.005673,0.000697,0.326899
29457000,1.6202,0.544831,0.005673,0.000697,0.326899
29458000,1.6202,0.544831,0.005673,0.000697,0.326899
29459000,1.6202,0.544831,0.005673,0.000697,0.326899
29460000,1.6202,0.544831,0.005673,0.000697,0.326899
29461000,1.6202,0.544831,0.005673,0.000697,0.326899
29462000,1.6202,0.544831,0.005673,0.000697,0.326899
29463000,1.6202,0.544831,0.005673,0.000697,0.326899
29464000,1.6202,0.544831,0.005673,0.000697,0.326899
29465000,1.6202,0.544831,0.005673,0.000697,0.326899
29466000,1.6202,0.544831,0.005673,0.000697,0.326899
29467000,1.6202,0.544831,0.005673,0.000697,0.326899
29468000,1.6202,0.544831,0.005673,0.000697,0.326899
29469000,1.6202,0.544831,0.005673,0.000697,0.326899
29470000,1.6202,0.544831,0.005673,0.000697,0.326899
29471000,1.6202,0.544831,0.005673,0.000697,0.326899
29472000,1.6202,0.544831,0.005673,0.000697,0.326899
29473000,1.6202,0.544831,0.005673,0.000697,0.326899
29474000,1.6202,0.544831,0.005673,0.000697,0.326899
29475000,1.6202,0.544831,0.005673,0.000697,0.326899
29476000,1.6202,0.544831,0.005673,0.000697,0.326899
29477000,1.6202,0.544831,0.005673,0.000697,0.326899
29478000,1.6202,0.544831,0.005673,0.000697,0.326899
29479000,1.6202,0.544831,0.005673,0.000697,0.326899
29480000,1.6202,0.544831,0.005673,0.000697,0.326899
29481000,1.6202,0.544831,0.005673,0.000697,0.326899
29482000,1.6202,0.544831,0.005673,0.000697,0.326899
29483000,1.6202,0.544831,0.005673,0.000697,0.326899
29484000,1.6202,0.544831,0.005673,0.000697,0.326899
29485000,1.6202,0.544831,0.005673,0.000697,0.326899
29486000,1.6202,0.544831,0.005673,0.000697,0.326899
29487000,1.6202,0.544831,0.005673,0.000697,0.326899
29488000,1.6202,0.544831,0.005673,0.000697,0.326899
29489000,1.6202,0.544831,0.005673,0.000697,0.326899
29490000,1.6202,0.544831,0.005673,0.000697,0.326899
29491000,1.6202,0.544831,0.005673,0.000697,0.326899
29492000,1.6202,0.544831,0.005673,0.000697,0.326899
29493000,1.6202,0.544831,0.005673,0.000697,0.326899
29494000,1.6202,0.544831,0.005673,0.000697,0.326899
29495000,1.6202,0.544831,0.005673,0.000697,0.326899
29496000,1.6202,0.544831,0.005673,0.000697,0.326899
29497000,1.6202,0.544831,0.005673,0.000697,0.326899
29498000,1.6202,0.544831,0.005673,0.000697,0.326899
29499000,1.6202,0.544831,0.005673,0.000697,0.326899
29500000,1.6202,0.544831,0.005673,0.000697,0.326899
29501000,1.6202,0.544831,0.005673,0.000697,0.326899
29502000,1.6202,0.544831,0.005673,0.000697,0.326899
29503000,1.6202,0.544831,0.005673,0.000697,0.326899
29504000,1.6202,0.544831,0.005673,0.000697,0.326899
29505000,1.6202,0.544831,0.005673,0.000697,0.326899
29506000,1.6202,0.544831,0.005673,0.000697,0.326899
29507000,1.6202,0.544831,0.005673,0.000697,0.326899
29508000,1.6202,0.544831,0.005673,0.000697,0.326899
29509000,1.6202,0.544831,0.005673,0.000697,0.326899
29510000,1.6202,0.544831,0.005673,0.000697,0.326899
29511000,1.6202,0.544831,0.005673,0.000697,0.326899
29512000,1.6202,0.544831,0.005673,0.000697,0.326899
29513000,1.6202,0.544831,0.005673,0.000697,0.326899
29514000,1.6202,0.544831,0.005673,0.000697,0.326899
29515000,1.6202,0.544831,0.005673,0.000697,0.326899
29516000,1.6202,0.544831,0.005673,0.000697,0.326899
29517000,1.6202,0.544831,0.005673,0.000697,0.326899
29518000,1.6202,0.544831,0.005673,0.000697,0.326899
29519000,1.6202,0.544831,0.005673,0.000697,0.326899
29520000,1.6202,0.544831,0.005673,0.000697,0.326899
29521000,1.6202,0.544831,0.005673,0.000697,0.326899
29522000,1.6202,0.544831,0.005673,0.000697,0.326899
29523000,1.6202,0.544831,0.005673,0.000697,0.326899
29524000,1.6202,0.544831,0.005673,0.000697,0.326899
29525000,1.6202,0.544831,0.005673,0.000697,0.326899
29526000,1.6202,0.544831,0.005673,0.000697,0.326899
29527000,1.6202,0.544831,0.005673,0.000697,0.326899
29528000,1.6202,0.544831,0.005673,0.000697,0.326899
29529000,1.6202,0.544831,0.005673,0.000697,0.326899
29530000,1.6202,0.544831,0.005673,0.000697,0.326899
29531000,1.6202,0.544831,0.005673,0.000697,0.326899
29532000,1.6202,0.544831,0.005673,0.000697,0.326899
29533000,1.6202,0.544831,0.005673,0.000697,0.326899
29534000,1.6202,0.544831,0.005673,0.000697,0.326899
29535000,1.6202,0.544831,0.005673,0.000697,0.326899
29536000,1.6202,0.544831,0.005673,0.000697,0.326899
29537000,1.6202,0.544831,0.005673,0.000697,0.326899
29538000,1.6202,0.544831,0.005673,0.000697,0.326899
29539000,1.6202,0.544831,0.005673,0.000697,0.326899
29540000,1.6202,0.544831,0.005673,0.000697,0.326899
29541000,1.6202,0.544831,0.005673,0.000697,0.326899
29542000,1.6202,0.544831,0.005673,0.000697,0.326899
29543000,1.6202,0.544831,0.005673,0.000697,0.326899
29544000,1.6202,0.544831,0.005673,0.000697,0.326899
29545000,1.6202,0.544831,0.005673,0.000697,0.326899
29546000,1.6202,0.544831,0.005673,0.000697,0.326899
29547000,1.6202,0.544831,0.005673,0.000697,0.326899
29548000,1.6202,0.544831,0.005673,0.000697,0.326899
29549000,1.6202,0.544831,0.005673,0.000697,0.326899
29550000,1.6202,0.544831,0.005673,0.000697,0.326899
29551000,1.6202,0.544831,0.005673,0.000697,0.326899
29552000,1.6202,0.544831,0.005673,0.000697,0.326899
29553000,1.6202,0.544831,0.005673,0.000697,0.326899
29554000,1.6202,0.544831,0.005673,0.000697,0.326899
29555000,1.6202,0.544831,0.005673,0.000697,0.326899
29556000,1.6202,0.544831,0.005673,0.000697,0.326899
29557000,1.6202,0.544831,0.005673,0.000697,0.326899
29558000,1.6202,0.544831,0.005673,0.000697,0.326899
29559000,1.6202,0.544831,0.005673,0.000697,0.326899
29560000,1.6202,0.544831,0.005673,0.000697,0.326899
29561000,1.6202,0.544831,0.005673,0.000697,0.326899
29562000,1.6202,0.544831,0.005673,0.000697,0.326899
29563000,1.6202,0.544831,0.005673,0.000697,0.326899
29564000,1.6202,0.544831,0.005673,0.000697,0.326899
29565000,1.6202,0.544831,0.005673,0.000697,0.326899
29566000,1.6202,0.544831,0.005673,0.000697,0.326899
29567000,1.6202,0.544831,0.005673,0.000697,0.326899
29568000,1.6202,0.544831,0.005673,0.000697,0.326899
29569000,1.6202,0.544831,0.005673,0.000697,0.326899
29570000,1.6202,0.544831,0.005673,0.000697,0.326899
29571000,1.6202,0.544831,0.005673,0.000697,0.326899
29572000,1.6202,0.544831,0.005673,0.000697,0.326899
29573000,1.6202,0.544831,0.005673,0.000697,0.326899
29574000,1.6202,0.544831,0.005673,0.000697,0.326899
29575000,1.6202,0.544831,0.005673,0.000697,0.326899
29576000,1.6202,0.544831,0.005673,0.000697,0.326899
29577000,1.6202,0.544831,0.005673,0.000697,0.326899
29578000,1.6202,0.544831,0.005673,0.000697,0.326899
29579000,1.6202,0.544831,0.005673,0.000697,0.326899
29580000,1.6202,0.544831,0.005673,0.000697,0.326899
29581000,1.6202,0.544831,0.005673,0.000697,0.326899
29582000,1.6202,0.544831,0.005673,0.000697,0.326899
29583000,1.6202,0.544831,0.005673,0.000697,0.326899
29584000,1.6202,0.544831,0.005673,0.000697,0.326899
29585000,1.6202,0.544831,0.005673,0.000697,0.326899
29586000,1.6202,0.544831,0.005673,0.000697,0.326899
29587000,1.6202,0.544831,0.005673,0.000697,0.326899
29588000,1.6202,0.544831,0.005673,0.000697,0.326899
29589000,1.6202,0.544831,0.005673,0.000697,0.326899
29590000,1.6202,0.544831,0.005673,0.000697,0.326899
29591000,1.6202,0.544831,0.005673,0.000697,0.326899
29592000,1.6202,0.544831,0.005673,0.000697,0.326899
29593000,1.6202,0.544831,0.005673,0.000697,0.326899
29594000,1.6202,0.544831,0.005673,0.000697,0.326899
29595000,1.6202,0.544831,0.005673,0.000697,0.326899
29596000,1.6202,0.544831,0.005673,0.000697,0.326899
29597000,1.6202,0.544831,0.005673,0.000697,0.326899
29598000,1.6202,0.544831,0.005673,0.000697,0.326899
29599000,1.6202,0.544831,0.005673,0.000697,0.326899
29600000,1.6202,0.544831,0.005673,0.000697,0.326899
29601000,1.6202,0.544831,0.005673,0.000697,0.326899
29602000,1.6202,0.544831,0.005673,0.000697,0.326899
29603000,1.6202,0.544831,0.005673,0.000697,0.326899
29604000,1.6202,0.544831,0.005673,0.000697,0.326899
29605000,1.6202,0.544831,0.005673,0.000697,0.326899
29606000,1.6202,0.544831,0.005673,0.000697,0.326899
29607000,1.6202,0.544831,0.005673,0.000697,0.326899
29608000,1.6202,0.544831,0.005673,0.000697,0.326899
29609000,1.6202,0.544831,0.005673,0.000697,0.326899
29610000,1.6202,0.544831,0.005673,0.000697,0.326899
29611000,1.6202,0.544831,0.005673,0.000697,0.326899
29612000,1.6202,0.544831,0.005673,0.000697,0.326899
29613000,1.6202,0.544831,0.005673,0.000697,0.326899
29614000,1.6202,0.544831,0.005673,0.000697,0.326899
29615000,1.6202,0.544831,0.005673,0.000697,0.326899
29616000,1.6202,0.544831,0.005673,0.000697,0.326899
29617000,1.6202,0.544831,0.005673,0.000697,0.326899
29618000,1.6202,0.544831,0.005673,0.000697,0.326899
29619000,1.6202,0.544831,0.005673,0.000697,0.326899
29620000,1.6202,0.544831,0.005673,0.000697,0.326899
29621000,1.6202,0.544831,0.005673,0.000697,0.326899
29622000,1.6202,0.544831,0.005673,0.000697,0.326899
29623000,1.6202,0.544831,0.005673,0.000697,0.326899
29624000,1.6202,0.544831,0.005673,0.000697,0.326899
29625000,1.6202,0.544831,0.005673,0.000697,0.326899
29626000,1.6202,0.544831,0.005673,0.000697,0.326899
29627000,1.6202,0.544831,0.005673,0.000697,0.326899
29628000,1.6202,0.544831,0.005673,0.000697,0.326899
29629000,1.6202,0.544831,0.005673,0.000697,0.326899
29630000,1.6202,0.544831,0.005673,0.000697,0.326899
29631000,1.6202,0.544831,0.005673,0.000697,0.326899
29632000,1.6202,0.544831,0.005673,0.000697,0.326899
29633000,1.6202,0.544831,0.005673,0.000697,0.326899
29634000,1.6202,0.544831,0.005673,0.000697,0.326899
29635000,1.6202,0.544831,0.005673,0.000697,0.326899
29636000,1.6202,0.544831,0.005673,0.000697,0.326899
29637000,1.6202,0.544831,0.005673,0.000697,0.326899
29638000,1.6202,0.544831,0.005673,0.000697,0.326899
29639000,1.6202,0.544831,0.005673,0.000697,0.326899
29640000,1.6202,0.544831,0.005673,0.000697,0.326899
29641000,1.6202,0.544831,0.005673,0.000697,0.326899
29642000,1.6202,0.544831,0.005673,0.000697,0.326899
29643000,1.6202,0.544831,0.005673,0.000697,0.326899
29644000,1.6202,0.544831,0.005673,0.000697,0.326899
29645000,1.6202,0.544831,0.005673,0.000697,0.326899
29646000,1.6202,0.544831,0.005673,0.000697,0.326899
29647000,1.6202,0.544831,0.005673,0.000697,0.326899
29648000,1.6202,0.544831,0.005673,0.000697,0.326899
29649000,1.6202,0.544831,0.005673,0.000697,0.326899
29650000,1.6202,0.544831,0.005673,0.000697,0.326899
29651000,1.6202,0.544831,0.005673,0.000697,0.326899
29652000,1.6202,0.544831,0.005673,0.000697,0.326899
29653000,1.6202,0.544831,0.005673,0.000697,0.326899
29654000,1.6202,0.544831,0.005673,0.000697,0.326899
29655000,1.6202,0.544831,0.005673,0.000697,0.326899
29656000,1.6202,0.544831,0.005673,0.000697,0.326899
29657000,1.6202,0.544831,0.005673,0.000697,0.326899
29658000,1.6202,0.544831,0.005673,0.000697,0.326899
29659000,1.6202,0.544831,0.005673,0.000697,0.326899
29660000,1.6202,0.544831,0.005673,0.000697,0.326899
29661000,1.6202,0.544831,0.005673,0.000697,0.326899
29662000,1.6202,0.544831,0.005673,0.000697,0.326899
29663000,1.6202,0.544831,0.005673,0.000697,0.326899
29664000,1.6202,0.544831,0.005673,0.000697,0.326899
29665000,1.6202,0.544831,0.005673,0.000697,0.326899
29666000,1.6202,0.544831,0.005673,0.000697,0.326899
29667000,1.6202,0.544831,0.005673,0.000697,0.326899
29668000,1.6202,0.544831,0.005673,0.000697,0.326899
29669000,1.6202,0.544831,0.005673,0.000697,0.326899
29670000,1.6202,0.544831,0.005673,0.000697,0.326899
29671000,1.6202,0.544831,0.005673,0.000697,0.326899
29672000,1.6202,0.544831,0.005673,0.000697,0.326899
29673000,1.6202,0.544831,0.005673,0.000697,0.326899
29674000,1.6202,0.544831,0.005673,0.000697,0.326899
29675000,1.6202,0.544831,0.005673,0.000697,0.326899
29676000,1.6202,0.544831,0.005673,0.000697,0.326899
29677000,1.6202,0.544831,0.005673,0.000697,0.326899
29678000,1.6202,0.544831,0.005673,0.000697,0.326899
29679000,1.6202,0.544831,0.005673,0.000697,0.326899
29680000,1.6202,0.544831,0.005673,0.000697,0.326899
29681000,1.6202,0.544831,0.005673,0.000697,0.326899
29682000,1.6202,0.544831,0.005673,0.000697,0.326899
29683000,1.6202,0.544831,0.005673,0.000697,0.326899
29684000,1.6202,0.544831,0.005673,0.000697,0.326899
29685000,1.6202,0.544831,0.005673,0.000697,0.326899
29686000,1.6202,0.544831,0.005673,0.000697,0.326899
29687000,1.6202,0.544831,0.005673,0.000697,0.326899
29688000,1.6202,0.544831,0.005673,0.000697,0.326899
29689000,1.6202,0.544831,0.005673,0.000697,0.326899
29690000,1.6202,0.544831,0.005673,0.000697,0.326899
29691000,1.6202,0.544831,0.005673,0.000697,0.326899
29692000,1.6202,0.544831,0.005673,0.000697,0.326899
29693000,1.6202,0.544831,0.005673,0.000697,0.326899
29694000,1.6202,0.544831,0.005673,0.000697,0.326899
29695000,1.6202,0.544831,0.005673,0.000697,0.326899
29696000,1.6202,0.544831,0.005673,0.000697,0.326899
29697000,1.6202,0.544831,0.005673,0.000697,0.326899
29698000,1.6202,0.544831,0.005673,0.000697,0.326899
29699000,1.6202,0.544831,0.005673,0.000697,0.326899
29700000,1.6202,0.544831,0.005673,0.000697,0.326899
29701000,1.6202,0.544831,0.005673,0.000697,0.326899
29702000,1.6202,0.544831,0.005673,0.000697,0.326899
29703000,1.6202,0.544831,0.005673,0.000697,0.326899
29704000,1.6202,0.544831,0.005673,0.000697,0.326899
29705000,1.6202,0.544831,0.005673,0.000697,0.326899
29706000,1.6202,0.544831,0.005673,0.000697,0.326899
29707000,1.6202,0.544831,0.005673,0.000697,0.326899
29708000,1.6202,0.544831,0.005673,0.000697,0.326899
29709000,1.6202,0.544831,0.005673,0.000697,0.326899
29710000,1.6202,0.544831,0.005673,0.000697,0.326899
29711000,1.6202,0.544831,0.005673,0.000697,0.326899
29712000,1.6202,0.544831,0.005673,0.000697,0.326899
29713000,1.6202,0.544831,0.005673,0.000697,0.326899
29714000,1.6202,0.544831,0.005673,0.000697,0.326899
29715000,1.6202,0.544831,0.005673,0.000697,0.326899
29716000,1.6202,0.544831,0.005673,0.000697,0.326899
29717000,1.6202,0.544831,0.005673,0.000697,0.326899
29718000,1.6202,0.544831,0.005673,0.000697,0.326899
29719000,1.6202,0.544831,0.005673,0.000697,0.326899
29720000,1.6202,0.544831,0.005673,0.000697,0.326899
29721000,1.6202,0.544831,0.005673,0.000697,0.326899
29722000,1.6202,0.544831,0.005673,0.000697,0.326899
29723000,1.6202,0.544831,0.005673,0.000697,0.326899
29724000,1.6202,0.544831,0.005673,0.000697,0.326899
29725000,1.6202,0.544831,0.005673,0.000697,0.326899
29726000,1.6202,0.544831,0.005673,0.000697,0.326899
29727000,1.6202,0.544831,0.005673,0.000697,0.326899
29728000,1.6202,0.544831,0.005673,0.000697,0.326899
29729000,1.6202,0.544831,0.005673,0.000697,0.326899
29730000,1.6202,0.544831,0.005673,0.000697,0.326899
29731000,1.6202,0.544831,0.005673,0.000697,0.326899
29732000,1.6202,0.544831,0.005673,0.000697,0.326899
29733000,1.6202,0.544831,0.005673,0.000697,0.326899
29734000,1.6202,0.544831,0.005673,0.000697,0.326899
29735000,1.6202,0.544831,0.005673,0.000697,0.326899
29736000,1.6202,0.544831,0.005673,0.000697,0.326899
29737000,1.6202,0.544831,0.005673,0.000697,0.326899
29738000,1.6202,0.544831,0.005673,0.000697,0.326899
29739000,1.6202,0.544831,0.005673,0.000697,0.326899
29740000,1.6202,0.544831,0.005673,0.000697,0.326899
29741000,1.6202,0.544831,0.005673,0.000697,0.326899
29742000,1.6202,0.544831,0.005673,0.000697,0.326899
29743000,1.6202,0.544831,0.005673,0.000697,0.326899
29744000,1.6202,0.544831,0.005673,0.000697,0.326899
29745000,1.6202,0.544831,0.005673,0.000697,0.326899
29746000,1.6202,0.544831,0.005673,0.000697,0.326899
29747000,1.6202,0.544831,0.005673,0.000697,0.326899
29748000,1.6202,0.544831,0.005673,0.000697,0.326899
29749000,1.6202,0.544831,0.005673,0.000697,0.326899
29750000,1.6202,0.544831,0.005673,0.000697,0.326899
29751000,1.6202,0.544831,0.005673,0.000697,0.326899
29752000,1.6202,0.544831,0.005673,0.000697,0.326899
29753000,1.6202,0.544831,0.005673,0.000697,0.326899
29754000,1.6202,0.544831,0.005673,0.000697,0.326899
29755000,1.6202,0.544831,0.005673,0.000697,0.326899
29756000,1.6202,0.544831,0.005673,0.000697,0.326899
29757000,1.6202,0.544831,0.005673,0.000697,0.326899
29758000,1.6202,0.544831,0.005673,0.000697,0.326899
29759000,1.6202,0.544831,0.005673,0.000697,0.326899
29760000,1.6202,0.544831,0.005673,0.000697,0.326899
29761000,1.6202,0.544831,0.005673,0.000697,0.326899
29762000,1.6202,0.544831,0.005673,0.000697,0.326899
29763000,1.6202,0.544831,0.005673,0.000697,0.326899
29764000,1.6202,0.544831,0.005673,0.000697,0.326899
29765000,1.6202,0.544831,0.005673,0.000697,0.326899
29766000,1.6202,0.544831,0.005673,0.000697,0.326899
29767000,1.6202,0.544831,0.005673,0.000697,0.326899
29768000,1.6202,0.544831,0.005673,0.000697,0.326899
29769000,1.6202,0.544831,0.005673,0.000697,0.326899
29770000,1.6202,0.544831,0.005673,0.000697,0.326899
29771000,1.6202,0.544831,0.005673,0.000697,0.326899
29772000,1.6202,0.544831,0.005673,0.000697,0.326899
29773000,1.6202,0.544831,0.005673,0.000697,0.326899
29774000,1.6202,0.544831,0.005673,0.000697,0.326899
29775000,1.6202,0.544831,0.005673,0.000697,0.326899
29776000,1.6202,0.544831,0.005673,0.000697,0.326899
29777000,1.6202,0.544831,0.005673,0.000697,0.326899
29778000,1.6202,0.544831,0.005673,0.000697,0.326899
29779000,1.6202,0.544831,0.005673,0.000697,0.326899
29780000,1.6202,0.544831,0.005673,0.000697,0.326899
29781000,1.6202,0.544831,0.005673,0.000697,0.326899
29782000,1.6202,0.544831,0.005673,0.000697,0.326899
29783000,1.6202,0.544831,0.005673,0.000697,0.326899
29784000,1.6202,0.544831,0.005673,0.000697,0.326899
29785000,1.6202,0.544831,0.005673,0.000697,0.326899
29786000,1.6202,0.544831,0.005673,0.000697,0.326899
29787000,1.6202,0.544831,0.005673,0.000697,0.326899
29788000,1.6202,0.544831,0.005673,0.000697,0.326899
29789000,1.6202,0.544831,0.005673,0.000697,0.326899
29790000,1.6202,0.544831,0.005673,0.000697,0.326899
29791000,1.6202,0.544831,0.005673,0.000697,0.326899
29792000,1.6202,0.544831,0.005673,0.000697,0.326899
29793000,1.6202,0.544831,0.005673,0.000697,0.326899
29794000,1.6202,0.544831,0.005673,0.000697,0.326899
29795000,1.6202,0.544831,0.005673,0.000697,0.326899
29796000,1.6202,0.544831,0.005673,0.000697,0.326899
29797000,1.6202,0.544831,0.005673,0.000697,0.326899
29798000,1.6202,0.544831,0.005673,0.000697,0.326899
29799000,1.6202,0.544831,0.005673,0.000697,0.326899
29800000,1.6202,0.544831,0.005673,0.000697,0.326899
29801000,1.6202,0.544831,0.005673,0.000697,0.326899
29802000,1.6202,0.544831,0.005673,0.000697,0.326899
29803000,1.6202,0.544831,0.005673,0.000697,0.326899
29804000,1.6202,0.544831,0.005673,0.000697,0.326899
29805000,1.6202,0.544831,0.005673,0.000697,0.326899
29806000,1.6202,0.544831,0.005673,0.000697,0.326899
29807000,1.6202,0.544831,0.005673,0.000697,0.326899
29808000,1.6202,0.544831,0.005673,0.000697,0.326899
29809000,1.6202,0.544831,0.005673,0.000697,0.326899
29810000,1.6202,0.544831,0.005673,0.000697,0.326899
29811000,1.6202,0.544831,0.005673,0.000697,0.326899
29812000,1.6202,0.544831,0.005673,0.000697,0.326899
29813000,1.6202,0.544831,0.005673,0.000697,0.326899
29814000,1.6202,0.544831,0.005673,0.000697,0.326899
29815000,1.6202,0.544831,0.005673,0.000697,0.326899
29816000,1.6202,0.544831,0.005673,0.000697,0.326899
29817000,1.6202,0.544831,0.005673,0.000697,0.326899
29818000,1.6202,0.544831,0.005673,0.000697,0.326899
29819000,1.6202,0.544831,0.005673,0.000697,0.326899
29820000,1.6202,0.544831,0.005673,0.000697,0.326899
29821000,1.6202,0.544831,0.005673,0.000697,0.326899
29822000,1.6202,0.544831,0.005673,0.000697,0.326899
29823000,1.6202,0.544831,0.005673,0.000697,0.326899
29824000,1.6202,0.544831,0.005673,0.000697,0.326899
29825000,1.6202,0.544831,0.005673,0.000697,0.326899
29826000,1.6202,0.544831,0.005673,0.000697,0.326899
29827000,1.6202,0.544831,0.005673,0.000697,0.326899
29828000,1.6202,0.544831,0.005673,0.000697,0.326899
29829000,1.6202,0.544831,0.005673,0.000697,0.326899
29830000,1.6202,0.544831,0.005673,0.000697,0.326899
29831000,1.6202,0.544831,0.005673,0.000697,0.326899
29832000,1.6202,0.544831,0.005673,0.000697,0.326899
29833000,1.6202,0.544831,0.005673,0.000697,0.326899
29834000,1.6202,0.544831,0.005673,0.000697,0.326899
29835000,1.6202,0.544831,0.005673,0.000697,0.326899
29836000,1.6202,0.544831,0.005673,0.000697,0.326899
29837000,1.6202,0.544831,0.005673,0.000697,0.326899
29838000,1.6202,0.544831,0.005673,0.000697,0.326899
29839000,1.6202,0.544831,0.005673,0.000697,0.326899
29840000,1.6202,0.544831,0.005673,0.000697,0.326899
29841000,1.6202,0.544831,0.005673,0.000697,0.326899
29842000,1.6202,0.544831,0.005673,0.000697,0.326899
29843000,1.6202,0.544831,0.005673,0.000697,0.326899
29844000,1.6202,0.544831,0.005673,0.000697,0.326899
29845000,1.6202,0.544831,0.005673,0.000697,0.326899
29846000,1.6202,0.544831,0.005673,0.000697,0.326899
29847000,1.6202,0.544831,0.005673,0.000697,0.326899
29848000,1.6202,0.544831,0.005673,0.000697,0.326899
29849000,1.6202,0.544831,0.005673,0.000697,0.326899
29850000,1.6202,0.544831,0.005673,0.000697,0.326899
29851000,1.6202,0.544831,0.005673,0.000697,0.326899
29852000,1.6202,0.544831,0.005673,0.000697,0.326899
29853000,1.6202,0.544831,0.005673,0.000697,0.326899
29854000,1.6202,0.544831,0.005673,0.000697,0.326899
29855000,1.6202,0.544831,0.005673,0.000697,0.326899
29856000,1.6202,0.544831,0.005673,0.000697,0.326899
29857000,1.6202,0.544831,0.005673,0.000697,0.326899
29858000,1.6202,0.544831,0.005673,0.000697,0.326899
29859000,1.6202,0.544831,0.005673,0.000697,0.326899
29860000,1.6202,0.544831,0.005673,0.000697,0.326899
29861000,1.6202,0.544831,0.005673,0.000697,0.326899
29862000,1.6202,0.544831,0.005673,0.000697,0.326899
29863000,1.6202,0.544831,0.005673,0.000697,0.326899
29864000,1.6202,0.544831,0.005673,0.000697,0.326899
29865000,1.6202,0.544831,0.005673,0.000697,0.326899
29866000,1.6202,0.544831,0.005673,0.000697,0.326899
29867000,1.6202,0.544831,0.005673,0.000697,0.326899
29868000,1.6202,0.544831,0.005673,0.000697,0.326899
29869000,1.6202,0.544831,0.005673,0.000697,0.326899
29870000,1.6202,0.544831,0.005673,0.000697,0.326899
29871000,1.6202,0.544831,0.005673,0.000697,0.326899
29872000,1.6202,0.544831,0.005673,0.000697,0.326899
29873000,1.6202,0.544831,0.005673,0.000697,0.326899
29874000,1.6202,0.544831,0.005673,0.000697,0.326899
29875000,1.6202,0.544831,0.005673,0.000697,0.326899
29876000,1.6202,0.544831,0.005673,0.000697,0.326899
29877000,1.6202,0.544831,0.005673,0.000697,0.326899
29878000,1.6202,0.544831,0.005673,0.000697,0.326899
29879000,1.6202,0.544831,0.005673,0.000697,0.326899
29880000,1.6202,0.544831,0.005673,0.000697,0.326899
29881000,1.6202,0.544831,0.005673,0.000697,0.326899
29882000,1.6202,0.544831,0.005673,0.000697,0.326899
29883000,1.6202,0.544831,0.005673,0.000697,0.326899
29884000,1.6202,0.544831,0.005673,0.000697,0.326899
29885000,1.6202,0.544831,0.005673,0.000697,0.326899
29886000,1.6202,0.544831,0.005673,0.000697,0.326899
29887000,1.6202,0.544831,0.005673,0.000697,0.326899
29888000,1.6202,0.544831,0.005673,0.000697,0.326899
29889000,1.6202,0.544831,0.005673,0.000697,0.326899
29890000,1.6202,0.544831,0.005673,0.000697,0.326899
29891000,1.6202,0.544831,0.005673,0.000697,0.326899
29892000,1.6202,0.544831,0.005673,0.000697,0.326899
29893000,1.6202,0.544831,0.005673,0.000697,0.326899
29894000,1.6202,0.544831,0.005673,0.000697,0.326899
29895000,1.6202,0.544831,0.005673,0.000697,0.326899
29896000,1.6202,0.544831,0.005673,0.000697,0.326899
29897000,1.6202,0.544831,0.005673,0.000697,0.326899
29898000,1.6202,0.544831,0.005673,0.000697,0.326899
29899000,1.6202,0.544831,0.005673,0.000697,0.326899
29900000,1.6202,0.544831,0.005673,0.000697,0.326899
29901000,1.6202,0.544831,0.005673,0.000697,0.326899
29902000,1.6202,0.544831,0.005673,0.000697,0.326899
29903000,1.6202,0.544831,0.005673,0.000697,0.326899
29904000,1.6202,0.544831,0.005673,0.000697,0.326899
29905000,1.6202,0.544831,0.005673,0.000697,0.326899
29906000,1.6202,0.544831,0.005673,0.000697,0.326899
29907000,1.6202,0.544831,0.005673,0.000697,0.326899
29908000,1.6202,0.544831,0.005673,0.000697,0.326899
29909000,1.6202,0.544831,0.005673,0.000697,0.326899
29910000,1.6202,0.544831,0.005673,0.000697,0.326899
29911000,1.6202,0.544831,0.005673,0.000697,0.326899
29912000,1.6202,0.544831,0.005673,0.000697,0.326899
29913000,1.6202,0.544831,0.005673,0.000697,0.326899
29914000,1.6202,0.544831,0.005673,0.000697,0.326899
29915000,1.6202,0.544831,0.005673,0.000697,0.326899
29916000,1.6202,0.544831,0.005673,0.000697,0.326899
29917000,1.6202,0.544831,0.005673,0.000697,0.326899
29918000,1.6202,0.544831,0.005673,0.000697,0.326899
29919000,1.6202,0.544831,0.005673,0.000697,0.326899
29920000,1.6202,0.544831,0.005673,0.000697,0.326899
29921000,1.6202,0.544831,0.005673,0.000697,0.326899
29922000,1.6202,0.544831,0.005673,0.000697,0.326899
29923000,1.6202,0.544831,0.005673,0.000697,0.326899
29924000,1.6202,0.544831,0.005673,0.000697,0.326899
29925000,1.6202,0.544831,0.005673,0.000697,0.326899
29926000,1.6202,0.544831,0.005673,0.000697,0.326899
29927000,1.6202,0.544831,0.005673,0.000697,0.326899
29928000,1.6202,0.544831,0.005673,0.000697,0.326899
29929000,1.6202,0.544831,0.005673,0.000697,0.326899
29930000,1.6202,0.544831,0.005673,0.000697,0.326899
29931000,1.6202,0.544831,0.005673,0.000697,0.326899
29932000,1.6202,0.544831,0.005673,0.000697,0.326899
29933000,1.6202,0.544831,0.005673,0.000697,0.326899
29934000,1.6202,0.544831,0.005673,0.000697,0.326899
29935000,1.6202,0.544831,0.005673,0.000697,0.326899
29936000,1.6202,0.544831,0.005673,0.000697,0.326899
29937000,1.6202,0.544831,0.005673,0.000697,0.326899
29938000,1.6202,0.544831,0.005673,0.000697,0.326899
29939000,1.6202,0.544831,0.005673,0.000697,0.326899
29940000,1.6202,0.544831,0.005673,0.000697,0.326899
29941000,1.6202,0.544831,0.005673,0.000697,0.326899
29942000,1.6202,0.544831,0.005673,0.000697,0.326899
29943000,1.6202,0.544831,0.005673,0.000697,0.326899
29944000,1.6202,0.544831,0.005673,0.000697,0.326899
29945000,1.6202,0.544831,0.005673,0.000697,0.326899
29946000,1.6202,0.544831,0.005673,0.000697,0.326899
29947000,1.6202,0.544831,0.005673,0.000697,0.326899
29948000,1.6202,0.544831,0.005673,0.000697,0.326899
29949000,1.6202,0.544831,0.005673,0.000697,0.326899
29950000,1.6202,0.544831,0.005673,0.000697,0.326899
29951000,1.6202,0.544831,0.005673,0.000697,0.326899
29952000,1.6202,0.544831,0.005673,0.000697,0.326899
29953000,1.6202,0.544831,0.005673,0.000697,0.326899
29954000,1.6202,0.544831,0.005673,0.000697,0.326899
29955000,1.6202,0.544831,0.005673,0.000697,0.326899
29956000,1.6202,0.544831,0.005673,0.000697,0.326899
29957000,1.6202,0.544831,0.005673,0.000697,0.326899
29958000,1.6202,0.544831,0.005673,0.000697,0.326899
29959000,1.6202,0.544831,0.005673,0.000697,0.326899
29960000,1.6202,0.544831,0.005673,0.000697,0.326899
29961000,1.6202,0.544831,0.005673,0.000697,0.326899
29962000,1.6202,0.544831,0.005673,0.000697,0.326899
29963000,1.6202,0.544831,0.005673,0.000697,0.326899
29964000,1.6202,0.544831,0.005673,0.000697,0.326899
29965000,1.6202,0.544831,0.005673,0.000697,0.326899
29966000,1.6202,0.544831,0.005673,0.000697,0.326899
29967000,1.6202,0.544831,0.005673,0.000697,0.326899
29968000,1.6202,0.544831,0.005673,0.000697,0.326899
29969000,1.6202,0.544831,0.005673,0.000697,0.326899
29970000,1.6202,0.544831,0.005673,0.000697,0.326899
29971000,1.6202,0.544831,0.005673,0.000697,0.326899
29972000,1.6202,0.544831,0.005673,0.000697,0.326899
29973000,1.6202,0.544831,0.005673,0.000697,0.326899
29974000,1.6202,0.544831,0.005673,0.000697,0.326899
29975000,1.6202,0.544831,0.005673,0.000697,0.326899
29976000,1.6202,0.544831,0.005673,0.000697,0.326899
29977000,1.6202,0.544831,0.005673,0.000697,0.326899
29978000,1.6202,0.544831,0.005673,0.000697,0.326899
29979000,1.6202,0.544831,0.005673,0.000697,0.326899
29980000,1.6202,0.544831,0.005673,0.000697,0.326899
29981000,1.6202,0.544831,0.005673,0.000697,0.326899
29982000,1.6202,0.544831,0.005673,0.000697,0.326899
29983000,1.6202,0.544831,0.005673,0.000697,0.326899
29984000,1.6202,0.544831,0.005673,0.000697,0.326899
29985000,1.6202,0.544831,0.005673,0.000697,0.326899
29986000,1.6202,0.544831,0.005673,0.000697,0.326899
29987000,1.6202,0.544831,0.005673,0.000697,0.326899
29988000,1.6202,0.544831,0.005673,0.000697,0.326899
29989000,1.6202,0.544831,0.005673,0.000697,0.326899
29990000,1.6202,0.544831,0.005673,0.000697,0.326899
29991000,1.6202,0.544831,0.005673,0.000697,0.326899
29992000,1.6202,0.544831,0.005673,0.000697,0.326899
29993000,1.6202,0.544831,0.005673,0.000697,0.326899
29994000,1.6202,0.544831,0.005673,0.000697,0.326899
29995000,1.6202,0.544831,0.005673,0.000697,0.326899
29996000,1.6202,0.544831,0.005673,0.000697,0.326899
29997000,1.6202,0.544831,0.005673,0.000697,0.326899
29998000,1.6202,0.544831,0.005673,0.000697,0.326899
29999000,1.6202,0.544831,0.005673,0.000697,0.326899
