11000000,0,1
11000100,0,0
11000200,0,0
11000300,0,0
11000400,0,0
11000500,0,0
11000600,0,1
11000700,0,0
11000800,0,0
11000900,0,0
11001000,0,0
11001100,0,0
11001200,0,0
11001300,0,0
11001400,0,0
11001500,0,0
11001600,0,0
11001700,0,0
11001800,0,0
11001900,0,0
11002000,0,0
11002100,0,0
11002200,0,0
11002300,0,0
11002400,0,0
11002500,0,0
11002600,0,0
11002700,0,0
11002800,1,0
11002900,0,0
11003000,0,0
11003100,0,0
11003200,0,0
11003300,0,0
11003400,0,0
11003500,1,0
11003600,0,0
11003700,0,0
11003800,0,0
11003900,0,0
11004000,0,0
11004100,0,0
11004200,0,0
11004300,0,0
11004400,0,0
11004500,0,0
11004600,0,0
11004700,0,0
11004800,0,0
11004900,0,0
11005000,0,0
11005100,0,0
11005200,0,0
11005300,0,0
11005400,1,0
11005500,0,0
11005600,0,0
11005700,0,0
11005800,0,0
11005900,0,0
11006000,0,0
11006100,0,0
11006200,0,0
11006300,0,0
11006400,0,0
11006500,1,0
11006600,0,0
11006700,0,0
11006800,0,0
11006900,0,0
11007000,0,0
11007100,0,0
11007200,0,0
11007300,0,0
11007400,0,0
11007500,0,0
11007600,0,0
11007700,1,0
11007800,0,0
11007900,0,0
11008000,0,0
11008100,0,0
11008200,0,0
11008300,0,0
11008400,0,0
11008500,0,0
11008600,0,0
11008700,0,0
11008800,0,0
11008900,0,0
11009000,0,0
11009100,0,0
11009200,1,0
11009300,0,0
11009400,0,0
11009500,0,0
11009600,0,0
11009700,0,0
11009800,0,0
11009900,0,0
11010000,0,0
11010100,0,0
11010200,0,0
11010300,0,1
11010400,0,0
11010500,0,0
11010600,0,0
11010700,0,0
11010800,0,0
11010900,0,0
11011000,0,0
11011100,0,0
11011200,0,0
11011300,0,0
11011400,0,0
11011500,0,0
11011600,0,0
11011700,0,0
11011800,0,0
11011900,0,1
11012000,0,0
11012100,0,0
11012200,0,0
11012300,0,0
11012400,0,0
11012500,0,0
11012600,0,0
11012700,0,0
11012800,1,0
11012900,0,0
11013000,0,0
11013100,0,0
11013200,0,0
11013300,0,0
11013400,0,0
11013500,0,0
11013600,0,0
11013700,0,0
11013800,0,0
11013900,0,0
11014000,0,0
11014100,0,0
11014200,0,0
11014300,0,0
11014400,0,0
11014500,0,0
11014600,0,0
11014700,0,0
11014800,0,0
11014900,0,0
11015000,2,0
11015100,0,0
11015200,0,0
11015300,0,1
11015400,0,0
11015500,0,0
11015600,0,0
11015700,0,0
11015800,0,0
11015900,0,0
11016000,0,0
11016100,0,0
11016200,0,0
11016300,0,0
11016400,0,0
11016500,0,0
11016600,0,0
11016700,0,0
11016800,0,0
11016900,0,0
11017000,0,0
11017100,0,0
11017200,1,0
11017300,1,0
11017400,0,0
11017500,0,0
11017600,0,0
11017700,0,0
11017800,0,0
11017900,1,0
11018000,0,0
11018100,0,0
11018200,0,0
11018300,0,0
11018400,0,0
11018500,0,0
11018600,0,0
11018700,0,0
11018800,0,0
11018900,0,0
11019000,0,0
11019100,0,0
11019200,0,0
11019300,0,0
11019400,0,0
11019500,0,0
11019600,1,0
11019700,0,0
11019800,0,0
11019900,0,0
11020000,0,0
11020100,0,0
11020200,0,0
11020300,0,0
11020400,0,0
11020500,0,0
11020600,0,0
11020700,1,0
11020800,0,0
11020900,0,0
11021000,0,0
11021100,0,0
11021200,0,0
11021300,0,0
11021400,0,0
11021500,0,0
11021600,0,0
11021700,0,0
11021800,0,0
11021900,1,0
11022000,0,0
11022100,0,0
11022200,0,0
11022300,0,0
11022400,0,0
11022500,0,0
11022600,0,0
11022700,0,0
11022800,0,0
11022900,0,0
11023000,0,0
11023100,0,0
11023200,0,0
11023300,0,0
11023400,0,0
11023500,0,0
11023600,0,0
11023700,0,0
11023800,0,0
11023900,0,0
11024000,0,0
11024100,0,0
11024200,0,0
11024300,0,0
11024400,0,0
11024500,0,0
11024600,0,0
11024700,0,1
11024800,0,0
11024900,0,0
11025000,0,0
11025100,0,0
11025200,0,0
11025300,0,0
11025400,0,0
11025500,0,0
11025600,0,0
11025700,0,0
11025800,0,0
11025900,0,0
11026000,0,0
11026100,0,0
11026200,0,0
11026300,0,0
11026400,0,0
11026500,0,0
11026600,0,0
11026700,0,0
11026800,0,0
11026900,1,0
11027000,0,0
11027100,0,0
11027200,0,0
11027300,0,0
11027400,0,0
11027500,0,0
11027600,0,0
11027700,0,0
11027800,0,0
11027900,0,0
11028000,0,0
11028100,0,0
11028200,0,0
11028300,0,0
11028400,0,0
11028500,0,0
11028600,0,0
11028700,0,0
11028800,0,0
11028900,0,0
11029000,1,0
11029100,0,0
11029200,0,0
11029300,0,0
11029400,0,0
11029500,0,0
11029600,0,0
11029700,0,0
11029800,0,0
11029900,0,0
11030000,0,0
11030100,0,0
11030200,0,0
11030300,0,0
11030400,0,0
11030500,0,0
11030600,0,0
11030700,0,0
11030800,0,0
11030900,0,0
11031000,0,0
11031100,0,0
11031200,1,0
11031300,0,0
11031400,0,0
11031500,0,0
11031600,0,0
11031700,0,0
11031800,0,0
11031900,0,0
11032000,0,0
11032100,0,0
11032200,0,0
11032300,0,0
11032400,0,0
11032500,0,0
11032600,0,0
11032700,0,0
11032800,0,0
11032900,0,0
11033000,0,0
11033100,0,0
11033200,0,0
11033300,0,0
11033400,0,0
11033500,0,0
11033600,0,0
11033700,0,0
11033800,0,0
11033900,0,0
11034000,0,0
11034100,0,0
11034200,0,0
11034300,0,0
11034400,0,0
11034500,0,0
11034600,0,0
11034700,0,0
11034800,0,0
11034900,0,0
11035000,0,0
11035100,0,0
11035200,0,0
11035300,0,0
11035400,0,0
11035500,0,0
11035600,0,0
11035700,0,0
11035800,0,0
11035900,0,0
11036000,0,0
11036100,0,0
11036200,0,0
11036300,0,0
11036400,0,0
11036500,0,0
11036600,0,0
11036700,0,0
11036800,0,0
11036900,0,0
11037000,0,0
11037100,0,0
11037200,0,0
11037300,0,0
11037400,0,0
11037500,0,0
11037600,0,0
11037700,0,0
11037800,0,0
11037900,0,0
11038000,0,0
11038100,0,0
11038200,0,0
11038300,0,0
11038400,0,0
11038500,0,0
11038600,0,0
11038700,0,0
11038800,0,0
11038900,0,0
11039000,0,0
11039100,0,0
11039200,0,0
11039300,0,0
11039400,0,0
11039500,0,0
11039600,0,0
11039700,0,0
11039800,0,0
11039900,0,0
11040000,0,0
11040100,0,0
11040200,0,0
11040300,0,0
11040400,0,0
11040500,0,0
11040600,0,0
11040700,0,0
11040800,0,0
11040900,0,0
11041000,0,0
11041100,0,0
11041200,0,0
11041300,0,0
11041400,0,0
11041500,0,0
11041600,0,0
11041700,0,0
11041800,0,0
11041900,0,0
11042000,0,0
11042100,0,0
11042200,0,0
11042300,0,0
11042400,0,0
11042500,0,0
11042600,0,0
11042700,0,0
11042800,0,0
11042900,0,0
11043000,0,0
11043100,0,0
11043200,0,0
11043300,0,0
11043400,0,0
11043500,0,0
11043600,0,0
11043700,0,0
11043800,0,0
11043900,0,0
11044000,0,0
11044100,0,0
11044200,0,0
11044300,0,0
11044400,0,0
11044500,0,0
11044600,0,0
11044700,0,0
11044800,0,0
11044900,0,0
11045000,0,0
11045100,0,0
11045200,0,0
11045300,0,0
11045400,0,0
11045500,0,0
11045600,0,0
11045700,0,0
11045800,0,0
11045900,0,0
11046000,0,0
11046100,0,0
11046200,0,0
11046300,0,0
11046400,0,0
11046500,0,0
11046600,0,0
11046700,0,0
11046800,0,0
11046900,0,0
11047000,0,0
11047100,0,0
11047200,0,0
11047300,0,0
11047400,0,0
11047500,0,0
11047600,0,0
11047700,0,0
11047800,0,0
11047900,0,0
11048000,0,0
11048100,0,0
11048200,0,0
11048300,0,0
11048400,0,0
11048500,0,0
11048600,0,0
11048700,0,0
11048800,0,0
11048900,0,0
11049000,0,0
11049100,0,0
11049200,0,0
11049300,0,0
11049400,0,0
11049500,0,0
11049600,0,0
11049700,0,0
11049800,0,0
11049900,0,0
11050000,0,0
11050100,0,0
11050200,0,0
11050300,0,0
11050400,0,0
11050500,0,0
11050600,0,0
11050700,0,0
11050800,0,0
11050900,0,0
11051000,0,0
11051100,0,0
11051200,0,0
11051300,0,0
11051400,1,0
11051500,0,0
11051600,0,0
11051700,0,0
11051800,0,0
11051900,0,0
11052000,0,0
11052100,0,0
11052200,0,0
11052300,0,0
11052400,0,0
11052500,0,0
11052600,0,0
11052700,0,0
11052800,0,0
11052900,0,0
11053000,0,0
11053100,0,0
11053200,0,0
11053300,0,0
11053400,0,0
11053500,0,0
11053600,0,0
11053700,0,0
11053800,1,0
11053900,0,0
11054000,0,0
11054100,0,0
11054200,0,0
11054300,0,0
11054400,0,0
11054500,0,0
11054600,0,0
11054700,0,0
11054800,0,0
11054900,0,0
11055000,0,0
11055100,0,0
11055200,0,0
11055300,0,0
11055400,0,0
11055500,0,0
11055600,0,0
11055700,0,0
11055800,0,0
11055900,0,0
11056000,0,0
11056100,0,0
11056200,0,0
11056300,0,0
11056400,0,0
11056500,0,0
11056600,0,0
11056700,1,0
11056800,0,0
11056900,0,0
11057000,0,0
11057100,0,0
11057200,0,0
11057300,0,0
11057400,0,0
11057500,0,0
11057600,0,0
11057700,0,0
11057800,0,0
11057900,0,0
11058000,0,0
11058100,0,0
11058200,0,0
11058300,0,0
11058400,0,0
11058500,0,0
11058600,0,0
11058700,0,0
11058800,0,0
11058900,0,0
11059000,0,0
11059100,0,0
11059200,0,0
11059300,0,0
11059400,0,0
11059500,0,0
11059600,0,0
11059700,0,0
11059800,1,0
11059900,0,0
11060000,0,0
11060100,0,0
11060200,0,0
11060300,0,0
11060400,0,0
11060500,0,0
11060600,0,0
11060700,0,0
11060800,0,0
11060900,0,0
11061000,0,0
11061100,0,0
11061200,0,0
11061300,0,0
11061400,0,0
11061500,0,0
11061600,0,0
11061700,0,0
11061800,0,0
11061900,0,0
11062000,0,0
11062100,0,0
11062200,0,0
11062300,0,0
11062400,0,0
11062500,0,0
11062600,0,0
11062700,0,0
11062800,0,0
11062900,1,0
11063000,0,0
11063100,0,0
11063200,0,0
11063300,0,0
11063400,0,0
11063500,0,0
11063600,0,0
11063700,0,0
11063800,0,0
11063900,0,0
11064000,0,0
11064100,0,0
11064200,0,0
11064300,0,0
11064400,0,0
11064500,0,0
11064600,0,0
11064700,0,0
11064800,0,0
11064900,0,0
11065000,0,0
11065100,0,0
11065200,0,0
11065300,0,0
11065400,0,0
11065500,0,0
11065600,0,0
11065700,0,0
11065800,0,0
11065900,1,0
11066000,0,0
11066100,0,0
11066200,0,0
11066300,0,0
11066400,0,0
11066500,0,0
11066600,0,0
11066700,0,0
11066800,0,0
11066900,0,0
11067000,0,0
11067100,0,0
11067200,0,0
11067300,0,0
11067400,0,0
11067500,0,0
11067600,0,0
11067700,0,0
11067800,0,0
11067900,0,0
11068000,0,0
11068100,0,0
11068200,0,0
11068300,0,0
11068400,1,0
11068500,0,0
11068600,0,0
11068700,0,0
11068800,0,0
11068900,0,0
11069000,0,0
11069100,0,0
11069200,0,0
11069300,0,0
11069400,0,0
11069500,0,0
11069600,0,0
11069700,0,0
11069800,0,0
11069900,0,0
11070000,0,0
11070100,0,0
11070200,0,0
11070300,0,0
11070400,0,0
11070500,0,0
11070600,0,0
11070700,0,0
11070800,0,0
11070900,0,0
11071000,0,0
11071100,0,0
11071200,0,0
11071300,1,0
11071400,0,0
11071500,0,0
11071600,0,0
11071700,0,0
11071800,0,0
11071900,0,0
11072000,0,0
11072100,0,0
11072200,0,0
11072300,0,0
11072400,0,0
11072500,0,0
11072600,0,0
11072700,0,0
11072800,0,0
11072900,0,0
11073000,0,0
11073100,0,0
11073200,0,0
11073300,0,0
11073400,0,0
11073500,0,0
11073600,0,0
11073700,0,0
11073800,0,0
11073900,0,0
11074000,0,0
11074100,0,0
11074200,0,0
11074300,0,0
11074400,0,0
11074500,0,0
11074600,0,0
11074700,0,1
11074800,0,0
11074900,0,0
11075000,0,0
11075100,0,0
11075200,0,0
11075300,0,0
11075400,0,0
11075500,0,0
11075600,0,0
11075700,0,0
11075800,0,0
11075900,0,0
11076000,0,0
11076100,0,0
11076200,0,0
11076300,0,0
11076400,0,0
11076500,0,0
11076600,0,0
11076700,0,0
11076800,0,0
11076900,0,0
11077000,0,0
11077100,0,0
11077200,0,0
11077300,0,0
11077400,0,0
11077500,0,0
11077600,0,0
11077700,0,0
11077800,0,0
11077900,1,0
11078000,0,0
11078100,0,0
11078200,0,0
11078300,0,0
11078400,0,0
11078500,0,0
11078600,0,0
11078700,0,0
11078800,0,0
11078900,0,0
11079000,0,0
11079100,0,0
11079200,0,0
11079300,0,0
11079400,0,0
11079500,0,0
11079600,0,0
11079700,0,0
11079800,0,0
11079900,0,0
11080000,0,0
11080100,0,0
11080200,0,0
11080300,0,0
11080400,0,0
11080500,0,0
11080600,0,0
11080700,0,0
11080800,0,0
11080900,0,0
11081000,1,0
11081100,0,0
11081200,0,0
11081300,0,0
11081400,0,0
11081500,0,0
11081600,0,0
11081700,0,0
11081800,0,0
11081900,0,0
11082000,0,0
11082100,0,0
11082200,0,0
11082300,0,0
11082400,0,0
11082500,0,0
11082600,0,0
11082700,0,0
11082800,0,0
11082900,0,0
11083000,0,0
11083100,0,0
11083200,0,0
11083300,0,0
11083400,0,0
11083500,0,0
11083600,0,0
11083700,0,0
11083800,0,0
11083900,0,0
11084000,1,0
11084100,0,0
11084200,0,0
11084300,0,0
11084400,0,0
11084500,0,0
11084600,0,0
11084700,0,0
11084800,0,0
11084900,0,0
11085000,0,0
11085100,0,0
11085200,0,0
11085300,0,0
11085400,0,0
11085500,0,0
11085600,0,0
11085700,0,0
11085800,0,0
11085900,0,0
11086000,0,0
11086100,0,0
11086200,0,0
11086300,0,0
11086400,0,0
11086500,0,0
11086600,0,0
11086700,0,0
11086800,0,0
11086900,0,0
11087000,0,0
11087100,0,1
11087200,0,0
11087300,0,0
11087400,0,0
11087500,0,0
11087600,0,0
11087700,0,0
11087800,0,0
11087900,0,0
11088000,0,0
11088100,0,0
11088200,0,0
11088300,0,0
11088400,0,0
11088500,0,0
11088600,0,0
11088700,0,0
11088800,0,0
11088900,0,0
11089000,0,0
11089100,0,0
11089200,0,0
11089300,0,0
11089400,0,0
11089500,0,0
11089600,0,0
11089700,0,0
11089800,0,0
11089900,0,0
11090000,0,0
11090100,0,0
11090200,1,0
11090300,0,0
11090400,0,0
11090500,0,0
11090600,0,0
11090700,0,0
11090800,0,0
11090900,0,0
11091000,0,0
11091100,0,0
11091200,0,0
11091300,0,0
11091400,0,0
11091500,0,0
11091600,0,0
11091700,0,0
11091800,0,0
11091900,0,0
11092000,0,0
11092100,0,0
11092200,0,0
11092300,0,0
11092400,0,0
11092500,0,0
11092600,0,0
11092700,0,0
11092800,0,0
11092900,0,0
11093000,0,0
11093100,0,0
11093200,0,0
11093300,1,0
11093400,0,0
11093500,0,0
11093600,0,0
11093700,0,0
11093800,0,0
11093900,0,0
11094000,0,0
11094100,0,0
11094200,0,0
11094300,0,0
11094400,0,0
11094500,0,0
11094600,0,0
11094700,0,0
11094800,0,0
11094900,0,0
11095000,0,0
11095100,0,0
11095200,0,0
11095300,0,0
11095400,0,0
11095500,0,0
11095600,0,0
11095700,0,0
11095800,0,0
11095900,0,0
11096000,0,0
11096100,0,0
11096200,0,0
11096300,0,0
11096400,1,0
11096500,0,0
11096600,0,0
11096700,0,0
11096800,0,0
11096900,0,0
11097000,0,0
11097100,0,0
11097200,0,0
11097300,0,0
11097400,0,0
11097500,0,0
11097600,0,0
11097700,0,0
11097800,0,0
11097900,0,0
11098000,0,0
11098100,0,0
11098200,0,0
11098300,0,0
11098400,0,0
11098500,0,0
11098600,0,0
11098700,0,0
11098800,0,0
11098900,0,0
11099000,0,0
11099100,0,0
11099200,0,0
11099300,0,0
11099400,0,0
11099500,0,0
11099600,0,0
11099700,0,0
11099800,0,0
11099900,0,0
11100000,0,0
11100100,0,0
11100200,0,0
11100300,0,0
11100400,0,0
11100500,0,0
11100600,0,0
11100700,0,0
11100800,0,0
11100900,0,0
11101000,0,0
11101100,0,0
11101200,0,0
11101300,0,0
11101400,0,0
11101500,0,0
11101600,0,0
11101700,0,0
11101800,0,0
11101900,0,0
11102000,0,0
11102100,0,0
11102200,0,0
11102300,0,0
11102400,0,0
11102500,0,0
11102600,0,0
11102700,0,0
11102800,0,0
11102900,0,0
11103000,0,0
11103100,0,0
11103200,0,0
11103300,0,0
11103400,0,0
11103500,0,0
11103600,0,0
11103700,0,0
11103800,0,0
11103900,0,0
11104000,0,0
11104100,0,0
11104200,0,0
11104300,0,1
11104400,0,0
11104500,0,0
11104600,0,0
11104700,0,0
11104800,0,0
11104900,0,0
11105000,0,0
11105100,0,0
11105200,0,0
11105300,0,0
11105400,0,0
11105500,0,0
11105600,0,0
11105700,0,0
11105800,0,0
11105900,0,0
11106000,0,0
11106100,0,0
11106200,0,0
11106300,0,0
11106400,0,0
11106500,0,0
11106600,0,0
11106700,0,0
11106800,0,0
11106900,0,0
11107000,0,0
11107100,0,1
11107200,1,0
11107300,0,0
11107400,0,0
11107500,0,0
11107600,0,0
11107700,0,0
11107800,0,0
11107900,0,0
11108000,0,0
11108100,0,0
11108200,0,0
11108300,0,0
11108400,0,0
11108500,0,0
11108600,0,0
11108700,0,0
11108800,0,0
11108900,0,0
11109000,0,0
11109100,1,0
11109200,0,0
11109300,0,0
11109400,0,0
11109500,0,0
11109600,0,0
11109700,0,0
11109800,0,0
11109900,0,0
11110000,0,0
11110100,0,0
11110200,0,0
11110300,1,0
11110400,0,0
11110500,0,0
11110600,1,0
11110700,0,0
11110800,0,0
11110900,0,0
11111000,0,0
11111100,0,0
11111200,0,0
11111300,0,0
11111400,0,0
11111500,0,0
11111600,0,0
11111700,1,0
11111800,0,0
11111900,0,0
11112000,0,0
11112100,0,0
11112200,0,0
11112300,0,0
11112400,0,0
11112500,0,0
11112600,0,0
11112700,0,0
11112800,0,0
11112900,0,0
11113000,0,0
11113100,1,0
11113200,0,0
11113300,0,0
11113400,1,0
11113500,0,0
11113600,0,0
11113700,0,0
11113800,0,0
11113900,0,0
11114000,0,0
11114100,0,0
11114200,0,0
11114300,0,0
11114400,0,0
11114500,0,0
11114600,0,0
11114700,0,0
11114800,0,0
11114900,0,1
11115000,0,0
11115100,1,0
11115200,0,0
11115300,0,0
11115400,0,0
11115500,0,0
11115600,0,0
11115700,0,0
11115800,0,0
11115900,0,0
11116000,0,0
11116100,0,0
11116200,0,0
11116300,0,0
11116400,0,0
11116500,0,1
11116600,0,0
11116700,0,0
11116800,0,0
11116900,0,0
11117000,0,0
11117100,1,0
11117200,0,0
11117300,0,0
11117400,0,0
11117500,0,0
11117600,0,0
11117700,0,0
11117800,0,0
11117900,0,0
11118000,0,0
11118100,0,0
11118200,0,0
11118300,0,0
11118400,0,0
11118500,1,0
11118600,0,0
11118700,0,0
11118800,0,0
11118900,0,0
11119000,0,0
11119100,0,0
11119200,1,0
11119300,0,0
11119400,1,0
11119500,0,0
11119600,0,0
11119700,0,0
11119800,0,0
11119900,0,1
11120000,0,0
11120100,0,0
11120200,0,0
11120300,0,0
11120400,0,0
11120500,0,0
11120600,0,0
11120700,0,0
11120800,0,0
11120900,0,0
11121000,0,0
11121100,0,0
11121200,0,0
11121300,1,0
11121400,0,0
11121500,0,0
11121600,0,0
11121700,0,0
11121800,0,0
11121900,1,0
11122000,0,0
11122100,0,0
11122200,0,0
11122300,1,0
11122400,0,0
11122500,1,0
11122600,0,0
11122700,0,0
11122800,0,0
11122900,0,0
11123000,0,0
11123100,0,0
11123200,0,0
11123300,0,0
11123400,0,0
11123500,0,0
11123600,0,0
11123700,0,0
11123800,0,0
11123900,0,0
11124000,0,0
11124100,0,0
11124200,0,0
11124300,0,0
11124400,0,0
11124500,0,0
11124600,0,0
11124700,1,0
11124800,0,0
11124900,0,0
11125000,0,0
11125100,0,0
11125200,0,0
11125300,1,0
11125400,0,0
11125500,0,0
11125600,1,0
11125700,0,0
11125800,0,0
11125900,0,0
11126000,0,0
11126100,0,0
11126200,0,0
11126300,0,0
11126400,0,0
11126500,0,0
11126600,0,0
11126700,0,0
11126800,0,0
11126900,0,0
11127000,1,0
11127100,0,0
11127200,0,0
11127300,0,0
11127400,0,0
11127500,0,0
11127600,0,0
11127700,0,0
11127800,0,0
11127900,0,0
11128000,0,0
11128100,0,0
11128200,0,0
11128300,0,0
11128400,0,0
11128500,0,0
11128600,0,0
11128700,1,0
11128800,0,0
11128900,0,0
11129000,0,0
11129100,0,0
11129200,0,0
11129300,0,0
11129400,0,1
11129500,0,0
11129600,0,0
11129700,0,0
11129800,0,0
11129900,0,0
11130000,0,0
11130100,0,0
11130200,0,0
11130300,0,0
11130400,0,0
11130500,0,0
11130600,0,0
11130700,0,0
11130800,0,0
11130900,0,0
11131000,0,0
11131100,0,0
11131200,0,0
11131300,0,0
11131400,0,0
11131500,1,0
11131600,0,0
11131700,0,0
11131800,0,0
11131900,0,0
11132000,0,0
11132100,1,0
11132200,0,0
11132300,0,0
11132400,0,0
11132500,0,0
11132600,0,0
11132700,0,0
11132800,0,0
11132900,0,0
11133000,0,0
11133100,0,0
11133200,0,0
11133300,0,0
11133400,0,0
11133500,0,0
11133600,0,0
11133700,0,0
11133800,0,0
11133900,0,0
11134000,0,0
11134100,1,0
11134200,0,0
11134300,0,0
11134400,0,0
11134500,0,0
11134600,0,0
11134700,0,0
11134800,0,0
11134900,0,0
11135000,0,0
11135100,0,0
11135200,0,0
11135300,0,0
11135400,0,0
11135500,1,0
11135600,0,0
11135700,0,0
11135800,0,0
11135900,0,0
11136000,0,0
11136100,0,0
11136200,0,0
11136300,0,0
11136400,1,0
11136500,0,0
11136600,0,0
11136700,0,0
11136800,0,0
11136900,0,0
11137000,0,0
11137100,0,0
11137200,0,0
11137300,0,0
11137400,0,0
11137500,0,0
11137600,0,0
11137700,0,0
11137800,0,0
11137900,0,0
11138000,0,0
11138100,0,0
11138200,0,0
11138300,0,0
11138400,0,0
11138500,0,0
11138600,0,0
11138700,0,0
11138800,0,0
11138900,0,0
11139000,0,0
11139100,0,0
11139200,0,0
11139300,0,0
11139400,0,0
11139500,0,0
11139600,0,0
11139700,0,0
11139800,0,0
11139900,0,0
11140000,0,0
11140100,0,0
11140200,0,0
11140300,0,0
11140400,0,0
11140500,0,0
11140600,0,0
11140700,0,0
11140800,0,0
11140900,0,0
11141000,0,0
11141100,0,0
11141200,0,0
11141300,0,0
11141400,0,0
11141500,0,0
11141600,0,0
11141700,0,0
11141800,0,0
11141900,0,0
11142000,0,0
11142100,0,0
11142200,0,0
11142300,0,0
11142400,0,0
11142500,0,0
11142600,0,0
11142700,0,0
11142800,0,0
11142900,0,0
11143000,0,0
11143100,0,0
11143200,0,0
11143300,0,0
11143400,0,0
11143500,0,0
11143600,0,0
11143700,0,0
11143800,0,0
11143900,0,0
11144000,0,0
11144100,0,0
11144200,0,0
11144300,0,0
11144400,0,0
11144500,0,0
11144600,0,0
11144700,0,0
11144800,0,0
11144900,0,0
11145000,0,0
11145100,0,0
11145200,0,0
11145300,0,0
11145400,0,0
11145500,0,0
11145600,0,0
11145700,0,0
11145800,0,0
11145900,0,0
11146000,0,0
11146100,0,0
11146200,0,0
11146300,0,0
11146400,0,0
11146500,0,0
11146600,0,0
11146700,0,0
11146800,0,0
11146900,0,0
11147000,0,0
11147100,0,0
11147200,0,0
11147300,0,0
11147400,0,0
11147500,0,0
11147600,0,0
11147700,0,0
11147800,0,0
11147900,0,0
11148000,0,0
11148100,0,0
11148200,0,0
11148300,0,0
11148400,0,0
11148500,0,0
11148600,0,0
11148700,0,0
11148800,0,0
11148900,0,0
11149000,0,0
11149100,0,0
11149200,0,0
11149300,0,0
11149400,0,0
11149500,0,0
11149600,0,0
11149700,0,0
11149800,0,0
11149900,0,0
11150000,0,0
11150100,0,1
11150200,0,0
11150300,0,0
11150400,0,0
11150500,0,0
11150600,0,0
11150700,0,0
11150800,0,0
11150900,0,0
11151000,0,0
11151100,0,0
11151200,0,0
11151300,0,0
11151400,0,0
11151500,0,0
11151600,0,0
11151700,0,0
11151800,0,0
11151900,0,0
11152000,0,0
11152100,0,0
11152200,0,0
11152300,0,0
11152400,0,0
11152500,0,0
11152600,0,0
11152700,0,0
11152800,0,0
11152900,0,0
11153000,0,0
11153100,0,0
11153200,0,0
11153300,0,0
11153400,0,0
11153500,1,0
11153600,0,0
11153700,0,0
11153800,0,0
11153900,0,0
11154000,0,0
11154100,0,0
11154200,0,0
11154300,0,0
11154400,0,0
11154500,0,0
11154600,0,0
11154700,0,0
11154800,0,0
11154900,0,0
11155000,0,0
11155100,0,0
11155200,0,0
11155300,0,0
11155400,0,0
11155500,0,0
11155600,0,0
11155700,0,0
11155800,0,0
11155900,0,0
11156000,0,0
11156100,0,0
11156200,0,0
11156300,0,0
11156400,0,0
11156500,0,0
11156600,0,0
11156700,0,0
11156800,0,0
11156900,1,0
11157000,0,0
11157100,0,0
11157200,0,0
11157300,0,0
11157400,0,0
11157500,0,0
11157600,0,0
11157700,0,0
11157800,0,0
11157900,0,0
11158000,0,0
11158100,0,0
11158200,0,0
11158300,0,0
11158400,0,0
11158500,0,0
11158600,0,0
11158700,0,0
11158800,0,0
11158900,0,0
11159000,0,0
11159100,0,0
11159200,0,0
11159300,0,0
11159400,0,0
11159500,0,0
11159600,0,0
11159700,0,0
11159800,0,0
11159900,0,0
11160000,0,0
11160100,0,0
11160200,0,0
11160300,1,0
11160400,0,0
11160500,0,0
11160600,0,0
11160700,0,0
11160800,0,0
11160900,0,0
11161000,0,0
11161100,0,0
11161200,0,0
11161300,0,0
11161400,0,0
11161500,0,0
11161600,0,0
11161700,0,0
11161800,0,0
11161900,0,0
11162000,0,0
11162100,0,0
11162200,0,0
11162300,0,0
11162400,0,0
11162500,0,0
11162600,0,0
11162700,0,0
11162800,0,0
11162900,0,0
11163000,0,0
11163100,0,0
11163200,0,0
11163300,0,0
11163400,0,0
11163500,0,0
11163600,0,0
11163700,0,1
11163800,0,0
11163900,0,0
11164000,0,0
11164100,0,0
11164200,0,0
11164300,0,0
11164400,0,0
11164500,0,0
11164600,0,0
11164700,0,0
11164800,0,0
11164900,0,0
11165000,0,0
11165100,0,0
11165200,0,0
11165300,0,0
11165400,0,0
11165500,0,0
11165600,0,0
11165700,0,0
11165800,0,0
11165900,0,0
11166000,0,0
11166100,0,0
11166200,0,0
11166300,0,0
11166400,0,0
11166500,0,0
11166600,0,0
11166700,0,0
11166800,0,0
11166900,0,0
11167000,0,0
11167100,1,0
11167200,0,0
11167300,0,0
11167400,0,0
11167500,0,0
11167600,0,0
11167700,0,0
11167800,0,0
11167900,0,0
11168000,0,0
11168100,0,0
11168200,0,0
11168300,0,0
11168400,0,0
11168500,0,0
11168600,0,0
11168700,0,0
11168800,0,0
11168900,0,0
11169000,0,0
11169100,0,0
11169200,0,0
11169300,0,0
11169400,0,0
11169500,0,0
11169600,0,0
11169700,0,0
11169800,0,0
11169900,0,0
11170000,0,0
11170100,0,0
11170200,0,0
11170300,0,0
11170400,0,0
11170500,1,0
11170600,0,0
11170700,0,0
11170800,0,0
11170900,0,0
11171000,0,0
11171100,0,0
11171200,0,0
11171300,0,0
11171400,0,0
11171500,0,0
11171600,0,0
11171700,0,0
11171800,0,0
11171900,0,0
11172000,0,1
11172100,0,0
11172200,0,0
11172300,0,0
11172400,0,0
11172500,0,0
11172600,0,0
11172700,0,0
11172800,0,0
11172900,0,0
11173000,0,0
11173100,0,0
11173200,0,0
11173300,0,0
11173400,0,0
11173500,0,0
11173600,0,0
11173700,0,0
11173800,0,0
11173900,1,0
11174000,0,0
11174100,0,0
11174200,0,0
11174300,0,0
11174400,0,0
11174500,0,0
11174600,0,0
11174700,0,0
11174800,0,0
11174900,0,0
11175000,0,0
11175100,0,0
11175200,0,0
11175300,0,0
11175400,1,0
11175500,0,0
11175600,0,0
11175700,0,0
11175800,0,0
11175900,0,0
11176000,0,0
11176100,0,0
11176200,0,0
11176300,0,0
11176400,0,0
11176500,0,0
11176600,0,0
11176700,0,0
11176800,0,0
11176900,0,0
11177000,0,0
11177100,0,0
11177200,0,0
11177300,0,0
11177400,0,0
11177500,0,0
11177600,0,0
11177700,0,0
11177800,0,0
11177900,0,0
11178000,0,0
11178100,0,0
11178200,0,0
11178300,0,0
11178400,0,0
11178500,0,0
11178600,0,0
11178700,0,0
11178800,2,0
11178900,0,0
11179000,0,0
11179100,0,0
11179200,0,0
11179300,0,0
11179400,0,0
11179500,0,0
11179600,0,0
11179700,0,0
11179800,0,0
11179900,0,0
11180000,0,0
11180100,0,0
11180200,0,0
11180300,0,0
11180400,0,0
11180500,0,0
11180600,0,0
11180700,0,0
11180800,0,0
11180900,0,0
11181000,0,0
11181100,0,0
11181200,0,0
11181300,0,0
11181400,0,0
11181500,0,0
11181600,0,0
11181700,0,0
11181800,0,0
11181900,1,0
11182000,1,0
11182100,0,0
11182200,0,0
11182300,0,0
11182400,0,0
11182500,0,0
11182600,0,0
11182700,0,0
11182800,0,0
11182900,0,0
11183000,0,0
11183100,0,0
11183200,0,0
11183300,0,0
11183400,0,0
11183500,0,0
11183600,0,0
11183700,0,0
11183800,0,0
11183900,0,0
11184000,0,0
11184100,0,0
11184200,0,0
11184300,0,0
11184400,0,0
11184500,0,0
11184600,0,0
11184700,0,0
11184800,0,0
11184900,0,0
11185000,1,0
11185100,0,0
11185200,0,0
11185300,0,0
11185400,0,1
11185500,0,0
11185600,0,0
11185700,0,0
11185800,0,0
11185900,0,0
11186000,0,0
11186100,0,0
11186200,0,0
11186300,0,0
11186400,0,0
11186500,0,0
11186600,0,0
11186700,0,0
11186800,0,0
11186900,0,0
11187000,0,0
11187100,0,1
11187200,0,0
11187300,0,0
11187400,0,0
11187500,0,0
11187600,0,0
11187700,0,0
11187800,0,0
11187900,0,0
11188000,0,0
11188100,1,0
11188200,0,0
11188300,0,0
11188400,0,0
11188500,0,0
11188600,0,0
11188700,0,0
11188800,1,0
11188900,0,0
11189000,0,0
11189100,0,0
11189200,0,0
11189300,0,0
11189400,0,0
11189500,0,0
11189600,0,0
11189700,0,0
11189800,0,0
11189900,0,0
11190000,0,0
11190100,0,0
11190200,1,0
11190300,0,0
11190400,0,0
11190500,0,0
11190600,0,0
11190700,0,0
11190800,0,0
11190900,0,0
11191000,0,0
11191100,0,0
11191200,1,0
11191300,0,0
11191400,0,0
11191500,0,0
11191600,0,0
11191700,0,0
11191800,0,0
11191900,0,0
11192000,0,0
11192100,0,0
11192200,0,0
11192300,1,0
11192400,0,0
11192500,0,0
11192600,0,0
11192700,0,0
11192800,0,0
11192900,0,0
11193000,0,0
11193100,0,0
11193200,0,0
11193300,1,1
11193400,0,0
11193500,0,0
11193600,0,0
11193700,0,0
11193800,0,0
11193900,0,0
11194000,0,0
11194100,0,0
11194200,1,0
11194300,0,0
11194400,0,0
11194500,0,0
11194600,0,0
11194700,0,0
11194800,0,0
11194900,0,0
11195000,0,0
11195100,0,0
11195200,0,0
11195300,0,0
11195400,0,0
11195500,0,0
11195600,1,0
11195700,0,0
11195800,0,0
11195900,1,0
11196000,0,0
11196100,0,0
11196200,1,0
11196300,0,0
11196400,0,0
11196500,0,0
11196600,0,0
11196700,0,0
11196800,0,0
11196900,0,0
11197000,0,0
11197100,1,0
11197200,0,0
11197300,0,0
11197400,0,0
11197500,0,0
11197600,0,0
11197700,0,0
11197800,0,0
11197900,0,0
11198000,0,0
11198100,1,0
11198200,0,0
11198300,0,0
11198400,0,0
11198500,0,0
11198600,0,0
11198700,0,0
11198800,0,0
11198900,0,0
11199000,0,1
11199100,0,1
11199200,0,0
11199300,0,0
11199400,0,0
11199500,0,0
11199600,0,0
11199700,0,0
11199800,0,0
11199900,0,0
11200000,1,0
11200100,0,0
11200200,0,0
11200300,0,0
11200400,0,0
11200500,0,0
11200600,0,0
11200700,0,0
11200800,0,0
11200900,1,0
11201000,0,0
11201100,0,0
11201200,0,0
11201300,0,0
11201400,0,0
11201500,0,0
11201600,0,0
11201700,0,0
11201800,0,0
11201900,1,0
11202000,0,0
11202100,0,0
11202200,1,0
11202300,0,0
11202400,0,0
11202500,0,0
11202600,0,0
11202700,0,0
11202800,0,0
11202900,0,0
11203000,0,0
11203100,0,0
11203200,0,0
11203300,0,0
11203400,0,0
11203500,0,1
11203600,0,0
11203700,0,0
11203800,0,0
11203900,0,0
11204000,0,0
11204100,0,0
11204200,0,0
11204300,0,0
11204400,0,0
11204500,0,0
11204600,0,0
11204700,0,0
11204800,0,0
11204900,0,0
11205000,1,0
11205100,0,0
11205200,0,0
11205300,1,0
11205400,0,0
11205500,0,0
11205600,0,0
11205700,0,0
11205800,0,0
11205900,0,0
11206000,0,0
11206100,0,0
11206200,1,0
11206300,0,0
11206400,0,0
11206500,0,0
11206600,0,0
11206700,0,0
11206800,0,0
11206900,0,0
11207000,0,0
11207100,0,0
11207200,0,0
11207300,0,0
11207400,0,0
11207500,0,0
11207600,0,0
11207700,0,0
11207800,0,0
11207900,0,0
11208000,0,0
11208100,1,0
11208200,0,0
11208300,0,0
11208400,2,0
11208500,0,0
11208600,0,0
11208700,0,0
11208800,0,0
11208900,0,0
11209000,0,0
11209100,0,0
11209200,0,0
11209300,0,0
11209400,0,0
11209500,0,0
11209600,0,0
11209700,0,0
11209800,0,0
11209900,0,0
11210000,0,0
11210100,0,0
11210200,0,0
11210300,0,0
11210400,0,0
11210500,0,0
11210600,0,0
11210700,0,0
11210800,0,0
11210900,0,0
11211000,0,0
11211100,1,0
11211200,0,0
11211300,0,0
11211400,0,0
11211500,0,1
11211600,0,0
11211700,0,0
11211800,0,0
11211900,0,0
11212000,0,0
11212100,0,0
11212200,0,0
11212300,0,0
11212400,0,0
11212500,0,0
11212600,0,0
11212700,0,0
11212800,0,0
11212900,0,0
11213000,0,0
11213100,0,0
11213200,0,0
11213300,0,0
11213400,0,0
11213500,0,0
11213600,0,0
11213700,0,0
11213800,0,0
11213900,0,0
11214000,0,0
11214100,0,0
11214200,0,0
11214300,0,0
11214400,0,0
11214500,0,0
11214600,1,0
11214700,0,0
11214800,0,0
11214900,0,0
11215000,0,0
11215100,0,0
11215200,0,0
11215300,0,0
11215400,0,0
11215500,0,0
11215600,0,0
11215700,0,0
11215800,0,0
11215900,0,0
11216000,0,0
11216100,0,0
11216200,0,0
11216300,0,0
11216400,0,0
11216500,0,0
11216600,0,0
11216700,0,0
11216800,0,0
11216900,0,0
11217000,0,0
11217100,0,0
11217200,0,0
11217300,0,0
11217400,0,0
11217500,0,0
11217600,0,0
11217700,1,0
11217800,0,0
11217900,0,0
11218000,0,0
11218100,0,0
11218200,0,0
11218300,0,0
11218400,0,0
11218500,0,0
11218600,0,0
11218700,0,0
11218800,0,0
11218900,0,0
11219000,0,0
11219100,0,0
11219200,0,0
11219300,0,0
11219400,0,0
11219500,0,0
11219600,0,0
11219700,0,0
11219800,0,0
11219900,0,0
11220000,0,0
11220100,0,0
11220200,0,0
11220300,0,0
11220400,0,0
11220500,0,0
11220600,0,0
11220700,0,0
11220800,1,0
11220900,0,0
11221000,0,0
11221100,0,0
11221200,0,0
11221300,0,0
11221400,0,0
11221500,0,0
11221600,0,0
11221700,0,0
11221800,0,0
11221900,0,0
11222000,0,0
11222100,0,0
11222200,0,0
11222300,0,0
11222400,0,0
11222500,0,0
11222600,0,0
11222700,0,0
11222800,0,0
11222900,0,0
11223000,0,0
11223100,0,0
11223200,0,0
11223300,0,0
11223400,0,0
11223500,0,0
11223600,0,0
11223700,0,0
11223800,0,0
11223900,0,0
11224000,0,0
11224100,0,0
11224200,0,0
11224300,0,0
11224400,0,0
11224500,0,0
11224600,0,0
11224700,0,0
11224800,0,0
11224900,0,0
11225000,0,0
11225100,0,0
11225200,0,0
11225300,0,0
11225400,0,0
11225500,0,0
11225600,0,0
11225700,0,0
11225800,0,0
11225900,0,0
11226000,0,0
11226100,0,0
11226200,0,0
11226300,0,0
11226400,0,0
11226500,0,0
11226600,0,0
11226700,0,0
11226800,0,0
11226900,0,0
11227000,0,0
11227100,0,0
11227200,0,0
11227300,0,0
11227400,0,0
11227500,0,0
11227600,0,0
11227700,0,0
11227800,0,0
11227900,0,0
11228000,0,0
11228100,0,0
11228200,0,0
11228300,0,0
11228400,0,0
11228500,0,0
11228600,0,0
11228700,0,0
11228800,0,0
11228900,0,0
11229000,0,0
11229100,0,0
11229200,0,0
11229300,0,0
11229400,0,0
11229500,0,0
11229600,0,0
11229700,0,0
11229800,0,0
11229900,0,0
11230000,0,0
11230100,0,0
11230200,0,0
11230300,0,0
11230400,0,0
11230500,0,0
11230600,0,0
11230700,0,0
11230800,0,0
11230900,0,0
11231000,0,0
11231100,0,0
11231200,0,0
11231300,0,0
11231400,0,0
11231500,0,0
11231600,0,0
11231700,0,0
11231800,0,0
11231900,0,0
11232000,0,0
11232100,0,0
11232200,0,0
11232300,0,0
11232400,0,1
11232500,0,0
11232600,0,0
11232700,0,0
11232800,0,0
11232900,0,0
11233000,0,0
11233100,0,0
11233200,0,0
11233300,0,0
11233400,0,0
11233500,0,0
11233600,0,0
11233700,0,0
11233800,0,0
11233900,0,0
11234000,0,0
11234100,0,0
11234200,0,0
11234300,0,0
11234400,0,0
11234500,0,0
11234600,0,0
11234700,0,0
11234800,0,0
11234900,0,0
11235000,1,0
11235100,0,0
11235200,0,0
11235300,0,0
11235400,0,0
11235500,0,0
11235600,0,1
11235700,0,0
11235800,0,0
11235900,0,0
11236000,0,0
11236100,0,0
11236200,0,0
11236300,0,0
11236400,0,0
11236500,0,0
11236600,0,0
11236700,0,0
11236800,0,0
11236900,0,0
11237000,0,0
11237100,0,0
11237200,0,0
11237300,0,0
11237400,0,0
11237500,1,0
11237600,0,0
11237700,0,0
11237800,0,0
11237900,0,0
11238000,0,0
11238100,0,0
11238200,1,0
11238300,0,0
11238400,0,0
11238500,0,0
11238600,0,0
11238700,0,0
11238800,0,0
11238900,0,0
11239000,0,0
11239100,0,0
11239200,0,0
11239300,0,0
11239400,0,0
11239500,0,0
11239600,0,0
11239700,0,0
11239800,0,0
11239900,0,0
11240000,0,0
11240100,1,0
11240200,1,0
11240300,0,0
11240400,0,0
11240500,0,0
11240600,0,0
11240700,0,0
11240800,0,0
11240900,0,0
11241000,0,0
11241100,0,0
11241200,0,0
11241300,0,0
11241400,0,0
11241500,0,0
11241600,0,0
11241700,0,0
11241800,0,0
11241900,0,0
11242000,0,0
11242100,0,0
11242200,0,0
11242300,0,0
11242400,0,1
11242500,1,0
11242600,0,0
11242700,0,0
11242800,0,0
11242900,0,0
11243000,0,0
11243100,0,0
11243200,0,0
11243300,0,0
11243400,0,0
11243500,0,0
11243600,0,0
11243700,0,0
11243800,0,0
11243900,0,0
11244000,0,0
11244100,0,0
11244200,1,0
11244300,0,0
11244400,0,0
11244500,0,0
11244600,0,0
11244700,0,0
11244800,0,0
11244900,0,0
11245000,0,0
11245100,0,0
11245200,0,0
11245300,0,1
11245400,0,0
11245500,0,0
11245600,0,0
11245700,0,0
11245800,0,0
11245900,0,0
11246000,0,0
11246100,0,0
11246200,0,0
11246300,0,0
11246400,0,0
11246500,0,0
11246600,0,0
11246700,1,0
11246800,0,0
11246900,0,0
11247000,0,0
11247100,0,0
11247200,0,0
11247300,0,0
11247400,0,0
11247500,0,0
11247600,1,0
11247700,0,0
11247800,0,0
11247900,0,0
11248000,0,0
11248100,0,0
11248200,0,0
11248300,0,0
11248400,0,0
11248500,0,0
11248600,0,0
11248700,0,0
11248800,0,0
11248900,1,0
11249000,0,0
11249100,0,0
11249200,0,0
11249300,0,0
11249400,0,0
11249500,0,0
11249600,0,0
11249700,0,0
11249800,0,0
11249900,0,0
11250000,1,0
11250100,0,0
11250200,0,0
11250300,0,0
11250400,0,0
11250500,0,0
11250600,0,0
11250700,0,0
11250800,0,0
11250900,0,0
11251000,0,0
11251100,0,0
11251200,0,0
11251300,0,0
11251400,0,0
11251500,0,0
11251600,0,0
11251700,0,0
11251800,0,0
11251900,1,0
11252000,0,0
11252100,0,0
11252200,0,0
11252300,0,0
11252400,0,0
11252500,0,0
11252600,0,0
11252700,0,0
11252800,0,0
11252900,0,0
11253000,0,0
11253100,0,0
11253200,0,0
11253300,0,0
11253400,0,0
11253500,0,0
11253600,0,0
11253700,0,0
11253800,0,0
11253900,0,0
11254000,0,0
11254100,0,0
11254200,0,0
11254300,0,0
11254400,0,0
11254500,0,0
11254600,0,0
11254700,0,0
11254800,0,0
11254900,0,0
11255000,0,0
11255100,0,0
11255200,0,0
11255300,0,0
11255400,0,0
11255500,0,0
11255600,0,0
11255700,0,0
11255800,0,0
11255900,0,0
11256000,0,0
11256100,0,0
11256200,0,0
11256300,0,0
11256400,0,0
11256500,0,0
11256600,0,0
11256700,0,0
11256800,0,0
11256900,0,0
11257000,0,0
11257100,0,0
11257200,0,0
11257300,0,0
11257400,0,0
11257500,0,0
11257600,0,0
11257700,0,0
11257800,0,0
11257900,0,0
11258000,0,0
11258100,0,0
11258200,0,0
11258300,0,0
11258400,0,0
11258500,0,0
11258600,0,0
11258700,0,0
11258800,0,0
11258900,0,0
11259000,0,0
11259100,0,0
11259200,0,0
11259300,0,0
11259400,0,0
11259500,0,0
11259600,0,0
11259700,0,0
11259800,0,0
11259900,0,0
11260000,0,0
11260100,0,0
11260200,0,0
11260300,0,0
11260400,0,0
11260500,0,0
11260600,0,0
11260700,0,0
11260800,0,0
11260900,0,0
11261000,0,0
11261100,0,0
11261200,0,0
11261300,0,0
11261400,0,0
11261500,0,0
11261600,0,0
11261700,0,0
11261800,0,0
11261900,0,0
11262000,0,0
11262100,0,0
11262200,0,0
11262300,0,0
11262400,0,0
11262500,0,0
11262600,0,0
11262700,0,0
11262800,0,0
11262900,0,0
11263000,0,0
11263100,0,0
11263200,0,0
11263300,0,0
11263400,0,0
11263500,0,0
11263600,0,0
11263700,0,0
11263800,0,0
11263900,0,0
11264000,0,0
11264100,0,0
11264200,0,0
11264300,0,0
11264400,0,0
11264500,0,0
11264600,0,0
11264700,0,0
11264800,0,0
11264900,0,0
11265000,0,0
11265100,0,0
11265200,0,0
11265300,0,0
11265400,0,0
11265500,0,0
11265600,0,0
11265700,0,0
11265800,0,0
11265900,0,0
11266000,0,0
11266100,0,0
11266200,0,0
11266300,0,0
11266400,0,0
11266500,0,0
11266600,0,0
11266700,0,0
11266800,0,0
11266900,0,0
11267000,0,0
11267100,0,0
11267200,0,0
11267300,0,0
11267400,0,0
11267500,0,0
11267600,0,0
11267700,0,0
11267800,0,0
11267900,0,0
11268000,0,0
11268100,0,0
11268200,0,0
11268300,0,0
11268400,0,0
11268500,0,0
11268600,0,0
11268700,0,0
11268800,0,0
11268900,0,0
11269000,0,0
11269100,0,0
11269200,0,0
11269300,0,0
11269400,0,0
11269500,0,0
11269600,0,0
11269700,0,0
11269800,0,0
11269900,0,0
11270000,0,0
11270100,0,0
11270200,0,0
11270300,0,0
11270400,0,0
11270500,0,0
11270600,0,0
11270700,0,0
11270800,0,0
11270900,0,0
11271000,0,0
11271100,0,0
11271200,0,0
11271300,0,0
11271400,0,0
11271500,0,0
11271600,0,0
11271700,0,0
11271800,0,0
11271900,0,0
11272000,0,0
11272100,0,0
11272200,0,0
11272300,0,0
11272400,0,0
11272500,0,0
11272600,0,0
11272700,0,0
11272800,0,0
11272900,0,0
11273000,0,0
11273100,0,0
11273200,0,0
11273300,0,0
11273400,0,0
11273500,0,0
11273600,0,0
11273700,0,0
11273800,0,0
11273900,0,0
11274000,0,0
11274100,0,0
11274200,0,0
11274300,0,0
11274400,0,0
11274500,0,0
11274600,0,0
11274700,0,0
11274800,0,0
11274900,0,0
11275000,0,0
11275100,0,0
11275200,0,0
11275300,0,0
11275400,0,0
11275500,0,0
11275600,0,0
11275700,0,0
11275800,0,0
11275900,0,0
11276000,0,0
11276100,0,0
11276200,0,0
11276300,0,0
11276400,0,0
11276500,0,0
11276600,0,0
11276700,0,0
11276800,0,0
11276900,0,0
11277000,0,0
11277100,0,0
11277200,0,0
11277300,0,0
11277400,0,0
11277500,0,0
11277600,0,0
11277700,0,0
11277800,0,0
11277900,0,0
11278000,0,0
11278100,0,0
11278200,0,0
11278300,0,0
11278400,0,0
11278500,0,0
11278600,0,0
11278700,0,0
11278800,0,0
11278900,0,0
11279000,0,0
11279100,0,0
11279200,0,0
11279300,0,0
11279400,0,0
11279500,0,0
11279600,0,0
11279700,0,0
11279800,0,0
11279900,0,0
11280000,0,0
11280100,0,0
11280200,0,0
11280300,0,0
11280400,0,0
11280500,0,0
11280600,0,0
11280700,0,0
11280800,0,0
11280900,0,0
11281000,0,0
11281100,0,0
11281200,0,0
11281300,0,0
11281400,0,0
11281500,0,0
11281600,0,0
11281700,0,0
11281800,0,0
11281900,0,0
11282000,0,0
11282100,0,0
11282200,0,0
11282300,0,0
11282400,0,0
11282500,0,0
11282600,0,0
11282700,0,0
11282800,0,0
11282900,0,0
11283000,0,0
11283100,0,0
11283200,0,0
11283300,0,0
11283400,0,0
11283500,0,1
11283600,0,0
11283700,0,0
11283800,0,0
11283900,0,0
11284000,0,0
11284100,0,0
11284200,0,0
11284300,0,0
11284400,0,0
11284500,0,0
11284600,0,0
11284700,0,0
11284800,0,0
11284900,0,0
11285000,0,0
11285100,0,0
11285200,0,0
11285300,0,0
11285400,0,0
11285500,0,0
11285600,0,0
11285700,0,0
11285800,0,0
11285900,0,0
11286000,0,0
11286100,0,0
11286200,0,0
11286300,0,0
11286400,1,0
11286500,0,0
11286600,0,0
11286700,0,0
11286800,0,0
11286900,0,0
11287000,0,0
11287100,0,0
11287200,0,0
11287300,0,0
11287400,0,0
11287500,0,0
11287600,0,0
11287700,0,0
11287800,0,0
11287900,0,0
11288000,0,0
11288100,0,0
11288200,0,0
11288300,0,0
11288400,0,0
11288500,0,0
11288600,0,0
11288700,0,0
11288800,0,0
11288900,0,0
11289000,0,0
11289100,0,0
11289200,1,0
11289300,0,0
11289400,0,0
11289500,0,0
11289600,0,0
11289700,0,0
11289800,0,0
11289900,0,0
11290000,0,0
11290100,0,0
11290200,0,0
11290300,0,0
11290400,0,0
11290500,0,0
11290600,0,0
11290700,0,0
11290800,0,0
11290900,0,0
11291000,0,0
11291100,0,0
11291200,0,0
11291300,0,0
11291400,0,0
11291500,0,0
11291600,0,0
11291700,0,0
11291800,0,0
11291900,0,0
11292000,0,0
11292100,1,0
11292200,0,0
11292300,0,0
11292400,0,0
11292500,0,0
11292600,0,0
11292700,0,0
11292800,0,0
11292900,0,0
11293000,0,0
11293100,0,0
11293200,0,0
11293300,0,0
11293400,0,0
11293500,0,0
11293600,0,0
11293700,0,0
11293800,0,0
11293900,0,0
11294000,0,0
11294100,0,0
11294200,0,0
11294300,0,0
11294400,0,0
11294500,0,0
11294600,0,0
11294700,0,0
11294800,0,0
11294900,0,0
11295000,0,0
11295100,0,0
11295200,0,1
11295300,0,0
11295400,0,0
11295500,0,0
11295600,0,0
11295700,0,0
11295800,0,0
11295900,0,0
11296000,0,0
11296100,0,0
11296200,0,0
11296300,0,0
11296400,0,0
11296500,0,0
11296600,0,0
11296700,0,0
11296800,0,0
11296900,0,0
11297000,0,0
11297100,0,0
11297200,0,0
11297300,0,0
11297400,0,0
11297500,0,0
11297600,0,0
11297700,0,0
11297800,0,0
11297900,1,0
11298000,0,0
11298100,0,0
11298200,0,0
11298300,0,0
11298400,0,0
11298500,0,0
11298600,0,0
11298700,0,0
11298800,0,0
11298900,0,0
11299000,0,0
11299100,0,0
11299200,0,0
11299300,0,0
11299400,0,0
11299500,0,0
11299600,0,0
11299700,0,0
11299800,0,0
11299900,0,0
11300000,0,0
11300100,0,0
11300200,0,0
11300300,0,0
11300400,0,0
11300500,1,0
11300600,0,0
11300700,0,0
11300800,0,0
11300900,0,0
11301000,0,0
11301100,0,0
11301200,0,0
11301300,0,0
11301400,0,0
11301500,0,0
11301600,0,0
11301700,0,0
11301800,0,0
11301900,0,0
11302000,0,0
11302100,0,0
11302200,0,0
11302300,0,0
11302400,0,0
11302500,0,0
11302600,0,0
11302700,0,0
11302800,0,0
11302900,0,0
11303000,0,0
11303100,0,0
11303200,0,0
11303300,0,0
11303400,0,0
11303500,0,0
11303600,1,0
11303700,0,0
11303800,0,0
11303900,0,0
11304000,0,0
11304100,0,0
11304200,0,0
11304300,0,0
11304400,0,0
11304500,0,0
11304600,0,0
11304700,0,0
11304800,0,0
11304900,0,0
11305000,0,0
11305100,0,0
11305200,0,0
11305300,0,0
11305400,0,0
11305500,0,0
11305600,0,0
11305700,0,0
11305800,0,0
11305900,0,0
11306000,0,0
11306100,0,0
11306200,0,0
11306300,0,0
11306400,0,0
11306500,0,0
11306600,0,0
11306700,0,0
11306800,0,0
11306900,0,0
11307000,0,0
11307100,0,0
11307200,0,0
11307300,0,0
11307400,0,0
11307500,0,0
11307600,0,0
11307700,0,0
11307800,0,0
11307900,0,0
11308000,0,0
11308100,0,0
11308200,0,0
11308300,0,0
11308400,0,0
11308500,0,0
11308600,0,0
11308700,0,0
11308800,0,0
11308900,0,0
11309000,0,0
11309100,0,0
11309200,0,0
11309300,0,0
11309400,0,0
11309500,0,0
11309600,0,0
11309700,0,0
11309800,0,0
11309900,0,0
11310000,0,0
11310100,0,0
11310200,0,0
11310300,0,0
11310400,0,0
11310500,0,0
11310600,0,0
11310700,0,0
11310800,0,0
11310900,0,0
11311000,0,0
11311100,0,0
11311200,0,0
11311300,0,0
11311400,0,0
11311500,0,0
11311600,0,0
11311700,0,0
11311800,0,0
11311900,0,0
11312000,0,0
11312100,0,0
11312200,0,0
11312300,0,0
11312400,0,0
11312500,0,0
11312600,0,0
11312700,0,0
11312800,0,0
11312900,0,0
11313000,0,0
11313100,0,0
11313200,0,0
11313300,0,0
11313400,0,0
11313500,0,0
11313600,0,0
11313700,0,0
11313800,0,0
11313900,0,0
11314000,0,0
11314100,0,0
11314200,0,0
11314300,0,0
11314400,0,0
11314500,0,0
11314600,0,0
11314700,0,0
11314800,0,0
11314900,0,0
11315000,0,0
11315100,0,0
11315200,0,0
11315300,0,0
11315400,0,0
11315500,0,0
11315600,0,0
11315700,0,0
11315800,0,0
11315900,0,0
11316000,0,0
11316100,0,0
11316200,0,0
11316300,0,0
11316400,0,0
11316500,0,0
11316600,0,0
11316700,0,0
11316800,0,0
11316900,0,0
11317000,0,0
11317100,0,0
11317200,0,0
11317300,0,0
11317400,0,0
11317500,0,0
11317600,0,0
11317700,0,0
11317800,0,0
11317900,0,0
11318000,0,0
11318100,0,0
11318200,0,0
11318300,0,0
11318400,0,0
11318500,0,0
11318600,0,0
11318700,0,0
11318800,0,0
11318900,0,0
11319000,0,0
11319100,0,0
11319200,0,0
11319300,0,0
11319400,0,0
11319500,0,0
11319600,0,0
11319700,0,0
11319800,0,1
11319900,0,0
11320000,0,0
11320100,0,0
11320200,0,0
11320300,0,0
11320400,0,0
11320500,0,0
11320600,0,0
11320700,0,0
11320800,0,0
11320900,0,0
11321000,0,0
11321100,0,0
11321200,0,0
11321300,0,0
11321400,0,0
11321500,0,0
11321600,0,0
11321700,0,0
11321800,0,0
11321900,1,0
11322000,0,0
11322100,0,0
11322200,0,0
11322300,0,0
11322400,0,0
11322500,0,0
11322600,0,0
11322700,0,0
11322800,0,0
11322900,0,0
11323000,0,0
11323100,0,0
11323200,0,0
11323300,0,0
11323400,0,0
11323500,0,0
11323600,0,0
11323700,0,0
11323800,0,0
11323900,0,0
11324000,0,0
11324100,0,0
11324200,0,0
11324300,0,0
11324400,0,0
11324500,1,0
11324600,0,0
11324700,0,0
11324800,0,0
11324900,0,0
11325000,0,0
11325100,0,0
11325200,0,0
11325300,0,0
11325400,0,0
11325500,0,0
11325600,0,0
11325700,0,0
11325800,0,0
11325900,0,0
11326000,0,0
11326100,0,0
11326200,0,0
11326300,0,0
11326400,0,0
11326500,0,0
11326600,0,0
11326700,0,0
11326800,1,0
11326900,0,0
11327000,0,0
11327100,0,0
11327200,0,0
11327300,0,0
11327400,0,0
11327500,0,0
11327600,0,0
11327700,0,0
11327800,0,0
11327900,0,0
11328000,0,0
11328100,0,0
11328200,0,0
11328300,0,0
11328400,0,0
11328500,0,0
11328600,0,0
11328700,0,0
11328800,0,0
11328900,0,0
11329000,0,0
11329100,0,0
11329200,0,0
11329300,0,0
11329400,0,1
11329500,0,0
11329600,0,0
11329700,0,0
11329800,0,0
11329900,0,0
11330000,0,0
11330100,0,0
11330200,0,0
11330300,0,0
11330400,0,0
11330500,0,0
11330600,0,0
11330700,0,0
11330800,0,0
11330900,0,0
11331000,0,0
11331100,0,0
11331200,0,0
11331300,0,0
11331400,0,0
11331500,0,0
11331600,0,0
11331700,0,0
11331800,1,0
11331900,0,0
11332000,0,0
11332100,0,0
11332200,0,0
11332300,0,0
11332400,0,0
11332500,0,0
11332600,0,0
11332700,0,0
11332800,0,0
11332900,0,0
11333000,0,0
11333100,0,0
11333200,0,0
11333300,0,0
11333400,0,0
11333500,0,0
11333600,0,0
11333700,0,0
11333800,0,0
11333900,0,0
11334000,0,0
11334100,0,0
11334200,0,0
11334300,1,0
11334400,0,1
11334500,0,0
11334600,0,0
11334700,0,0
11334800,0,0
11334900,0,0
11335000,0,0
11335100,0,0
11335200,0,0
11335300,0,0
11335400,0,0
11335500,0,0
11335600,0,0
11335700,0,0
11335800,0,0
11335900,0,0
11336000,0,0
11336100,0,0
11336200,0,0
11336300,0,0
11336400,0,0
11336500,1,0
11336600,0,0
11336700,0,0
11336800,0,0
11336900,0,0
11337000,0,0
11337100,0,0
11337200,0,0
11337300,0,0
11337400,0,0
11337500,1,0
11337600,0,0
11337700,0,0
11337800,0,0
11337900,0,0
11338000,0,0
11338100,0,0
11338200,0,0
11338300,0,0
11338400,0,0
11338500,0,0
11338600,0,0
11338700,0,0
11338800,0,0
11338900,0,0
11339000,0,0
11339100,0,0
11339200,0,0
11339300,0,0
11339400,0,0
11339500,0,0
11339600,0,0
11339700,0,0
11339800,0,0
11339900,0,0
11340000,0,0
11340100,0,0
11340200,0,0
11340300,0,0
11340400,1,0
11340500,0,0
11340600,0,0
11340700,0,0
11340800,0,0
11340900,0,0
11341000,0,0
11341100,0,0
11341200,0,0
11341300,0,0
11341400,0,0
11341500,0,0
11341600,0,0
11341700,0,0
11341800,0,0
11341900,0,0
11342000,0,0
11342100,0,0
11342200,0,0
11342300,0,0
11342400,0,0
11342500,0,0
11342600,0,0
11342700,0,0
11342800,0,0
11342900,0,0
11343000,1,0
11343100,0,0
11343200,0,0
11343300,0,0
11343400,0,0
11343500,0,0
11343600,0,0
11343700,0,0
11343800,0,0
11343900,0,0
11344000,0,0
11344100,0,0
11344200,0,0
11344300,0,0
11344400,0,0
11344500,0,0
11344600,0,0
11344700,0,0
11344800,0,0
11344900,0,0
11345000,0,0
11345100,0,0
11345200,0,0
11345300,0,0
11345400,0,0
11345500,0,0
11345600,0,0
11345700,0,0
11345800,0,0
11345900,0,0
11346000,0,0
11346100,0,1
11346200,0,0
11346300,0,0
11346400,0,0
11346500,0,0
11346600,0,0
11346700,0,0
11346800,0,0
11346900,0,0
11347000,0,0
11347100,0,0
11347200,0,0
11347300,0,0
11347400,0,0
11347500,0,0
11347600,0,0
11347700,0,0
11347800,0,0
11347900,0,0
11348000,0,0
11348100,0,0
11348200,0,0
11348300,0,0
11348400,0,1
11348500,0,0
11348600,0,0
11348700,0,0
11348800,0,0
11348900,0,0
11349000,1,0
11349100,0,0
11349200,0,0
11349300,0,0
11349400,0,0
11349500,0,0
11349600,0,0
11349700,0,0
11349800,0,0
11349900,0,0
11350000,0,0
11350100,0,0
11350200,0,0
11350300,0,0
11350400,0,0
11350500,0,0
11350600,1,0
11350700,0,0
11350800,0,0
11350900,0,0
11351000,0,0
11351100,0,0
11351200,0,0
11351300,0,0
11351400,0,0
11351500,0,0
11351600,0,0
11351700,1,0
11351800,0,0
11351900,0,0
11352000,0,0
11352100,0,0
11352200,0,0
11352300,1,0
11352400,0,0
11352500,0,0
11352600,0,0
11352700,0,0
11352800,0,0
11352900,0,0
11353000,0,0
11353100,0,0
11353200,0,0
11353300,0,0
11353400,0,0
11353500,0,0
11353600,0,0
11353700,0,0
11353800,0,0
11353900,1,0
11354000,0,0
11354100,0,0
11354200,0,0
11354300,0,0
11354400,0,0
11354500,0,0
11354600,0,0
11354700,0,0
11354800,1,0
11354900,0,0
11355000,0,0
11355100,0,0
11355200,0,1
11355300,0,0
11355400,0,0
11355500,0,0
11355600,0,0
11355700,0,0
11355800,0,0
11355900,0,0
11356000,0,0
11356100,0,0
11356200,0,0
11356300,0,0
11356400,0,0
11356500,0,0
11356600,0,0
11356700,0,0
11356800,0,0
11356900,0,0
11357000,0,0
11357100,0,0
11357200,0,0
11357300,0,0
11357400,0,0
11357500,0,0
11357600,0,0
11357700,0,0
11357800,1,0
11357900,0,0
11358000,0,0
11358100,0,0
11358200,0,0
11358300,0,0
11358400,0,0
11358500,0,0
11358600,0,0
11358700,0,0
11358800,0,0
11358900,0,0
11359000,0,0
11359100,0,0
11359200,0,0
11359300,0,0
11359400,0,0
11359500,0,0
11359600,0,0
11359700,0,0
11359800,0,0
11359900,0,0
11360000,0,0
11360100,1,0
11360200,0,0
11360300,0,0
11360400,0,0
11360500,0,0
11360600,0,0
11360700,0,0
11360800,0,0
11360900,0,0
11361000,0,0
11361100,0,0
11361200,0,0
11361300,0,0
11361400,0,0
11361500,0,0
11361600,0,0
11361700,0,0
11361800,0,0
11361900,0,0
11362000,0,0
11362100,0,0
11362200,0,0
11362300,0,0
11362400,0,0
11362500,1,0
11362600,0,0
11362700,0,0
11362800,0,1
11362900,0,0
11363000,0,0
11363100,0,0
11363200,0,0
11363300,0,0
11363400,0,0
11363500,0,0
11363600,0,0
11363700,0,0
11363800,0,0
11363900,0,0
11364000,0,0
11364100,0,0
11364200,0,0
11364300,0,0
11364400,0,0
11364500,0,0
11364600,0,0
11364700,0,0
11364800,0,0
11364900,0,0
11365000,0,0
11365100,0,0
11365200,0,0
11365300,0,0
11365400,0,0
11365500,1,0
11365600,0,0
11365700,0,0
11365800,0,0
11365900,0,0
11366000,0,0
11366100,0,0
11366200,0,0
11366300,0,0
11366400,0,0
11366500,0,0
11366600,0,0
11366700,0,0
11366800,0,0
11366900,0,0
11367000,0,0
11367100,0,0
11367200,0,0
11367300,0,0
11367400,0,0
11367500,0,0
11367600,0,0
11367700,0,0
11367800,0,0
11367900,0,0
11368000,0,0
11368100,0,0
11368200,0,0
11368300,0,0
11368400,0,0
11368500,0,0
11368600,1,0
11368700,0,0
11368800,0,0
11368900,0,0
11369000,0,0
11369100,0,0
11369200,0,0
11369300,0,0
11369400,0,0
11369500,0,0
11369600,0,0
11369700,0,0
11369800,0,0
11369900,0,0
11370000,0,0
11370100,0,0
11370200,0,0
11370300,0,0
11370400,0,0
11370500,0,0
11370600,0,0
11370700,0,0
11370800,0,0
11370900,0,0
11371000,0,0
11371100,0,0
11371200,0,0
11371300,0,0
11371400,0,0
11371500,1,0
11371600,0,0
11371700,0,0
11371800,0,0
11371900,0,0
11372000,0,0
11372100,0,0
11372200,0,0
11372300,0,0
11372400,0,0
11372500,0,0
11372600,0,0
11372700,0,0
11372800,0,0
11372900,0,0
11373000,0,0
11373100,0,0
11373200,0,0
11373300,0,0
11373400,0,0
11373500,0,0
11373600,0,0
11373700,0,0
11373800,0,0
11373900,0,0
11374000,0,1
11374100,0,0
11374200,0,0
11374300,0,0
11374400,0,0
11374500,0,0
11374600,0,0
11374700,0,0
11374800,0,0
11374900,0,0
11375000,0,0
11375100,0,0
11375200,0,0
11375300,0,0
11375400,0,0
11375500,0,0
11375600,0,0
11375700,0,0
11375800,0,0
11375900,0,0
11376000,0,0
11376100,0,0
11376200,0,0
11376300,0,0
11376400,0,0
11376500,0,0
11376600,0,0
11376700,1,0
11376800,0,0
11376900,0,0
11377000,0,0
11377100,0,0
11377200,0,0
11377300,0,0
11377400,0,0
11377500,0,0
11377600,0,0
11377700,0,0
11377800,0,0
11377900,0,0
11378000,0,0
11378100,0,0
11378200,0,0
11378300,0,0
11378400,0,0
11378500,0,0
11378600,0,0
11378700,0,0
11378800,0,0
11378900,0,0
11379000,0,0
11379100,0,0
11379200,0,0
11379300,0,0
11379400,0,0
11379500,1,0
11379600,0,0
11379700,0,0
11379800,0,0
11379900,0,0
11380000,0,0
11380100,0,0
11380200,0,0
11380300,0,0
11380400,0,0
11380500,0,0
11380600,0,0
11380700,0,0
11380800,0,0
11380900,0,0
11381000,0,0
11381100,0,0
11381200,0,0
11381300,0,0
11381400,0,0
11381500,0,0
11381600,0,0
11381700,0,0
11381800,0,0
11381900,0,0
11382000,0,0
11382100,0,0
11382200,0,0
11382300,0,0
11382400,0,0
11382500,0,0
11382600,1,0
11382700,0,0
11382800,0,0
11382900,0,0
11383000,0,0
11383100,0,0
11383200,0,0
11383300,0,0
11383400,0,0
11383500,0,0
11383600,0,0
11383700,0,0
11383800,0,0
11383900,0,0
11384000,0,0
11384100,0,0
11384200,0,0
11384300,0,0
11384400,0,0
11384500,0,0
11384600,0,0
11384700,0,0
11384800,0,0
11384900,0,0
11385000,0,0
11385100,0,0
11385200,0,0
11385300,0,0
11385400,0,0
11385500,0,0
11385600,0,0
11385700,0,0
11385800,0,0
11385900,0,0
11386000,0,0
11386100,0,0
11386200,0,0
11386300,0,0
11386400,0,0
11386500,0,0
11386600,0,0
11386700,0,0
11386800,0,0
11386900,0,0
11387000,0,0
11387100,0,0
11387200,0,0
11387300,0,0
11387400,0,0
11387500,0,0
11387600,0,0
11387700,0,0
11387800,0,0
11387900,0,0
11388000,0,0
11388100,0,0
11388200,0,0
11388300,0,0
11388400,0,0
11388500,0,0
11388600,0,0
11388700,0,0
11388800,0,0
11388900,0,0
11389000,0,0
11389100,0,0
11389200,0,0
11389300,0,0
11389400,0,0
11389500,0,0
11389600,0,0
11389700,0,0
11389800,0,0
11389900,0,0
11390000,0,0
11390100,0,0
11390200,0,0
11390300,0,0
11390400,0,0
11390500,0,0
11390600,0,0
11390700,0,0
11390800,0,0
11390900,0,0
11391000,0,0
11391100,0,0
11391200,0,0
11391300,0,0
11391400,0,0
11391500,0,0
11391600,0,0
11391700,0,0
11391800,0,0
11391900,0,0
11392000,0,0
11392100,0,0
11392200,0,0
11392300,0,0
11392400,0,0
11392500,0,0
11392600,0,0
11392700,0,0
11392800,0,0
11392900,0,0
11393000,0,0
11393100,0,0
11393200,0,0
11393300,0,0
11393400,0,0
11393500,0,0
11393600,0,0
11393700,0,0
11393800,0,0
11393900,0,0
11394000,0,0
11394100,0,0
11394200,0,0
11394300,0,0
11394400,0,0
11394500,0,0
11394600,0,0
11394700,0,0
11394800,0,0
11394900,0,0
11395000,0,0
11395100,0,0
11395200,0,0
11395300,0,0
11395400,0,0
11395500,0,0
11395600,0,0
11395700,0,0
11395800,0,0
11395900,0,0
11396000,0,0
11396100,0,0
11396200,0,0
11396300,0,0
11396400,0,0
11396500,0,0
11396600,0,0
11396700,0,0
11396800,0,0
11396900,0,0
11397000,0,0
11397100,0,0
11397200,0,0
11397300,0,0
11397400,0,0
11397500,0,0
11397600,0,0
11397700,0,0
11397800,0,0
11397900,0,0
11398000,0,0
11398100,0,0
11398200,0,0
11398300,0,0
11398400,0,0
11398500,0,0
11398600,0,0
11398700,0,0
11398800,0,0
11398900,0,0
11399000,0,0
11399100,0,0
11399200,0,0
11399300,0,0
11399400,0,0
11399500,0,0
11399600,0,0
11399700,0,0
11399800,0,0
11399900,0,0
11400000,0,0
11400100,0,0
11400200,0,0
11400300,0,0
11400400,0,0
11400500,0,0
11400600,0,0
11400700,0,0
11400800,0,0
11400900,0,0
11401000,0,0
11401100,0,0
11401200,0,0
11401300,0,0
11401400,0,0
11401500,0,0
11401600,0,0
11401700,0,0
11401800,0,0
11401900,0,0
11402000,0,0
11402100,0,0
11402200,0,0
11402300,0,0
11402400,0,0
11402500,0,0
11402600,0,0
11402700,0,0
11402800,0,0
11402900,0,0
11403000,0,0
11403100,0,0
11403200,0,0
11403300,0,0
11403400,0,0
11403500,0,0
11403600,0,0
11403700,0,0
11403800,0,0
11403900,0,0
11404000,0,0
11404100,0,0
11404200,0,0
11404300,0,0
11404400,0,0
11404500,0,0
11404600,0,0
11404700,0,0
11404800,0,0
11404900,0,0
11405000,0,0
11405100,0,0
11405200,0,0
11405300,0,0
11405400,0,0
11405500,0,0
11405600,0,0
11405700,0,0
11405800,0,0
11405900,0,0
11406000,0,0
11406100,0,0
11406200,0,0
11406300,0,0
11406400,0,0
11406500,0,0
11406600,0,0
11406700,0,0
11406800,0,0
11406900,0,0
11407000,0,0
11407100,0,0
11407200,0,0
11407300,0,0
11407400,0,0
11407500,0,0
11407600,0,0
11407700,0,0
11407800,0,0
11407900,0,0
11408000,0,0
11408100,0,0
11408200,0,0
11408300,0,0
11408400,0,0
11408500,0,0
11408600,0,0
11408700,0,0
11408800,0,0
11408900,0,0
11409000,0,0
11409100,0,0
11409200,0,0
11409300,0,0
11409400,0,0
11409500,0,0
11409600,0,0
11409700,0,0
11409800,0,0
11409900,0,0
11410000,0,0
11410100,0,0
11410200,0,0
11410300,0,0
11410400,0,0
11410500,0,0
11410600,0,0
11410700,0,0
11410800,0,0
11410900,0,0
11411000,0,0
11411100,0,0
11411200,0,0
11411300,0,0
11411400,0,0
11411500,0,0
11411600,0,0
11411700,0,0
11411800,0,0
11411900,0,0
11412000,0,0
11412100,0,0
11412200,0,0
11412300,0,0
11412400,0,0
11412500,0,0
11412600,0,0
11412700,0,0
11412800,0,0
11412900,0,0
11413000,0,0
11413100,0,0
11413200,0,0
11413300,0,0
11413400,0,0
11413500,0,0
11413600,0,0
11413700,0,0
11413800,0,0
11413900,0,0
11414000,0,0
11414100,0,0
11414200,0,0
11414300,0,0
11414400,0,0
11414500,0,0
11414600,0,0
11414700,0,0
11414800,0,0
11414900,0,0
11415000,0,0
11415100,0,0
11415200,0,0
11415300,0,0
11415400,0,0
11415500,0,0
11415600,0,0
11415700,0,0
11415800,0,0
11415900,0,0
11416000,0,0
11416100,0,0
11416200,0,0
11416300,0,0
11416400,0,0
11416500,0,0
11416600,0,0
11416700,0,0
11416800,0,0
11416900,0,0
11417000,0,0
11417100,0,0
11417200,0,0
11417300,0,0
11417400,0,0
11417500,0,0
11417600,0,0
11417700,0,0
11417800,0,0
11417900,0,0
11418000,0,0
11418100,0,0
11418200,0,0
11418300,0,0
11418400,0,0
11418500,0,0
11418600,0,0
11418700,0,0
11418800,0,0
11418900,0,0
11419000,0,0
11419100,0,0
11419200,0,0
11419300,0,0
11419400,0,0
11419500,0,0
11419600,0,0
11419700,0,0
11419800,0,0
11419900,0,0
11420000,0,0
11420100,0,0
11420200,0,0
11420300,0,0
11420400,0,0
11420500,0,0
11420600,0,0
11420700,0,0
11420800,0,0
11420900,0,0
11421000,0,0
11421100,0,0
11421200,0,0
11421300,0,0
11421400,0,0
11421500,0,0
11421600,0,0
11421700,0,0
11421800,0,0
11421900,0,0
11422000,0,0
11422100,0,0
11422200,0,0
11422300,0,0
11422400,0,0
11422500,0,0
11422600,0,0
11422700,0,0
11422800,0,1
11422900,0,0
11423000,0,0
11423100,0,0
11423200,0,0
11423300,0,0
11423400,0,0
11423500,0,0
11423600,0,0
11423700,0,0
11423800,0,0
11423900,0,0
11424000,0,0
11424100,0,0
11424200,0,0
11424300,0,0
11424400,0,0
11424500,0,0
11424600,0,0
11424700,0,0
11424800,0,0
11424900,0,0
11425000,0,0
11425100,0,0
11425200,1,0
11425300,0,0
11425400,0,0
11425500,0,0
11425600,0,0
11425700,0,0
11425800,0,0
11425900,0,0
11426000,0,0
11426100,0,0
11426200,0,0
11426300,0,0
11426400,0,0
11426500,0,0
11426600,0,0
11426700,0,0
11426800,0,0
11426900,0,0
11427000,0,0
11427100,0,0
11427200,0,0
11427300,0,0
11427400,0,0
11427500,0,0
11427600,0,0
11427700,1,0
11427800,0,0
11427900,0,0
11428000,0,0
11428100,0,0
11428200,0,0
11428300,0,0
11428400,0,0
11428500,0,0
11428600,0,0
11428700,0,0
11428800,0,0
11428900,0,0
11429000,0,0
11429100,0,0
11429200,0,0
11429300,0,0
11429400,0,0
11429500,0,0
11429600,0,0
11429700,0,0
11429800,0,0
11429900,1,0
11430000,0,0
11430100,0,0
11430200,0,0
11430300,0,0
11430400,0,0
11430500,0,0
11430600,0,0
11430700,0,0
11430800,0,0
11430900,0,0
11431000,0,0
11431100,0,0
11431200,0,0
11431300,0,0
11431400,0,0
11431500,0,0
11431600,0,0
11431700,0,0
11431800,0,0
11431900,0,0
11432000,0,0
11432100,0,0
11432200,0,1
11432300,0,0
11432400,0,0
11432500,0,0
11432600,0,0
11432700,0,0
11432800,0,0
11432900,0,0
11433000,0,0
11433100,0,0
11433200,0,0
11433300,0,0
11433400,0,0
11433500,0,0
11433600,0,0
11433700,0,0
11433800,0,0
11433900,0,0
11434000,0,0
11434100,0,0
11434200,0,0
11434300,0,0
11434400,0,0
11434500,0,0
11434600,1,0
11434700,0,0
11434800,0,0
11434900,0,0
11435000,0,0
11435100,0,0
11435200,0,0
11435300,0,0
11435400,0,0
11435500,0,0
11435600,0,0
11435700,0,0
11435800,0,0
11435900,0,0
11436000,0,0
11436100,0,0
11436200,0,0
11436300,0,0
11436400,0,0
11436500,0,0
11436600,0,0
11436700,0,0
11436800,2,0
11436900,0,0
11437000,0,0
11437100,0,0
11437200,0,0
11437300,0,0
11437400,0,0
11437500,0,0
11437600,0,0
11437700,0,0
11437800,0,0
11437900,0,0
11438000,0,0
11438100,0,0
11438200,0,0
11438300,0,0
11438400,0,0
11438500,0,0
11438600,0,0
11438700,0,0
11438800,0,0
11438900,1,0
11439000,0,0
11439100,0,0
11439200,0,0
11439300,0,0
11439400,0,0
11439500,0,0
11439600,0,0
11439700,0,0
11439800,0,0
11439900,0,0
11440000,0,0
11440100,0,0
11440200,1,0
11440300,0,0
11440400,0,0
11440500,0,0
11440600,0,0
11440700,0,0
11440800,0,0
11440900,0,0
11441000,0,0
11441100,0,0
11441200,0,0
11441300,0,0
11441400,0,0
11441500,0,0
11441600,0,0
11441700,0,0
11441800,0,0
11441900,0,0
11442000,0,0
11442100,0,0
11442200,0,0
11442300,0,0
11442400,0,0
11442500,0,0
11442600,0,0
11442700,0,0
11442800,0,0
11442900,0,0
11443000,0,0
11443100,0,0
11443200,0,0
11443300,0,0
11443400,0,0
11443500,0,0
11443600,1,0
11443700,0,0
11443800,0,0
11443900,0,0
11444000,0,0
11444100,0,0
11444200,0,0
11444300,0,0
11444400,0,0
11444500,0,0
11444600,0,0
11444700,0,0
11444800,0,0
11444900,0,0
11445000,0,0
11445100,0,0
11445200,0,0
11445300,0,0
11445400,0,0
11445500,0,0
11445600,0,0
11445700,0,0
11445800,0,0
11445900,0,0
11446000,0,0
11446100,0,0
11446200,0,0
11446300,0,0
11446400,0,0
11446500,0,0
11446600,0,0
11446700,0,0
11446800,0,0
11446900,0,0
11447000,1,0
11447100,0,0
11447200,0,0
11447300,0,0
11447400,0,0
11447500,0,0
11447600,0,0
11447700,0,0
11447800,0,0
11447900,0,0
11448000,0,0
11448100,0,0
11448200,0,0
11448300,0,0
11448400,0,0
11448500,0,0
11448600,0,0
11448700,0,0
11448800,0,0
11448900,0,0
11449000,0,0
11449100,0,0
11449200,0,0
11449300,0,0
11449400,0,0
11449500,0,0
11449600,0,0
11449700,0,0
11449800,0,0
11449900,0,0
11450000,0,0
11450100,0,0
11450200,0,0
11450300,0,0
11450400,1,0
11450500,0,0
11450600,0,0
11450700,0,0
11450800,0,0
11450900,0,0
11451000,0,0
11451100,0,0
11451200,0,0
11451300,0,0
11451400,0,0
11451500,0,0
11451600,0,0
11451700,0,0
11451800,0,0
11451900,0,0
11452000,0,0
11452100,0,0
11452200,0,0
11452300,0,0
11452400,0,0
11452500,0,0
11452600,0,0
11452700,0,0
11452800,0,0
11452900,0,0
11453000,0,0
11453100,0,0
11453200,0,0
11453300,0,0
11453400,0,0
11453500,0,0
11453600,0,0
11453700,0,0
11453800,1,0
11453900,0,0
11454000,0,0
11454100,0,0
11454200,0,0
11454300,0,0
11454400,0,0
11454500,0,0
11454600,0,0
11454700,0,0
11454800,0,0
11454900,0,0
11455000,0,0
11455100,0,0
11455200,0,0
11455300,0,0
11455400,0,0
11455500,0,0
11455600,0,0
11455700,0,0
11455800,0,0
11455900,0,0
11456000,0,0
11456100,0,0
11456200,0,0
11456300,0,0
11456400,0,0
11456500,0,0
11456600,0,0
11456700,0,0
11456800,0,0
11456900,0,0
11457000,0,0
11457100,0,0
11457200,1,0
11457300,0,0
11457400,0,0
11457500,0,0
11457600,0,0
11457700,0,0
11457800,0,0
11457900,0,0
11458000,0,0
11458100,0,0
11458200,0,0
11458300,0,0
11458400,0,0
11458500,0,0
11458600,0,0
11458700,0,0
11458800,0,0
11458900,0,0
11459000,0,0
11459100,0,0
11459200,0,0
11459300,0,0
11459400,0,0
11459500,0,0
11459600,0,0
11459700,0,1
11459800,0,0
11459900,0,0
11460000,0,0
11460100,0,0
11460200,0,0
11460300,0,0
11460400,0,0
11460500,0,0
11460600,1,0
11460700,0,0
11460800,0,0
11460900,0,0
11461000,0,0
11461100,0,0
11461200,0,0
11461300,0,0
11461400,0,0
11461500,0,0
11461600,0,0
11461700,0,0
11461800,0,0
11461900,0,0
11462000,0,0
11462100,1,0
11462200,0,0
11462300,0,0
11462400,0,0
11462500,0,0
11462600,0,0
11462700,0,0
11462800,0,0
11462900,0,0
11463000,0,0
11463100,0,0
11463200,0,0
11463300,0,0
11463400,0,0
11463500,0,0
11463600,0,0
11463700,0,0
11463800,0,0
11463900,0,0
11464000,0,0
11464100,0,0
11464200,0,0
11464300,0,0
11464400,1,0
11464500,0,0
11464600,0,0
11464700,0,0
11464800,0,0
11464900,0,0
11465000,0,0
11465100,1,0
11465200,0,0
11465300,0,0
11465400,0,0
11465500,0,0
11465600,0,0
11465700,0,0
11465800,0,0
11465900,0,0
11466000,0,0
11466100,0,0
11466200,0,0
11466300,0,0
11466400,0,0
11466500,0,0
11466600,1,0
11466700,0,0
11466800,0,0
11466900,0,0
11467000,0,0
11467100,0,0
11467200,0,0
11467300,0,0
11467400,0,0
11467500,0,0
11467600,0,0
11467700,0,0
11467800,0,0
11467900,0,0
11468000,0,0
11468100,0,0
11468200,1,0
11468300,0,0
11468400,0,0
11468500,0,0
11468600,0,0
11468700,0,0
11468800,0,0
11468900,0,1
11469000,0,0
11469100,0,0
11469200,0,0
11469300,0,0
11469400,0,0
11469500,0,0
11469600,0,0
11469700,0,0
11469800,0,0
11469900,0,1
11470000,0,0
11470100,0,0
11470200,0,0
11470300,0,0
11470400,0,0
11470500,0,0
11470600,0,0
11470700,0,0
11470800,0,0
11470900,0,0
11471000,0,0
11471100,1,0
11471200,1,0
11471300,0,0
11471400,0,0
11471500,0,0
11471600,0,0
11471700,0,0
11471800,0,0
11471900,0,0
11472000,0,0
11472100,0,0
11472200,0,0
11472300,1,0
11472400,0,0
11472500,0,0
11472600,0,0
11472700,0,0
11472800,1,0
11472900,0,0
11473000,0,0
11473100,0,0
11473200,0,1
11473300,0,0
11473400,0,0
11473500,0,0
11473600,0,0
11473700,0,1
11473800,0,0
11473900,0,0
11474000,0,0
11474100,1,0
11474200,0,0
11474300,0,0
11474400,0,0
11474500,0,0
11474600,0,0
11474700,0,0
11474800,0,0
11474900,1,0
11475000,0,0
11475100,0,0
11475200,0,1
11475300,0,0
11475400,1,0
11475500,0,0
11475600,0,0
11475700,0,0
11475800,0,0
11475900,0,0
11476000,0,0
11476100,0,0
11476200,0,0
11476300,1,0
11476400,1,0
11476500,0,0
11476600,0,0
11476700,0,0
11476800,0,0
11476900,0,0
11477000,0,0
11477100,0,0
11477200,1,0
11477300,0,0
11477400,1,0
11477500,0,0
11477600,0,0
11477700,0,0
11477800,0,0
11477900,0,0
11478000,0,0
11478100,0,0
11478200,0,0
11478300,0,0
11478400,1,0
11478500,0,0
11478600,1,0
11478700,0,0
11478800,0,0
11478900,0,0
11479000,0,0
11479100,0,0
11479200,0,0
11479300,1,0
11479400,0,0
11479500,0,0
11479600,0,0
11479700,0,0
11479800,0,1
11479900,0,0
11480000,0,0
11480100,0,0
11480200,0,0
11480300,1,0
11480400,0,0
11480500,0,0
11480600,0,0
11480700,0,0
11480800,0,0
11480900,0,0
11481000,0,0
11481100,0,0
11481200,0,0
11481300,0,0
11481400,0,0
11481500,1,0
11481600,0,0
11481700,0,0
11481800,0,0
11481900,0,0
11482000,1,0
11482100,1,0
11482200,1,0
11482300,0,0
11482400,0,0
11482500,0,0
11482600,0,0
11482700,0,0
11482800,0,0
11482900,0,0
11483000,0,0
11483100,1,0
11483200,0,0
11483300,0,0
11483400,0,0
11483500,0,0
11483600,0,0
11483700,0,0
11483800,0,0
11483900,0,0
11484000,0,1
11484100,0,0
11484200,0,0
11484300,0,0
11484400,0,0
11484500,1,0
11484600,0,0
11484700,0,0
11484800,0,0
11484900,0,0
11485000,0,0
11485100,0,0
11485200,0,0
11485300,0,1
11485400,1,0
11485500,0,0
11485600,0,0
11485700,0,0
11485800,0,0
11485900,0,0
11486000,0,0
11486100,0,0
11486200,1,0
11486300,0,0
11486400,0,0
11486500,1,0
11486600,0,0
11486700,0,0
11486800,0,0
11486900,0,0
11487000,1,0
11487100,0,0
11487200,0,0
11487300,0,0
11487400,0,0
11487500,0,0
11487600,0,0
11487700,0,0
11487800,0,0
11487900,0,0
11488000,1,0
11488100,0,0
11488200,0,0
11488300,0,0
11488400,0,0
11488500,0,0
11488600,0,0
11488700,0,0
11488800,0,1
11488900,0,0
11489000,0,0
11489100,0,0
11489200,0,0
11489300,1,0
11489400,0,0
11489500,0,0
11489600,0,0
11489700,0,0
11489800,0,0
11489900,0,0
11490000,0,0
11490100,0,0
11490200,0,0
11490300,0,0
11490400,0,0
11490500,0,0
11490600,0,0
11490700,0,0
11490800,0,0
11490900,0,0
11491000,1,0
11491100,0,0
11491200,0,0
11491300,0,0
11491400,0,0
11491500,0,0
11491600,1,0
11491700,0,0
11491800,0,0
11491900,0,0
11492000,0,0
11492100,0,0
11492200,1,0
11492300,0,0
11492400,0,0
11492500,0,0
11492600,0,0
11492700,0,0
11492800,0,0
11492900,0,0
11493000,0,0
11493100,0,0
11493200,0,0
11493300,0,0
11493400,0,0
11493500,0,0
11493600,0,0
11493700,0,0
11493800,0,0
11493900,0,0
11494000,0,0
11494100,1,0
11494200,0,0
11494300,0,0
11494400,0,0
11494500,0,0
11494600,0,0
11494700,0,0
11494800,0,0
11494900,0,0
11495000,0,0
11495100,0,0
11495200,0,0
11495300,0,0
11495400,0,0
11495500,0,0
11495600,1,0
11495700,0,0
11495800,0,0
11495900,0,0
11496000,0,0
11496100,0,0
11496200,0,0
11496300,0,0
11496400,0,0
11496500,0,0
11496600,0,0
11496700,0,0
11496800,0,0
11496900,0,0
11497000,0,0
11497100,0,0
11497200,0,1
11497300,0,0
11497400,0,0
11497500,0,0
11497600,0,0
11497700,0,0
11497800,0,0
11497900,0,0
11498000,0,0
11498100,0,0
11498200,0,0
11498300,0,0
11498400,0,0
11498500,0,0
11498600,0,0
11498700,0,0
11498800,0,0
11498900,0,0
11499000,1,0
11499100,0,0
11499200,0,0
11499300,0,0
11499400,0,0
11499500,0,0
11499600,0,0
11499700,0,0
11499800,0,0
11499900,0,0
11500000,0,0
11500100,0,0
11500200,0,0
11500300,0,0
11500400,0,0
11500500,0,0
11500600,1,0
11500700,0,0
11500800,0,0
11500900,0,0
11501000,0,0
11501100,0,0
11501200,0,0
11501300,0,0
11501400,0,0
11501500,0,0
11501600,0,0
11501700,0,0
11501800,0,0
11501900,0,0
11502000,0,0
11502100,0,0
11502200,0,0
11502300,0,0
11502400,0,0
11502500,0,0
11502600,0,0
11502700,0,0
11502800,0,0
11502900,0,0
11503000,0,0
11503100,0,0
11503200,0,0
11503300,0,0
11503400,0,0
11503500,0,0
11503600,0,0
11503700,0,0
11503800,0,0
11503900,0,0
11504000,1,0
11504100,0,0
11504200,0,0
11504300,0,0
11504400,0,0
11504500,0,0
11504600,0,0
11504700,0,0
11504800,0,0
11504900,0,0
11505000,0,0
11505100,0,0
11505200,0,0
11505300,0,0
11505400,0,0
11505500,0,0
11505600,0,0
11505700,0,0
11505800,0,0
11505900,0,0
11506000,0,0
11506100,0,0
11506200,0,0
11506300,0,0
11506400,0,0
11506500,0,0
11506600,0,0
11506700,0,0
11506800,0,0
11506900,0,0
11507000,0,0
11507100,0,0
11507200,0,0
11507300,0,0
11507400,1,0
11507500,0,0
11507600,0,0
11507700,0,0
11507800,0,0
11507900,0,0
11508000,0,0
11508100,0,0
11508200,0,0
11508300,0,0
11508400,0,0
11508500,0,0
11508600,0,0
11508700,0,0
11508800,0,0
11508900,0,0
11509000,0,0
11509100,0,0
11509200,0,0
11509300,0,0
11509400,0,0
11509500,0,0
11509600,0,0
11509700,0,0
11509800,0,0
11509900,0,0
11510000,0,0
11510100,0,0
11510200,0,0
11510300,0,0
11510400,0,0
11510500,0,0
11510600,0,0
11510700,0,0
11510800,0,1
11510900,0,0
11511000,0,0
11511100,0,0
11511200,0,0
11511300,0,0
11511400,0,0
11511500,0,0
11511600,0,0
11511700,0,0
11511800,0,0
11511900,0,0
11512000,0,0
11512100,0,0
11512200,0,0
11512300,0,0
11512400,0,0
11512500,0,0
11512600,0,0
11512700,0,0
11512800,0,0
11512900,0,0
11513000,0,0
11513100,0,0
11513200,0,0
11513300,0,0
11513400,0,0
11513500,0,0
11513600,0,0
11513700,0,0
11513800,0,0
11513900,0,0
11514000,1,0
11514100,0,0
11514200,0,0
11514300,0,0
11514400,0,0
11514500,0,0
11514600,0,0
11514700,0,0
11514800,0,0
11514900,0,0
11515000,0,0
11515100,0,0
11515200,0,0
11515300,0,0
11515400,0,0
11515500,0,0
11515600,0,0
11515700,0,0
11515800,0,0
11515900,0,0
11516000,0,0
11516100,0,0
11516200,0,0
11516300,0,0
11516400,0,0
11516500,0,0
11516600,0,0
11516700,0,0
11516800,0,0
11516900,0,0
11517000,0,0
11517100,0,0
11517200,0,0
11517300,0,0
11517400,1,0
11517500,0,0
11517600,0,0
11517700,0,0
11517800,0,0
11517900,0,0
11518000,0,0
11518100,0,0
11518200,0,0
11518300,0,0
11518400,0,0
11518500,0,0
11518600,0,0
11518700,0,0
11518800,0,0
11518900,0,0
11519000,0,0
11519100,0,0
11519200,0,0
11519300,0,0
11519400,0,0
11519500,0,0
11519600,0,0
11519700,0,0
11519800,0,0
11519900,0,0
11520000,0,0
11520100,0,0
11520200,0,0
11520300,0,0
11520400,0,0
11520500,0,0
11520600,0,0
11520700,0,0
11520800,1,0
11520900,0,0
11521000,0,0
11521100,0,0
11521200,0,0
11521300,0,0
11521400,0,0
11521500,0,0
11521600,0,0
11521700,0,0
11521800,0,0
11521900,0,0
11522000,0,0
11522100,0,0
11522200,0,0
11522300,0,0
11522400,0,0
11522500,0,0
11522600,0,0
11522700,0,0
11522800,0,0
11522900,0,0
11523000,0,0
11523100,0,0
11523200,0,0
11523300,0,0
11523400,0,0
11523500,0,0
11523600,0,0
11523700,0,0
11523800,0,0
11523900,0,0
11524000,0,0
11524100,0,0
11524200,0,0
11524300,0,0
11524400,0,0
11524500,0,0
11524600,0,0
11524700,0,0
11524800,0,0
11524900,0,0
11525000,0,0
11525100,0,0
11525200,0,0
11525300,0,0
11525400,0,0
11525500,0,0
11525600,0,0
11525700,0,0
11525800,0,0
11525900,0,0
11526000,0,0
11526100,0,0
11526200,0,0
11526300,0,0
11526400,0,0
11526500,0,0
11526600,0,0
11526700,0,0
11526800,0,0
11526900,0,0
11527000,0,0
11527100,0,0
11527200,0,0
11527300,0,0
11527400,0,0
11527500,0,0
11527600,0,0
11527700,0,0
11527800,0,0
11527900,0,0
11528000,0,0
11528100,0,0
11528200,0,0
11528300,0,0
11528400,0,0
11528500,0,0
11528600,0,0
11528700,0,0
11528800,0,0
11528900,0,0
11529000,0,0
11529100,0,0
11529200,0,0
11529300,0,0
11529400,0,0
11529500,0,0
11529600,0,0
11529700,0,0
11529800,0,0
11529900,0,0
11530000,0,0
11530100,0,0
11530200,0,0
11530300,0,0
11530400,0,0
11530500,0,0
11530600,0,0
11530700,0,0
11530800,0,0
11530900,0,0
11531000,0,0
11531100,0,0
11531200,0,0
11531300,0,0
11531400,0,0
11531500,0,0
11531600,0,0
11531700,0,0
11531800,0,0
11531900,0,0
11532000,0,0
11532100,0,0
11532200,0,0
11532300,0,0
11532400,0,0
11532500,0,0
11532600,0,0
11532700,0,0
11532800,0,0
11532900,0,0
11533000,0,0
11533100,0,0
11533200,0,0
11533300,0,0
11533400,0,0
11533500,0,0
11533600,0,0
11533700,0,0
11533800,0,0
11533900,0,0
11534000,0,0
11534100,0,0
11534200,0,0
11534300,0,0
11534400,0,0
11534500,0,0
11534600,0,0
11534700,0,0
11534800,0,0
11534900,0,0
11535000,0,0
11535100,0,0
11535200,0,0
11535300,0,0
11535400,0,0
11535500,0,0
11535600,0,0
11535700,0,0
11535800,0,0
11535900,0,0
11536000,0,0
11536100,0,0
11536200,0,0
11536300,0,0
11536400,0,0
11536500,0,0
11536600,0,0
11536700,0,0
11536800,0,0
11536900,0,0
11537000,0,0
11537100,0,0
11537200,0,0
11537300,0,0
11537400,0,0
11537500,0,0
11537600,0,0
11537700,0,0
11537800,0,0
11537900,0,0
11538000,0,0
11538100,0,0
11538200,0,0
11538300,0,0
11538400,0,0
11538500,0,0
11538600,0,0
11538700,0,0
11538800,0,0
11538900,0,0
11539000,0,1
11539100,0,0
11539200,0,0
11539300,0,0
11539400,0,0
11539500,0,0
11539600,0,0
11539700,0,0
11539800,0,0
11539900,0,0
11540000,0,0
11540100,0,0
11540200,0,0
11540300,0,0
11540400,0,0
11540500,0,0
11540600,0,0
11540700,0,0
11540800,0,0
11540900,0,0
11541000,0,0
11541100,0,0
11541200,0,0
11541300,1,0
11541400,0,0
11541500,0,0
11541600,0,0
11541700,0,0
11541800,0,0
11541900,0,0
11542000,0,0
11542100,0,0
11542200,0,0
11542300,0,0
11542400,0,0
11542500,0,0
11542600,0,0
11542700,0,0
11542800,0,0
11542900,0,0
11543000,0,0
11543100,0,0
11543200,0,0
11543300,0,0
11543400,0,0
11543500,1,0
11543600,0,0
11543700,0,0
11543800,0,0
11543900,0,0
11544000,0,0
11544100,0,0
11544200,0,0
11544300,0,0
11544400,0,0
11544500,0,0
11544600,0,0
11544700,0,0
11544800,0,0
11544900,0,0
11545000,0,0
11545100,0,0
11545200,0,0
11545300,0,0
11545400,0,0
11545500,0,0
11545600,0,0
11545700,0,0
11545800,1,0
11545900,0,0
11546000,0,0
11546100,0,0
11546200,0,0
11546300,0,0
11546400,0,0
11546500,0,0
11546600,0,0
11546700,0,0
11546800,0,0
11546900,0,0
11547000,0,0
11547100,0,0
11547200,0,0
11547300,0,0
11547400,0,0
11547500,0,0
11547600,0,0
11547700,0,0
11547800,0,0
11547900,0,0
11548000,0,0
11548100,0,0
11548200,0,1
11548300,0,0
11548400,0,0
11548500,0,0
11548600,0,0
11548700,0,0
11548800,0,0
11548900,0,0
11549000,0,0
11549100,0,0
11549200,0,0
11549300,0,0
11549400,0,0
11549500,0,0
11549600,0,0
11549700,0,0
11549800,0,0
11549900,0,0
11550000,0,0
11550100,0,0
11550200,0,0
11550300,0,0
11550400,0,0
11550500,0,0
11550600,0,0
11550700,0,0
11550800,1,0
11550900,0,0
11551000,0,0
11551100,0,0
11551200,0,0
11551300,0,0
11551400,0,0
11551500,0,0
11551600,0,0
11551700,0,0
11551800,0,0
11551900,0,0
11552000,0,0
11552100,0,0
11552200,0,0
11552300,0,0
11552400,0,0
11552500,0,0
11552600,0,0
11552700,0,0
11552800,0,0
11552900,1,0
11553000,0,0
11553100,0,0
11553200,0,0
11553300,0,0
11553400,0,0
11553500,0,0
11553600,0,0
11553700,0,0
11553800,0,0
11553900,0,0
11554000,0,0
11554100,0,0
11554200,0,0
11554300,0,0
11554400,0,0
11554500,0,0
11554600,0,0
11554700,0,0
11554800,0,0
11554900,1,0
11555000,0,0
11555100,0,0
11555200,0,0
11555300,0,0
11555400,0,0
11555500,0,0
11555600,0,0
11555700,0,0
11555800,0,0
11555900,0,0
11556000,0,0
11556100,0,0
11556200,0,0
11556300,0,0
11556400,0,0
11556500,0,0
11556600,0,0
11556700,0,0
11556800,0,0
11556900,0,0
11557000,0,0
11557100,0,0
11557200,0,0
11557300,0,0
11557400,0,0
11557500,0,0
11557600,0,0
11557700,0,0
11557800,0,0
11557900,0,0
11558000,0,0
11558100,0,0
11558200,0,0
11558300,0,0
11558400,0,0
11558500,0,0
11558600,0,0
11558700,0,0
11558800,0,0
11558900,0,0
11559000,0,0
11559100,0,0
11559200,0,0
11559300,0,0
11559400,0,0
11559500,0,0
11559600,0,0
11559700,0,0
11559800,0,0
11559900,0,0
11560000,0,0
11560100,0,0
11560200,0,0
11560300,0,0
11560400,0,0
11560500,0,0
11560600,0,0
11560700,0,0
11560800,0,0
11560900,0,0
11561000,0,0
11561100,0,0
11561200,0,0
11561300,0,0
11561400,0,0
11561500,0,0
11561600,0,0
11561700,0,0
11561800,0,0
11561900,0,0
11562000,0,0
11562100,0,0
11562200,0,0
11562300,0,0
11562400,0,0
11562500,0,0
11562600,0,0
11562700,0,0
11562800,0,0
11562900,0,0
11563000,0,0
11563100,0,0
11563200,0,0
11563300,0,0
11563400,0,0
11563500,0,0
11563600,0,0
11563700,0,0
11563800,0,0
11563900,0,0
11564000,0,0
11564100,0,0
11564200,0,0
11564300,0,0
11564400,0,0
11564500,0,0
11564600,0,0
11564700,0,0
11564800,0,0
11564900,0,0
11565000,0,0
11565100,0,0
11565200,0,0
11565300,0,0
11565400,0,0
11565500,0,0
11565600,0,0
11565700,0,0
11565800,0,0
11565900,0,1
11566000,0,0
11566100,0,0
11566200,0,0
11566300,0,0
11566400,0,0
11566500,0,0
11566600,0,0
11566700,0,0
11566800,0,0
11566900,0,0
11567000,0,0
11567100,0,0
11567200,0,0
11567300,0,0
11567400,0,0
11567500,0,0
11567600,0,0
11567700,0,0
11567800,0,0
11567900,0,0
11568000,0,0
11568100,0,0
11568200,0,0
11568300,0,0
11568400,0,0
11568500,0,0
11568600,0,0
11568700,0,0
11568800,1,0
11568900,0,0
11569000,0,0
11569100,0,0
11569200,0,0
11569300,0,0
11569400,0,0
11569500,0,0
11569600,0,0
11569700,0,0
11569800,0,0
11569900,0,0
11570000,0,0
11570100,0,0
11570200,0,0
11570300,0,0
11570400,0,0
11570500,0,0
11570600,0,0
11570700,0,0
11570800,0,0
11570900,0,0
11571000,0,0
11571100,0,0
11571200,0,0
11571300,0,0
11571400,0,0
11571500,0,0
11571600,0,0
11571700,0,0
11571800,1,0
11571900,0,0
11572000,0,0
11572100,0,0
11572200,0,0
11572300,0,0
11572400,0,0
11572500,0,0
11572600,0,0
11572700,0,0
11572800,0,0
11572900,0,0
11573000,0,0
11573100,0,0
11573200,0,0
11573300,0,0
11573400,0,0
11573500,0,0
11573600,0,0
11573700,0,0
11573800,0,0
11573900,0,0
11574000,0,0
11574100,0,0
11574200,0,0
11574300,0,0
11574400,0,0
11574500,0,0
11574600,0,0
11574700,1,0
11574800,0,0
11574900,0,0
11575000,0,0
11575100,0,0
11575200,0,0
11575300,0,1
11575400,0,0
11575500,0,0
11575600,0,0
11575700,0,0
11575800,0,0
11575900,0,0
11576000,0,0
11576100,0,0
11576200,0,0
11576300,0,0
11576400,0,0
11576500,0,0
11576600,0,0
11576700,0,0
11576800,0,0
11576900,0,0
11577000,0,0
11577100,0,0
11577200,0,0
11577300,0,0
11577400,0,0
11577500,0,0
11577600,1,1
11577700,0,0
11577800,0,0
11577900,0,0
11578000,0,0
11578100,0,0
11578200,0,0
11578300,0,0
11578400,0,0
11578500,0,0
11578600,0,0
11578700,0,0
11578800,0,0
11578900,0,0
11579000,0,0
11579100,0,0
11579200,0,0
11579300,0,0
11579400,0,0
11579500,0,0
11579600,0,0
11579700,0,0
11579800,0,0
11579900,0,0
11580000,0,0
11580100,0,0
11580200,1,0
11580300,0,0
11580400,0,0
11580500,1,0
11580600,0,0
11580700,0,0
11580800,0,0
11580900,0,0
11581000,0,0
11581100,0,0
11581200,0,0
11581300,0,0
11581400,0,0
11581500,0,0
11581600,0,0
11581700,0,0
11581800,0,0
11581900,0,0
11582000,0,0
11582100,0,0
11582200,0,0
11582300,0,0
11582400,0,0
11582500,0,0
11582600,0,0
11582700,0,0
11582800,1,0
11582900,0,0
11583000,0,0
11583100,0,0
11583200,1,0
11583300,0,0
11583400,0,0
11583500,0,0
11583600,0,0
11583700,0,0
11583800,0,0
11583900,0,0
11584000,0,0
11584100,0,0
11584200,0,0
11584300,0,0
11584400,0,0
11584500,0,0
11584600,0,0
11584700,0,0
11584800,0,0
11584900,0,0
11585000,0,0
11585100,0,0
11585200,0,0
11585300,0,1
11585400,0,0
11585500,0,0
11585600,0,0
11585700,0,0
11585800,0,0
11585900,0,0
11586000,0,0
11586100,0,0
11586200,1,0
11586300,0,0
11586400,0,0
11586500,0,0
11586600,0,0
11586700,0,0
11586800,0,0
11586900,0,0
11587000,0,0
11587100,0,0
11587200,0,0
11587300,0,0
11587400,0,0
11587500,0,0
11587600,0,0
11587700,0,0
11587800,0,0
11587900,1,0
11588000,0,0
11588100,0,0
11588200,0,0
11588300,0,0
11588400,0,0
11588500,0,0
11588600,0,0
11588700,0,0
11588800,0,0
11588900,0,0
11589000,0,0
11589100,0,0
11589200,0,0
11589300,0,0
11589400,0,0
11589500,0,0
11589600,0,0
11589700,0,0
11589800,0,0
11589900,0,0
11590000,0,0
11590100,0,0
11590200,1,0
11590300,0,0
11590400,0,0
11590500,0,0
11590600,0,0
11590700,0,0
11590800,0,0
11590900,0,0
11591000,0,0
11591100,0,0
11591200,0,0
11591300,0,0
11591400,0,0
11591500,0,0
11591600,0,0
11591700,0,0
11591800,0,0
11591900,0,0
11592000,0,0
11592100,0,0
11592200,0,0
11592300,0,0
11592400,0,0
11592500,0,0
11592600,1,0
11592700,0,0
11592800,0,0
11592900,0,0
11593000,0,0
11593100,0,0
11593200,0,0
11593300,0,0
11593400,0,0
11593500,0,0
11593600,0,0
11593700,0,0
11593800,0,0
11593900,0,0
11594000,0,0
11594100,0,0
11594200,0,0
11594300,0,0
11594400,0,0
11594500,0,0
11594600,0,0
11594700,0,0
11594800,0,0
11594900,0,0
11595000,0,0
11595100,0,0
11595200,0,0
11595300,0,0
11595400,0,0
11595500,0,0
11595600,0,0
11595700,0,0
11595800,0,0
11595900,0,0
11596000,0,0
11596100,0,0
11596200,0,0
11596300,0,0
11596400,0,0
11596500,0,0
11596600,0,0
11596700,0,0
11596800,0,0
11596900,0,0
11597000,0,0
11597100,0,0
11597200,0,0
11597300,0,0
11597400,0,0
11597500,0,0
11597600,0,0
11597700,0,0
11597800,0,0
11597900,0,0
11598000,0,0
11598100,0,0
11598200,0,0
11598300,0,0
11598400,0,0
11598500,0,0
11598600,0,0
11598700,0,0
11598800,0,0
11598900,0,0
11599000,0,0
11599100,0,0
11599200,0,0
11599300,0,0
11599400,0,0
11599500,0,0
11599600,0,0
11599700,0,0
11599800,0,0
11599900,0,0
11600000,0,0
11600100,0,0
11600200,0,0
11600300,0,0
11600400,0,0
11600500,0,0
11600600,0,0
11600700,0,0
11600800,0,0
11600900,0,0
11601000,0,0
11601100,0,0
11601200,0,0
11601300,0,0
11601400,0,0
11601500,0,0
11601600,0,0
11601700,0,0
11601800,0,0
11601900,0,0
11602000,0,0
11602100,0,0
11602200,0,0
11602300,0,0
11602400,0,0
11602500,0,0
11602600,0,0
11602700,0,0
11602800,0,0
11602900,0,0
11603000,0,0
11603100,0,0
11603200,0,0
11603300,0,0
11603400,0,0
11603500,0,0
11603600,0,0
11603700,0,0
11603800,0,0
11603900,0,0
11604000,0,0
11604100,0,0
11604200,0,0
11604300,0,0
11604400,0,0
11604500,0,0
11604600,0,0
11604700,0,0
11604800,0,0
11604900,0,0
11605000,0,0
11605100,0,0
11605200,0,0
11605300,0,0
11605400,0,0
11605500,0,0
11605600,0,0
11605700,0,0
11605800,0,0
11605900,0,0
11606000,0,0
11606100,0,0
11606200,0,0
11606300,0,0
11606400,0,0
11606500,0,0
11606600,0,0
11606700,0,0
11606800,0,0
11606900,0,0
11607000,0,0
11607100,0,0
11607200,0,0
11607300,0,0
11607400,0,0
11607500,0,0
11607600,0,0
11607700,0,0
11607800,0,0
11607900,0,0
11608000,0,0
11608100,0,0
11608200,0,0
11608300,0,0
11608400,0,0
11608500,0,0
11608600,0,0
11608700,0,0
11608800,0,0
11608900,0,0
11609000,0,0
11609100,0,0
11609200,0,0
11609300,0,0
11609400,0,0
11609500,0,0
11609600,0,0
11609700,0,0
11609800,0,0
11609900,0,0
11610000,0,0
11610100,0,0
11610200,0,0
11610300,0,0
11610400,0,0
11610500,0,0
11610600,0,0
11610700,0,0
11610800,0,0
11610900,0,0
11611000,0,0
11611100,0,0
11611200,0,0
11611300,0,0
11611400,0,0
11611500,0,0
11611600,0,0
11611700,0,0
11611800,0,0
11611900,0,0
11612000,0,0
11612100,0,0
11612200,0,0
11612300,0,0
11612400,0,0
11612500,0,0
11612600,0,0
11612700,0,0
11612800,0,0
11612900,0,0
11613000,0,0
11613100,0,0
11613200,0,0
11613300,0,0
11613400,0,0
11613500,0,0
11613600,0,0
11613700,0,0
11613800,0,0
11613900,0,0
11614000,0,0
11614100,0,0
11614200,0,0
11614300,0,0
11614400,0,0
11614500,0,0
11614600,0,0
11614700,0,0
11614800,0,0
11614900,0,0
11615000,0,0
11615100,0,0
11615200,0,0
11615300,0,0
11615400,0,0
11615500,0,0
11615600,0,0
11615700,0,0
11615800,0,0
11615900,0,0
11616000,0,0
11616100,0,0
11616200,0,0
11616300,0,0
11616400,0,0
11616500,0,0
11616600,0,0
11616700,0,0
11616800,0,0
11616900,0,1
11617000,0,0
11617100,0,0
11617200,0,0
11617300,0,0
11617400,0,0
11617500,0,0
11617600,0,0
11617700,0,0
11617800,0,0
11617900,0,0
11618000,0,0
11618100,0,0
11618200,0,0
11618300,0,0
11618400,0,0
11618500,0,0
11618600,0,0
11618700,0,0
11618800,0,0
11618900,0,0
11619000,0,0
11619100,0,0
11619200,0,0
11619300,0,0
11619400,0,0
11619500,0,0
11619600,0,0
11619700,0,0
11619800,0,0
11619900,0,0
11620000,1,0
11620100,0,0
11620200,0,0
11620300,0,0
11620400,0,0
11620500,0,0
11620600,0,0
11620700,0,0
11620800,0,0
11620900,0,0
11621000,0,0
11621100,0,0
11621200,0,0
11621300,0,0
11621400,0,0
11621500,0,0
11621600,0,0
11621700,0,0
11621800,0,0
11621900,0,0
11622000,0,0
11622100,0,0
11622200,0,0
11622300,0,0
11622400,0,0
11622500,0,0
11622600,0,0
11622700,0,0
11622800,1,0
11622900,0,0
11623000,0,0
11623100,0,0
11623200,0,0
11623300,0,0
11623400,0,0
11623500,0,0
11623600,0,0
11623700,0,0
11623800,0,0
11623900,0,0
11624000,0,0
11624100,0,0
11624200,0,0
11624300,0,0
11624400,0,0
11624500,0,0
11624600,0,0
11624700,0,0
11624800,0,1
11624900,0,0
11625000,0,0
11625100,0,0
11625200,0,0
11625300,0,0
11625400,0,0
11625500,0,0
11625600,0,0
11625700,1,0
11625800,0,0
11625900,0,0
11626000,0,0
11626100,0,0
11626200,0,0
11626300,0,0
11626400,0,0
11626500,0,0
11626600,0,0
11626700,0,0
11626800,0,0
11626900,0,0
11627000,0,0
11627100,0,0
11627200,0,0
11627300,0,0
11627400,0,0
11627500,1,0
11627600,0,0
11627700,0,0
11627800,0,0
11627900,0,0
11628000,0,0
11628100,0,0
11628200,0,0
11628300,0,0
11628400,0,0
11628500,0,0
11628600,0,0
11628700,0,0
11628800,0,1
11628900,0,0
11629000,0,0
11629100,0,0
11629200,0,0
11629300,0,0
11629400,0,0
11629500,0,0
11629600,0,0
11629700,0,0
11629800,0,0
11629900,0,0
11630000,0,0
11630100,0,0
11630200,1,0
11630300,0,0
11630400,0,0
11630500,0,0
11630600,0,0
11630700,0,0
11630800,0,0
11630900,0,0
11631000,0,0
11631100,0,0
11631200,0,0
11631300,0,0
11631400,0,0
11631500,0,0
11631600,0,0
11631700,1,0
11631800,0,0
11631900,0,0
11632000,0,0
11632100,0,0
11632200,0,0
11632300,0,0
11632400,0,0
11632500,0,0
11632600,0,0
11632700,0,0
11632800,0,0
11632900,1,0
11633000,0,0
11633100,0,0
11633200,0,0
11633300,0,0
11633400,0,0
11633500,0,0
11633600,0,0
11633700,0,0
11633800,0,0
11633900,0,0
11634000,0,0
11634100,0,0
11634200,0,0
11634300,0,0
11634400,0,0
11634500,1,0
11634600,0,0
11634700,0,0
11634800,0,0
11634900,0,0
11635000,0,0
11635100,0,0
11635200,0,0
11635300,0,0
11635400,0,0
11635500,0,0
11635600,0,0
11635700,0,0
11635800,0,0
11635900,0,1
11636000,0,0
11636100,0,0
11636200,0,0
11636300,0,0
11636400,0,0
11636500,0,0
11636600,0,0
11636700,0,0
11636800,0,0
11636900,0,0
11637000,0,0
11637100,0,0
11637200,0,0
11637300,0,0
11637400,1,0
11637500,0,0
11637600,0,0
11637700,0,0
11637800,0,0
11637900,0,0
11638000,0,0
11638100,0,0
11638200,1,0
11638300,0,0
11638400,0,0
11638500,0,0
11638600,0,0
11638700,0,0
11638800,0,0
11638900,0,0
11639000,0,0
11639100,0,0
11639200,0,0
11639300,0,0
11639400,0,0
11639500,0,0
11639600,0,0
11639700,0,0
11639800,0,0
11639900,0,0
11640000,0,0
11640100,0,0
11640200,0,0
11640300,0,0
11640400,0,0
11640500,0,0
11640600,0,0
11640700,0,0
11640800,0,0
11640900,1,0
11641000,0,0
11641100,0,0
11641200,0,0
11641300,0,0
11641400,0,0
11641500,0,0
11641600,0,0
11641700,0,0
11641800,0,0
11641900,0,0
11642000,0,0
11642100,0,0
11642200,0,0
11642300,0,0
11642400,0,0
11642500,0,0
11642600,0,0
11642700,0,0
11642800,0,0
11642900,0,0
11643000,0,0
11643100,0,0
11643200,0,0
11643300,0,0
11643400,0,0
11643500,0,0
11643600,0,0
11643700,0,0
11643800,1,0
11643900,0,0
11644000,0,0
11644100,0,0
11644200,0,0
11644300,0,0
11644400,0,0
11644500,0,0
11644600,0,0
11644700,0,0
11644800,0,0
11644900,0,0
11645000,0,0
11645100,0,0
11645200,0,0
11645300,0,0
11645400,0,0
11645500,0,0
11645600,0,0
11645700,0,0
11645800,0,0
11645900,0,0
11646000,0,0
11646100,0,0
11646200,0,0
11646300,0,0
11646400,0,0
11646500,0,0
11646600,0,0
11646700,0,0
11646800,0,0
11646900,0,0
11647000,0,0
11647100,0,0
11647200,0,0
11647300,0,0
11647400,0,0
11647500,0,0
11647600,0,0
11647700,0,0
11647800,0,0
11647900,0,0
11648000,0,0
11648100,0,0
11648200,0,0
11648300,0,0
11648400,0,0
11648500,0,0
11648600,0,0
11648700,0,0
11648800,0,0
11648900,0,0
11649000,0,0
11649100,0,0
11649200,0,0
11649300,0,0
11649400,0,0
11649500,0,0
11649600,0,0
11649700,0,0
11649800,0,0
11649900,0,0
11650000,0,0
11650100,0,0
11650200,0,0
11650300,0,0
11650400,0,0
11650500,0,0
11650600,0,0
11650700,0,0
11650800,0,0
11650900,0,0
11651000,0,0
11651100,0,0
11651200,0,1
11651300,0,0
11651400,0,0
11651500,0,0
11651600,0,0
11651700,0,0
11651800,0,0
11651900,0,0
11652000,0,0
11652100,0,0
11652200,0,0
11652300,0,0
11652400,0,0
11652500,0,0
11652600,0,0
11652700,0,0
11652800,0,0
11652900,0,0
11653000,0,0
11653100,0,0
11653200,0,0
11653300,0,0
11653400,0,0
11653500,0,0
11653600,0,0
11653700,0,0
11653800,1,0
11653900,0,0
11654000,0,0
11654100,0,0
11654200,0,0
11654300,0,0
11654400,0,0
11654500,0,0
11654600,0,0
11654700,0,0
11654800,0,0
11654900,0,0
11655000,0,0
11655100,0,0
11655200,0,0
11655300,0,0
11655400,0,0
11655500,0,0
11655600,0,0
11655700,0,0
11655800,0,0
11655900,0,0
11656000,0,0
11656100,0,0
11656200,0,0
11656300,1,0
11656400,0,0
11656500,0,0
11656600,0,0
11656700,0,0
11656800,0,0
11656900,0,0
11657000,0,0
11657100,0,0
11657200,0,0
11657300,0,0
11657400,0,0
11657500,0,0
11657600,0,0
11657700,0,0
11657800,0,0
11657900,0,0
11658000,0,0
11658100,0,0
11658200,0,0
11658300,0,0
11658400,0,0
11658500,1,0
11658600,0,0
11658700,0,0
11658800,0,0
11658900,0,0
11659000,0,0
11659100,0,0
11659200,0,0
11659300,0,0
11659400,0,0
11659500,0,0
11659600,0,0
11659700,0,0
11659800,0,0
11659900,0,0
11660000,0,0
11660100,0,0
11660200,0,0
11660300,0,0
11660400,0,0
11660500,0,0
11660600,0,1
11660700,0,0
11660800,0,0
11660900,0,0
11661000,0,0
11661100,0,0
11661200,0,0
11661300,0,0
11661400,0,0
11661500,0,0
11661600,0,0
11661700,0,0
11661800,0,0
11661900,0,0
11662000,0,0
11662100,0,0
11662200,0,0
11662300,0,0
11662400,0,0
11662500,0,0
11662600,0,0
11662700,0,0
11662800,0,0
11662900,0,0
11663000,1,0
11663100,0,0
11663200,0,0
11663300,0,0
11663400,0,0
11663500,0,0
11663600,0,0
11663700,0,0
11663800,0,0
11663900,0,0
11664000,0,0
11664100,0,0
11664200,0,0
11664300,0,0
11664400,0,0
11664500,0,0
11664600,0,0
11664700,0,0
11664800,0,0
11664900,0,0
11665000,0,0
11665100,0,0
11665200,0,0
11665300,0,0
11665400,0,0
11665500,1,0
11665600,0,0
11665700,0,0
11665800,0,0
11665900,0,0
11666000,0,0
11666100,0,0
11666200,0,0
11666300,0,0
11666400,0,0
11666500,0,0
11666600,0,0
11666700,0,0
11666800,0,0
11666900,0,0
11667000,0,0
11667100,0,0
11667200,0,0
11667300,0,0
11667400,0,0
11667500,0,0
11667600,0,0
11667700,0,0
11667800,0,0
11667900,0,0
11668000,0,0
11668100,1,0
11668200,0,0
11668300,0,0
11668400,0,0
11668500,0,0
11668600,0,0
11668700,0,0
11668800,0,0
11668900,0,0
11669000,0,0
11669100,0,0
11669200,0,0
11669300,0,0
11669400,0,0
11669500,0,0
11669600,0,0
11669700,0,0
11669800,0,0
11669900,0,0
11670000,0,0
11670100,0,0
11670200,0,0
11670300,0,0
11670400,0,0
11670500,0,0
11670600,0,0
11670700,0,0
11670800,0,0
11670900,0,0
11671000,0,0
11671100,0,0
11671200,0,0
11671300,0,0
11671400,0,0
11671500,0,0
11671600,0,0
11671700,0,0
11671800,0,0
11671900,0,0
11672000,0,0
11672100,0,0
11672200,0,0
11672300,0,0
11672400,0,0
11672500,0,0
11672600,0,0
11672700,0,0
11672800,0,0
11672900,0,0
11673000,0,0
11673100,0,0
11673200,0,0
11673300,0,0
11673400,0,0
11673500,0,0
11673600,0,0
11673700,0,0
11673800,0,0
11673900,0,0
11674000,0,0
11674100,0,0
11674200,0,0
11674300,0,0
11674400,0,0
11674500,0,0
11674600,0,0
11674700,0,0
11674800,0,0
11674900,0,0
11675000,0,0
11675100,0,0
11675200,0,0
11675300,0,0
11675400,0,0
11675500,0,0
11675600,0,0
11675700,0,0
11675800,0,0
11675900,0,0
11676000,0,0
11676100,0,0
11676200,0,0
11676300,0,0
11676400,0,0
11676500,0,0
11676600,0,0
11676700,0,0
11676800,0,0
11676900,0,0
11677000,0,0
11677100,0,0
11677200,0,0
11677300,0,0
11677400,0,0
11677500,0,0
11677600,0,0
11677700,0,0
11677800,0,0
11677900,0,0
11678000,0,0
11678100,0,0
11678200,0,0
11678300,0,0
11678400,0,0
11678500,0,0
11678600,0,0
11678700,0,0
11678800,0,0
11678900,0,0
11679000,0,0
11679100,0,0
11679200,0,0
11679300,0,0
11679400,0,0
11679500,0,0
11679600,0,0
11679700,0,0
11679800,0,0
11679900,0,0
11680000,0,0
11680100,0,0
11680200,0,0
11680300,0,0
11680400,0,0
11680500,0,0
11680600,0,0
11680700,0,0
11680800,0,0
11680900,0,0
11681000,0,0
11681100,0,0
11681200,0,0
11681300,0,0
11681400,0,0
11681500,0,0
11681600,0,0
11681700,0,0
11681800,0,0
11681900,0,0
11682000,0,0
11682100,0,1
11682200,0,0
11682300,0,0
11682400,0,0
11682500,0,0
11682600,0,0
11682700,0,0
11682800,0,0
11682900,0,0
11683000,0,0
11683100,0,0
11683200,0,0
11683300,0,0
11683400,0,0
11683500,0,0
11683600,0,0
11683700,0,0
11683800,0,0
11683900,0,0
11684000,0,0
11684100,0,0
11684200,0,0
11684300,0,0
11684400,0,0
11684500,0,0
11684600,0,0
11684700,1,0
11684800,0,0
11684900,0,0
11685000,0,0
11685100,0,0
11685200,0,0
11685300,0,0
11685400,0,0
11685500,0,0
11685600,0,0
11685700,0,0
11685800,0,0
11685900,0,0
11686000,0,0
11686100,0,0
11686200,0,0
11686300,0,0
11686400,0,0
11686500,0,0
11686600,0,0
11686700,0,0
11686800,0,0
11686900,0,0
11687000,1,0
11687100,0,0
11687200,0,0
11687300,0,0
11687400,0,0
11687500,0,0
11687600,0,0
11687700,0,0
11687800,0,0
11687900,0,0
11688000,0,0
11688100,0,0
11688200,0,0
11688300,0,0
11688400,0,0
11688500,0,0
11688600,0,0
11688700,0,0
11688800,0,0
11688900,0,0
11689000,0,0
11689100,0,0
11689200,0,0
11689300,0,0
11689400,1,0
11689500,0,0
11689600,0,0
11689700,0,0
11689800,0,0
11689900,0,0
11690000,0,0
11690100,0,0
11690200,0,0
11690300,0,0
11690400,0,0
11690500,0,0
11690600,0,0
11690700,0,0
11690800,0,0
11690900,0,0
11691000,0,0
11691100,0,0
11691200,0,0
11691300,0,0
11691400,0,0
11691500,0,0
11691600,0,0
11691700,0,0
11691800,0,0
11691900,0,0
11692000,0,0
11692100,0,1
11692200,0,0
11692300,0,0
11692400,0,0
11692500,0,0
11692600,0,0
11692700,0,0
11692800,0,0
11692900,0,0
11693000,0,0
11693100,0,0
11693200,0,0
11693300,0,0
11693400,0,0
11693500,0,0
11693600,0,0
11693700,0,0
11693800,0,0
11693900,0,0
11694000,0,0
11694100,0,0
11694200,0,0
11694300,1,0
11694400,0,0
11694500,0,0
11694600,0,0
11694700,0,0
11694800,0,0
11694900,0,0
11695000,0,0
11695100,0,0
11695200,0,0
11695300,0,0
11695400,0,0
11695500,0,0
11695600,0,0
11695700,0,0
11695800,0,0
11695900,0,0
11696000,0,0
11696100,0,0
11696200,0,0
11696300,0,0
11696400,0,0
11696500,0,0
11696600,0,0
11696700,0,0
11696800,0,0
11696900,1,0
11697000,0,0
11697100,0,0
11697200,0,0
11697300,0,0
11697400,0,0
11697500,0,0
11697600,0,0
11697700,0,0
11697800,0,0
11697900,0,0
11698000,0,0
11698100,0,0
11698200,0,0
11698300,0,0
11698400,0,0
11698500,0,0
11698600,0,0
11698700,0,0
11698800,0,0
11698900,0,0
11699000,0,0
11699100,0,0
11699200,1,0
11699300,0,0
11699400,0,0
11699500,0,0
11699600,0,0
11699700,0,0
11699800,0,0
11699900,0,0
11700000,0,0
11700100,0,0
11700200,0,0
11700300,0,0
11700400,0,0
11700500,0,0
11700600,0,0
11700700,0,0
11700800,0,0
11700900,0,0
11701000,0,0
11701100,0,0
11701200,0,0
11701300,0,0
11701400,0,0
11701500,0,0
11701600,0,0
11701700,0,0
11701800,0,0
11701900,0,0
11702000,0,0
11702100,0,0
11702200,0,0
11702300,0,0
11702400,0,0
11702500,0,0
11702600,0,0
11702700,0,0
11702800,0,0
11702900,0,0
11703000,0,0
11703100,0,0
11703200,0,0
11703300,0,0
11703400,0,0
11703500,0,0
11703600,0,0
11703700,0,0
11703800,0,0
11703900,0,0
11704000,0,0
11704100,0,0
11704200,0,0
11704300,0,0
11704400,0,0
11704500,0,0
11704600,0,0
11704700,0,0
11704800,0,0
11704900,0,0
11705000,0,0
11705100,0,0
11705200,0,0
11705300,0,0
11705400,0,0
11705500,0,0
11705600,0,0
11705700,0,0
11705800,0,0
11705900,0,0
11706000,0,0
11706100,0,0
11706200,0,0
11706300,0,0
11706400,0,0
11706500,0,0
11706600,0,0
11706700,0,0
11706800,0,0
11706900,0,0
11707000,0,0
11707100,0,0
11707200,0,0
11707300,0,0
11707400,0,0
11707500,0,0
11707600,0,0
11707700,0,0
11707800,0,0
11707900,0,0
11708000,0,0
11708100,0,0
11708200,0,0
11708300,0,0
11708400,0,0
11708500,0,0
11708600,0,0
11708700,0,0
11708800,0,0
11708900,0,0
11709000,0,0
11709100,0,0
11709200,0,0
11709300,0,0
11709400,0,0
11709500,0,0
11709600,0,0
11709700,0,0
11709800,0,0
11709900,0,0
11710000,0,0
11710100,0,0
11710200,0,0
11710300,0,0
11710400,0,0
11710500,0,0
11710600,0,0
11710700,0,0
11710800,0,0
11710900,0,0
11711000,0,0
11711100,0,0
11711200,0,0
11711300,0,0
11711400,0,0
11711500,0,0
11711600,0,0
11711700,0,0
11711800,0,0
11711900,0,0
11712000,0,0
11712100,0,0
11712200,0,0
11712300,0,1
11712400,0,0
11712500,0,0
11712600,0,0
11712700,0,0
11712800,0,0
11712900,0,0
11713000,0,0
11713100,0,0
11713200,0,0
11713300,0,0
11713400,0,0
11713500,0,0
11713600,0,0
11713700,0,0
11713800,0,0
11713900,0,0
11714000,0,0
11714100,0,0
11714200,0,0
11714300,0,0
11714400,0,0
11714500,0,0
11714600,0,0
11714700,0,0
11714800,1,0
11714900,0,0
11715000,0,0
11715100,0,0
11715200,0,0
11715300,0,0
11715400,0,0
11715500,0,0
11715600,0,0
11715700,0,0
11715800,0,0
11715900,0,0
11716000,0,0
11716100,0,0
11716200,0,0
11716300,0,0
11716400,0,0
11716500,0,0
11716600,0,0
11716700,0,0
11716800,0,0
11716900,0,0
11717000,0,0
11717100,0,0
11717200,1,0
11717300,0,0
11717400,0,0
11717500,0,0
11717600,0,0
11717700,0,0
11717800,0,0
11717900,0,0
11718000,0,0
11718100,0,0
11718200,0,0
11718300,0,0
11718400,0,0
11718500,0,0
11718600,0,0
11718700,0,0
11718800,0,0
11718900,0,0
11719000,0,0
11719100,0,0
11719200,0,0
11719300,0,0
11719400,0,0
11719500,0,0
11719600,0,0
11719700,0,0
11719800,0,0
11719900,1,0
11720000,0,0
11720100,0,0
11720200,0,0
11720300,0,0
11720400,0,0
11720500,0,0
11720600,0,0
11720700,0,0
11720800,0,0
11720900,0,0
11721000,0,0
11721100,0,0
11721200,0,0
11721300,0,0
11721400,0,0
11721500,0,0
11721600,0,0
11721700,0,0
11721800,0,0
11721900,0,0
11722000,0,0
11722100,0,0
11722200,0,0
11722300,0,1
11722400,0,0
11722500,0,0
11722600,0,0
11722700,0,0
11722800,0,0
11722900,0,0
11723000,0,0
11723100,0,0
11723200,0,0
11723300,0,0
11723400,0,0
11723500,0,0
11723600,0,0
11723700,0,0
11723800,0,0
11723900,0,0
11724000,0,0
11724100,0,0
11724200,0,0
11724300,0,0
11724400,0,0
11724500,0,0
11724600,0,0
11724700,0,0
11724800,0,0
11724900,1,0
11725000,0,0
11725100,0,0
11725200,0,0
11725300,0,0
11725400,0,0
11725500,0,0
11725600,0,0
11725700,0,0
11725800,0,0
11725900,0,0
11726000,0,0
11726100,0,0
11726200,0,0
11726300,0,0
11726400,0,0
11726500,0,0
11726600,0,0
11726700,0,0
11726800,0,0
11726900,0,0
11727000,0,0
11727100,0,0
11727200,0,0
11727300,0,0
11727400,0,0
11727500,0,0
11727600,1,0
11727700,0,0
11727800,0,0
11727900,0,0
11728000,0,0
11728100,0,0
11728200,0,0
11728300,0,0
11728400,0,0
11728500,0,0
11728600,0,0
11728700,0,0
11728800,0,0
11728900,0,0
11729000,0,0
11729100,0,0
11729200,0,0
11729300,0,0
11729400,0,0
11729500,0,0
11729600,0,0
11729700,0,0
11729800,0,0
11729900,0,0
11730000,0,0
11730100,0,0
11730200,1,0
11730300,0,0
11730400,0,0
11730500,0,0
11730600,0,0
11730700,0,0
11730800,0,0
11730900,0,0
11731000,0,0
11731100,0,0
11731200,0,0
11731300,0,0
11731400,0,0
11731500,0,0
11731600,0,0
11731700,0,0
11731800,0,0
11731900,0,0
11732000,0,0
11732100,0,0
11732200,0,0
11732300,0,0
11732400,0,0
11732500,0,0
11732600,0,0
11732700,0,0
11732800,0,0
11732900,0,0
11733000,0,0
11733100,0,0
11733200,0,0
11733300,0,0
11733400,0,0
11733500,0,0
11733600,0,0
11733700,0,0
11733800,0,0
11733900,0,0
11734000,0,0
11734100,0,0
11734200,0,0
11734300,0,0
11734400,0,0
11734500,0,0
11734600,0,0
11734700,0,0
11734800,0,0
11734900,0,0
11735000,0,0
11735100,0,0
11735200,0,0
11735300,0,0
11735400,0,0
11735500,0,0
11735600,0,0
11735700,0,0
11735800,0,0
11735900,0,0
11736000,0,0
11736100,0,0
11736200,0,0
11736300,0,0
11736400,0,0
11736500,0,0
11736600,0,0
11736700,0,0
11736800,0,0
11736900,0,0
11737000,0,0
11737100,0,0
11737200,0,0
11737300,0,0
11737400,0,0
11737500,0,0
11737600,0,0
11737700,0,0
11737800,0,0
11737900,0,0
11738000,0,0
11738100,0,0
11738200,0,0
11738300,0,0
11738400,0,0
11738500,0,0
11738600,0,0
11738700,0,0
11738800,0,0
11738900,0,0
11739000,0,0
11739100,0,0
11739200,0,0
11739300,0,0
11739400,0,0
11739500,0,0
11739600,0,0
11739700,0,0
11739800,0,0
11739900,0,0
11740000,0,0
11740100,0,0
11740200,0,0
11740300,0,0
11740400,0,0
11740500,0,0
11740600,0,0
11740700,0,0
11740800,0,1
11740900,0,0
11741000,0,0
11741100,0,0
11741200,0,0
11741300,0,0
11741400,0,0
11741500,0,0
11741600,0,0
11741700,0,0
11741800,0,0
11741900,0,0
11742000,0,0
11742100,0,0
11742200,0,0
11742300,0,0
11742400,0,0
11742500,0,0
11742600,0,0
11742700,0,0
11742800,0,0
11742900,0,0
11743000,0,0
11743100,0,0
11743200,0,0
11743300,0,0
11743400,0,0
11743500,1,0
11743600,0,0
11743700,0,0
11743800,0,0
11743900,0,0
11744000,0,0
11744100,0,0
11744200,0,0
11744300,0,0
11744400,0,0
11744500,0,0
11744600,0,0
11744700,0,0
11744800,0,0
11744900,0,0
11745000,0,0
11745100,0,0
11745200,0,0
11745300,0,0
11745400,0,0
11745500,0,0
11745600,0,0
11745700,0,0
11745800,0,0
11745900,0,0
11746000,0,0
11746100,0,0
11746200,0,0
11746300,1,0
11746400,0,0
11746500,0,0
11746600,0,0
11746700,0,0
11746800,0,0
11746900,0,0
11747000,0,0
11747100,0,0
11747200,0,0
11747300,0,0
11747400,0,0
11747500,0,0
11747600,0,0
11747700,0,0
11747800,0,0
11747900,0,0
11748000,0,0
11748100,0,0
11748200,0,0
11748300,0,0
11748400,0,0
11748500,0,0
11748600,0,0
11748700,0,0
11748800,0,0
11748900,0,0
11749000,0,0
11749100,0,0
11749200,0,0
11749300,0,0
11749400,1,0
11749500,0,0
11749600,0,0
11749700,0,0
11749800,0,0
11749900,0,0
11750000,0,0
11750100,0,0
11750200,0,0
11750300,0,0
11750400,0,0
11750500,0,0
11750600,0,0
11750700,0,0
11750800,0,0
11750900,0,0
11751000,0,0
11751100,0,0
11751200,0,0
11751300,0,0
11751400,0,0
11751500,0,0
11751600,0,0
11751700,0,0
11751800,0,0
11751900,0,0
11752000,0,0
11752100,0,0
11752200,0,0
11752300,1,1
11752400,0,0
11752500,0,0
11752600,0,0
11752700,0,0
11752800,0,0
11752900,0,0
11753000,0,0
11753100,0,0
11753200,0,0
11753300,0,0
11753400,0,0
11753500,0,0
11753600,0,0
11753700,0,0
11753800,0,0
11753900,0,0
11754000,0,0
11754100,0,0
11754200,0,0
11754300,0,0
11754400,0,0
11754500,0,0
11754600,0,0
11754700,0,0
11754800,0,0
11754900,0,0
11755000,0,0
11755100,0,0
11755200,2,0
11755300,0,0
11755400,0,1
11755500,0,0
11755600,0,0
11755700,0,0
11755800,0,0
11755900,0,0
11756000,0,0
11756100,0,0
11756200,0,0
11756300,0,0
11756400,0,0
11756500,0,0
11756600,0,0
11756700,0,0
11756800,0,0
11756900,0,0
11757000,0,0
11757100,0,0
11757200,0,0
11757300,0,0
11757400,0,0
11757500,1,0
11757600,0,0
11757700,0,0
11757800,0,0
11757900,0,0
11758000,0,0
11758100,1,0
11758200,0,0
11758300,1,0
11758400,0,0
11758500,0,0
11758600,0,0
11758700,0,0
11758800,0,0
11758900,0,0
11759000,0,0
11759100,0,0
11759200,0,0
11759300,0,0
11759400,0,0
11759500,0,0
11759600,0,0
11759700,0,0
11759800,0,0
11759900,1,0
11760000,0,0
11760100,0,0
11760200,0,0
11760300,0,0
11760400,0,1
11760500,0,0
11760600,0,0
11760700,0,0
11760800,0,0
11760900,0,0
11761000,0,0
11761100,1,0
11761200,0,0
11761300,0,0
11761400,1,0
11761500,0,0
11761600,0,0
11761700,0,0
11761800,0,0
11761900,0,0
11762000,1,0
11762100,0,0
11762200,0,0
11762300,0,0
11762400,0,0
11762500,0,0
11762600,0,0
11762700,1,0
11762800,0,0
11762900,0,0
11763000,0,0
11763100,0,0
11763200,0,0
11763300,0,0
11763400,0,0
11763500,1,0
11763600,0,0
11763700,0,0
11763800,0,0
11763900,0,0
11764000,0,0
11764100,0,0
11764200,0,0
11764300,0,0
11764400,1,0
11764500,0,0
11764600,0,1
11764700,0,0
11764800,0,0
11764900,0,0
11765000,0,0
11765100,0,0
11765200,0,0
11765300,0,0
11765400,0,0
11765500,0,0
11765600,0,0
11765700,0,0
11765800,0,0
11765900,0,0
11766000,0,0
11766100,1,0
11766200,0,0
11766300,0,0
11766400,0,0
11766500,0,0
11766600,1,0
11766700,0,0
11766800,1,0
11766900,0,0
11767000,0,0
11767100,0,0
11767200,0,0
11767300,0,0
11767400,0,0
11767500,1,0
11767600,0,0
11767700,0,0
11767800,0,0
11767900,0,0
11768000,0,0
11768100,0,0
11768200,0,0
11768300,0,0
11768400,0,0
11768500,0,0
11768600,0,0
11768700,1,0
11768800,0,0
11768900,0,0
11769000,0,0
11769100,0,0
11769200,0,0
11769300,0,0
11769400,1,0
11769500,0,0
11769600,1,0
11769700,0,0
11769800,0,0
11769900,0,0
11770000,0,0
11770100,0,0
11770200,0,0
11770300,0,0
11770400,1,0
11770500,0,0
11770600,0,0
11770700,1,0
11770800,0,0
11770900,0,0
11771000,0,0
11771100,0,0
11771200,0,0
11771300,0,0
11771400,0,0
11771500,0,0
11771600,0,0
11771700,0,0
11771800,0,0
11771900,0,0
11772000,0,0
11772100,0,0
11772200,0,0
11772300,0,0
11772400,0,0
11772500,0,1
11772600,0,0
11772700,0,0
11772800,0,0
11772900,1,0
11773000,0,0
11773100,0,0
11773200,0,0
11773300,0,0
11773400,0,0
11773500,1,0
11773600,0,0
11773700,0,0
11773800,0,0
11773900,0,0
11774000,0,0
11774100,0,0
11774200,0,0
11774300,0,0
11774400,0,0
11774500,0,0
11774600,0,0
11774700,0,0
11774800,0,0
11774900,0,0
11775000,0,0
11775100,0,0
11775200,0,0
11775300,0,0
11775400,1,0
11775500,0,0
11775600,0,0
11775700,0,0
11775800,0,0
11775900,0,0
11776000,0,0
11776100,0,0
11776200,0,0
11776300,0,0
11776400,1,0
11776500,0,0
11776600,0,0
11776700,0,0
11776800,0,0
11776900,0,0
11777000,0,0
11777100,0,0
11777200,0,0
11777300,0,0
11777400,0,0
11777500,0,0
11777600,0,0
11777700,0,0
11777800,0,0
11777900,0,0
11778000,0,0
11778100,0,0
11778200,0,0
11778300,0,0
11778400,0,0
11778500,1,0
11778600,0,0
11778700,0,0
11778800,0,0
11778900,0,0
11779000,0,0
11779100,0,0
11779200,0,0
11779300,0,0
11779400,0,0
11779500,0,0
11779600,0,0
11779700,1,0
11779800,0,0
11779900,0,0
11780000,0,0
11780100,0,0
11780200,0,0
11780300,0,0
11780400,0,0
11780500,0,0
11780600,0,0
11780700,0,0
11780800,0,0
11780900,0,0
11781000,0,0
11781100,0,0
11781200,0,0
11781300,0,0
11781400,0,0
11781500,1,0
11781600,0,0
11781700,0,0
11781800,0,0
11781900,0,0
11782000,0,0
11782100,0,0
11782200,0,0
11782300,0,0
11782400,0,0
11782500,0,0
11782600,0,0
11782700,0,0
11782800,0,0
11782900,0,0
11783000,0,0
11783100,0,0
11783200,1,0
11783300,0,0
11783400,0,0
11783500,0,0
11783600,0,0
11783700,0,0
11783800,0,0
11783900,0,0
11784000,0,0
11784100,0,0
11784200,0,0
11784300,0,0
11784400,0,0
11784500,0,0
11784600,0,0
11784700,0,0
11784800,0,0
11784900,0,0
11785000,0,0
11785100,0,0
11785200,0,0
11785300,0,0
11785400,0,0
11785500,0,0
11785600,0,0
11785700,0,0
11785800,0,0
11785900,0,0
11786000,0,0
11786100,0,0
11786200,0,0
11786300,0,0
11786400,0,0
11786500,0,0
11786600,1,0
11786700,0,0
11786800,0,0
11786900,0,0
11787000,0,0
11787100,0,0
11787200,0,0
11787300,0,0
11787400,0,0
11787500,0,0
11787600,0,0
11787700,0,0
11787800,0,0
11787900,0,0
11788000,0,0
11788100,0,0
11788200,0,0
11788300,0,0
11788400,0,0
11788500,0,0
11788600,0,0
11788700,0,0
11788800,0,0
11788900,0,0
11789000,0,0
11789100,0,0
11789200,0,0
11789300,0,0
11789400,0,0
11789500,0,0
11789600,0,0
11789700,0,0
11789800,0,0
11789900,0,0
11790000,0,0
11790100,0,0
11790200,0,0
11790300,0,0
11790400,0,0
11790500,0,0
11790600,0,0
11790700,0,0
11790800,0,0
11790900,0,0
11791000,0,0
11791100,0,0
11791200,0,0
11791300,0,0
11791400,0,0
11791500,0,0
11791600,0,0
11791700,0,0
11791800,0,0
11791900,0,0
11792000,0,0
11792100,0,0
11792200,0,0
11792300,0,0
11792400,0,0
11792500,0,0
11792600,0,0
11792700,0,0
11792800,0,0
11792900,0,0
11793000,0,0
11793100,0,0
11793200,0,0
11793300,0,0
11793400,0,0
11793500,0,0
11793600,0,0
11793700,0,0
11793800,0,0
11793900,0,0
11794000,0,0
11794100,0,0
11794200,0,0
11794300,0,0
11794400,0,0
11794500,0,0
11794600,0,0
11794700,0,0
11794800,0,0
11794900,0,0
11795000,0,0
11795100,0,0
11795200,0,0
11795300,0,0
11795400,0,0
11795500,0,0
11795600,0,0
11795700,0,0
11795800,0,0
11795900,0,0
11796000,0,0
11796100,0,0
11796200,0,0
11796300,0,0
11796400,0,0
11796500,0,0
11796600,0,0
11796700,0,0
11796800,0,0
11796900,0,0
11797000,0,0
11797100,0,0
11797200,0,0
11797300,0,0
11797400,0,0
11797500,0,0
11797600,0,0
11797700,0,0
11797800,0,0
11797900,0,0
11798000,0,0
11798100,0,0
11798200,0,0
11798300,0,0
11798400,0,0
11798500,0,0
11798600,0,0
11798700,0,0
11798800,0,0
11798900,0,0
11799000,0,0
11799100,0,0
11799200,0,0
11799300,0,0
11799400,0,0
11799500,0,0
11799600,0,0
11799700,0,0
11799800,0,0
11799900,0,0
11800000,0,0
11800100,0,0
11800200,0,0
11800300,0,0
11800400,0,0
11800500,0,0
11800600,0,0
11800700,0,0
11800800,0,0
11800900,0,0
11801000,0,0
11801100,0,1
11801200,0,0
11801300,0,0
11801400,0,0
11801500,0,0
11801600,0,0
11801700,0,0
11801800,0,0
11801900,0,0
11802000,0,0
11802100,0,0
11802200,0,0
11802300,0,0
11802400,0,0
11802500,0,0
11802600,0,0
11802700,0,0
11802800,0,0
11802900,0,0
11803000,0,1
11803100,0,0
11803200,0,0
11803300,0,0
11803400,0,0
11803500,0,0
11803600,0,0
11803700,0,0
11803800,0,0
11803900,0,0
11804000,0,0
11804100,0,0
11804200,0,0
11804300,0,0
11804400,0,0
11804500,1,0
11804600,0,0
11804700,0,0
11804800,0,0
11804900,0,0
11805000,0,0
11805100,0,0
11805200,0,0
11805300,0,0
11805400,0,0
11805500,1,0
11805600,0,0
11805700,0,0
11805800,0,0
11805900,0,0
11806000,0,0
11806100,0,0
11806200,0,0
11806300,0,0
11806400,0,0
11806500,0,0
11806600,0,0
11806700,0,0
11806800,0,0
11806900,0,0
11807000,0,0
11807100,0,0
11807200,0,0
11807300,0,0
11807400,0,0
11807500,0,0
11807600,0,0
11807700,0,0
11807800,0,0
11807900,1,0
11808000,0,0
11808100,1,0
11808200,0,0
11808300,0,0
11808400,0,0
11808500,0,0
11808600,0,0
11808700,0,0
11808800,0,0
11808900,0,0
11809000,0,0
11809100,0,0
11809200,0,0
11809300,0,0
11809400,0,0
11809500,0,0
11809600,0,0
11809700,0,0
11809800,0,0
11809900,0,0
11810000,0,0
11810100,0,0
11810200,0,0
11810300,0,0
11810400,0,0
11810500,0,0
11810600,1,0
11810700,0,0
11810800,0,0
11810900,0,0
11811000,0,0
11811100,0,0
11811200,0,0
11811300,1,0
11811400,0,0
11811500,0,0
11811600,0,0
11811700,0,0
11811800,0,0
11811900,0,0
11812000,0,0
11812100,0,0
11812200,0,0
11812300,0,0
11812400,0,0
11812500,0,0
11812600,0,0
11812700,0,0
11812800,0,0
11812900,0,0
11813000,0,0
11813100,0,0
11813200,0,1
11813300,0,0
11813400,0,0
11813500,0,0
11813600,0,0
11813700,0,0
11813800,0,0
11813900,0,0
11814000,0,0
11814100,0,0
11814200,0,0
11814300,0,0
11814400,0,0
11814500,0,0
11814600,0,0
11814700,0,1
11814800,0,0
11814900,0,0
11815000,0,0
11815100,0,0
11815200,0,0
11815300,0,0
11815400,0,0
11815500,0,0
11815600,1,0
11815700,0,0
11815800,0,0
11815900,0,0
11816000,0,0
11816100,0,0
11816200,0,0
11816300,0,0
11816400,0,0
11816500,0,0
11816600,0,0
11816700,0,0
11816800,0,0
11816900,0,0
11817000,0,0
11817100,0,0
11817200,0,0
11817300,0,0
11817400,0,0
11817500,0,0
11817600,0,0
11817700,0,0
11817800,0,0
11817900,0,0
11818000,0,0
11818100,1,0
11818200,0,0
11818300,1,0
11818400,0,0
11818500,0,0
11818600,0,0
11818700,0,0
11818800,0,0
11818900,0,0
11819000,0,0
11819100,0,0
11819200,0,0
11819300,0,0
11819400,0,0
11819500,0,0
11819600,0,0
11819700,0,0
11819800,0,0
11819900,0,0
11820000,0,0
11820100,0,0
11820200,0,0
11820300,0,0
11820400,0,0
11820500,0,0
11820600,0,0
11820700,1,0
11820800,0,0
11820900,0,0
11821000,0,0
11821100,0,0
11821200,0,0
11821300,0,0
11821400,0,0
11821500,1,0
11821600,0,0
11821700,0,0
11821800,0,0
11821900,0,0
11822000,0,0
11822100,0,0
11822200,0,0
11822300,0,0
11822400,0,0
11822500,0,0
11822600,0,0
11822700,0,0
11822800,0,0
11822900,0,0
11823000,0,0
11823100,0,1
11823200,0,0
11823300,0,0
11823400,0,0
11823500,0,0
11823600,0,0
11823700,0,0
11823800,0,0
11823900,0,0
11824000,0,0
11824100,0,0
11824200,0,0
11824300,0,0
11824400,0,0
11824500,0,0
11824600,0,0
11824700,0,0
11824800,0,0
11824900,1,0
11825000,0,0
11825100,0,0
11825200,0,0
11825300,0,0
11825400,0,0
11825500,0,0
11825600,0,0
11825700,0,0
11825800,0,0
11825900,0,0
11826000,0,0
11826100,0,0
11826200,0,0
11826300,0,0
11826400,0,0
11826500,1,0
11826600,0,0
11826700,0,0
11826800,0,0
11826900,0,0
11827000,0,0
11827100,0,0
11827200,0,0
11827300,0,0
11827400,0,0
11827500,0,0
11827600,0,0
11827700,0,0
11827800,0,0
11827900,0,0
11828000,0,0
11828100,0,0
11828200,0,0
11828300,0,0
11828400,0,0
11828500,0,0
11828600,0,0
11828700,0,0
11828800,0,0
11828900,0,0
11829000,0,0
11829100,0,0
11829200,0,0
11829300,0,0
11829400,0,0
11829500,0,0
11829600,0,0
11829700,0,0
11829800,0,0
11829900,1,0
11830000,0,0
11830100,0,0
11830200,0,0
11830300,0,0
11830400,0,0
11830500,0,0
11830600,0,0
11830700,0,0
11830800,0,0
11830900,0,0
11831000,0,0
11831100,0,0
11831200,0,0
11831300,0,0
11831400,0,0
11831500,0,0
11831600,0,0
11831700,0,0
11831800,0,0
11831900,0,0
11832000,0,0
11832100,0,0
11832200,0,0
11832300,0,0
11832400,0,0
11832500,0,0
11832600,0,0
11832700,0,0
11832800,0,0
11832900,0,0
11833000,0,0
11833100,1,0
11833200,0,0
11833300,0,0
11833400,0,0
11833500,0,0
11833600,0,0
11833700,0,0
11833800,0,0
11833900,0,0
11834000,0,0
11834100,0,0
11834200,0,0
11834300,0,0
11834400,0,0
11834500,0,0
11834600,0,0
11834700,0,0
11834800,0,0
11834900,0,0
11835000,0,0
11835100,0,0
11835200,0,0
11835300,0,0
11835400,0,0
11835500,0,0
11835600,0,0
11835700,0,0
11835800,0,0
11835900,0,0
11836000,0,0
11836100,0,0
11836200,0,0
11836300,0,0
11836400,0,1
11836500,0,0
11836600,0,0
11836700,0,0
11836800,0,0
11836900,0,0
11837000,0,0
11837100,0,0
11837200,0,0
11837300,0,0
11837400,0,0
11837500,0,0
11837600,0,0
11837700,0,0
11837800,0,0
11837900,0,0
11838000,0,0
11838100,0,0
11838200,0,0
11838300,0,0
11838400,0,0
11838500,0,0
11838600,0,0
11838700,0,0
11838800,0,0
11838900,0,0
11839000,0,0
11839100,0,0
11839200,0,0
11839300,0,0
11839400,0,0
11839500,0,0
11839600,0,0
11839700,0,0
11839800,0,0
11839900,1,0
11840000,0,0
11840100,0,0
11840200,0,0
11840300,0,0
11840400,0,0
11840500,0,0
11840600,0,0
11840700,0,0
11840800,0,0
11840900,0,0
11841000,0,0
11841100,0,0
11841200,0,0
11841300,0,0
11841400,0,0
11841500,0,0
11841600,0,0
11841700,0,0
11841800,0,0
11841900,0,0
11842000,0,0
11842100,0,0
11842200,0,0
11842300,0,0
11842400,0,0
11842500,0,0
11842600,0,0
11842700,0,0
11842800,0,0
11842900,0,0
11843000,0,0
11843100,0,0
11843200,0,0
11843300,1,0
11843400,0,0
11843500,0,0
11843600,0,0
11843700,0,0
11843800,0,0
11843900,0,0
11844000,0,0
11844100,0,0
11844200,0,0
11844300,0,0
11844400,0,0
11844500,0,0
11844600,0,0
11844700,0,0
11844800,0,0
11844900,0,0
11845000,0,0
11845100,0,0
11845200,0,0
11845300,0,0
11845400,0,0
11845500,0,0
11845600,0,0
11845700,0,0
11845800,0,0
11845900,0,0
11846000,0,0
11846100,0,0
11846200,0,0
11846300,0,0
11846400,0,0
11846500,0,0
11846600,0,0
11846700,1,0
11846800,0,0
11846900,0,0
11847000,0,0
11847100,0,0
11847200,0,0
11847300,0,0
11847400,0,0
11847500,0,0
11847600,0,0
11847700,0,0
11847800,0,1
11847900,0,0
11848000,0,0
11848100,0,0
11848200,0,0
11848300,0,0
11848400,0,0
11848500,0,0
11848600,0,0
11848700,0,0
11848800,0,0
11848900,0,0
11849000,0,0
11849100,0,0
11849200,0,0
11849300,0,0
11849400,0,0
11849500,0,0
11849600,0,0
11849700,0,0
11849800,0,0
11849900,0,0
11850000,0,0
11850100,0,0
11850200,0,0
11850300,0,0
11850400,0,0
11850500,0,0
11850600,0,0
11850700,0,0
11850800,0,0
11850900,1,0
11851000,0,0
11851100,0,0
11851200,0,0
11851300,0,0
11851400,0,0
11851500,0,0
11851600,0,0
11851700,0,0
11851800,0,0
11851900,0,0
11852000,0,0
11852100,0,0
11852200,0,0
11852300,0,0
11852400,0,0
11852500,0,0
11852600,0,0
11852700,0,0
11852800,0,0
11852900,0,0
11853000,0,0
11853100,0,0
11853200,0,0
11853300,0,0
11853400,0,0
11853500,0,0
11853600,0,0
11853700,0,0
11853800,0,0
11853900,0,0
11854000,1,0
11854100,0,0
11854200,0,0
11854300,0,0
11854400,0,0
11854500,0,0
11854600,0,0
11854700,0,0
11854800,0,0
11854900,0,0
11855000,0,0
11855100,0,0
11855200,0,0
11855300,0,0
11855400,0,0
11855500,0,0
11855600,0,0
11855700,0,0
11855800,0,0
11855900,0,0
11856000,0,0
11856100,0,0
11856200,0,0
11856300,0,0
11856400,0,0
11856500,0,0
11856600,0,0
11856700,0,0
11856800,0,0
11856900,0,0
11857000,1,0
11857100,0,0
11857200,0,0
11857300,0,0
11857400,0,0
11857500,0,0
11857600,0,0
11857700,0,0
11857800,0,0
11857900,0,0
11858000,0,0
11858100,0,0
11858200,0,0
11858300,0,0
11858400,0,0
11858500,0,0
11858600,0,0
11858700,0,0
11858800,0,0
11858900,0,0
11859000,0,0
11859100,0,0
11859200,0,0
11859300,0,0
11859400,0,0
11859500,0,0
11859600,0,0
11859700,0,0
11859800,0,0
11859900,0,1
11860000,0,0
11860100,0,0
11860200,0,0
11860300,0,0
11860400,0,0
11860500,0,0
11860600,0,0
11860700,0,0
11860800,0,0
11860900,0,0
11861000,0,0
11861100,0,0
11861200,0,0
11861300,0,0
11861400,0,0
11861500,0,0
11861600,0,0
11861700,0,0
11861800,0,0
11861900,0,0
11862000,0,0
11862100,0,0
11862200,0,0
11862300,0,0
11862400,0,0
11862500,0,0
11862600,0,0
11862700,0,0
11862800,0,0
11862900,0,0
11863000,1,0
11863100,0,0
11863200,0,0
11863300,0,0
11863400,0,0
11863500,0,0
11863600,0,0
11863700,0,0
11863800,0,0
11863900,0,0
11864000,0,0
11864100,0,0
11864200,0,0
11864300,0,0
11864400,0,0
11864500,0,0
11864600,0,0
11864700,0,0
11864800,0,0
11864900,0,0
11865000,0,0
11865100,0,0
11865200,0,0
11865300,0,0
11865400,0,0
11865500,0,0
11865600,0,0
11865700,0,0
11865800,0,0
11865900,0,0
11866000,0,0
11866100,1,0
11866200,0,0
11866300,0,0
11866400,0,0
11866500,0,0
11866600,0,0
11866700,0,0
11866800,0,0
11866900,0,0
11867000,0,0
11867100,0,0
11867200,0,0
11867300,0,0
11867400,0,0
11867500,0,0
11867600,0,0
11867700,0,0
11867800,0,0
11867900,0,0
11868000,0,0
11868100,0,0
11868200,0,0
11868300,0,0
11868400,0,0
11868500,0,0
11868600,0,0
11868700,0,0
11868800,0,0
11868900,0,0
11869000,0,0
11869100,0,0
11869200,1,0
11869300,0,0
11869400,0,0
11869500,0,0
11869600,0,0
11869700,0,0
11869800,0,0
11869900,0,0
11870000,0,0
11870100,0,0
11870200,0,0
11870300,0,0
11870400,0,0
11870500,0,0
11870600,0,0
11870700,0,0
11870800,0,0
11870900,0,0
11871000,0,0
11871100,0,0
11871200,0,0
11871300,0,0
11871400,0,0
11871500,0,0
11871600,0,0
11871700,0,0
11871800,0,0
11871900,0,0
11872000,0,0
11872100,0,0
11872200,0,0
11872300,0,0
11872400,0,0
11872500,0,0
11872600,0,0
11872700,0,0
11872800,0,0
11872900,0,0
11873000,0,0
11873100,0,0
11873200,0,0
11873300,0,0
11873400,0,0
11873500,0,0
11873600,0,0
11873700,0,0
11873800,0,0
11873900,0,0
11874000,0,0
11874100,0,0
11874200,0,0
11874300,0,0
11874400,0,0
11874500,0,0
11874600,0,0
11874700,0,0
11874800,0,0
11874900,0,0
11875000,0,0
11875100,0,0
11875200,0,0
11875300,0,0
11875400,0,0
11875500,0,0
11875600,0,0
11875700,0,0
11875800,0,0
11875900,0,0
11876000,0,0
11876100,0,0
11876200,0,0
11876300,0,0
11876400,0,0
11876500,0,0
11876600,0,0
11876700,0,0
11876800,0,0
11876900,0,0
11877000,0,0
11877100,0,0
11877200,0,0
11877300,0,0
11877400,0,0
11877500,0,0
11877600,0,0
11877700,0,0
11877800,0,0
11877900,0,0
11878000,0,0
11878100,0,0
11878200,0,0
11878300,0,0
11878400,0,0
11878500,0,0
11878600,0,0
11878700,0,0
11878800,0,0
11878900,0,0
11879000,0,0
11879100,0,0
11879200,0,0
11879300,0,0
11879400,0,0
11879500,0,0
11879600,0,0
11879700,0,0
11879800,0,0
11879900,0,0
11880000,0,0
11880100,0,0
11880200,0,0
11880300,0,0
11880400,0,0
11880500,0,0
11880600,0,0
11880700,0,0
11880800,0,0
11880900,0,0
11881000,0,0
11881100,0,0
11881200,0,0
11881300,0,0
11881400,0,0
11881500,0,0
11881600,0,0
11881700,0,0
11881800,0,0
11881900,0,0
11882000,0,0
11882100,0,0
11882200,0,0
11882300,0,0
11882400,0,0
11882500,0,0
11882600,0,0
11882700,0,0
11882800,0,0
11882900,0,0
11883000,0,0
11883100,0,0
11883200,0,0
11883300,0,0
11883400,0,0
11883500,0,0
11883600,0,0
11883700,0,0
11883800,0,0
11883900,0,0
11884000,0,0
11884100,0,0
11884200,0,0
11884300,0,0
11884400,0,0
11884500,0,0
11884600,0,0
11884700,0,0
11884800,0,0
11884900,0,0
11885000,0,0
11885100,0,0
11885200,0,0
11885300,0,0
11885400,0,0
11885500,0,0
11885600,0,1
11885700,0,0
11885800,0,0
11885900,0,0
11886000,0,0
11886100,0,0
11886200,0,0
11886300,0,0
11886400,0,0
11886500,0,0
11886600,0,0
11886700,0,0
11886800,0,0
11886900,0,0
11887000,0,0
11887100,0,0
11887200,0,0
11887300,0,0
11887400,0,0
11887500,0,0
11887600,1,0
11887700,0,0
11887800,0,0
11887900,0,0
11888000,0,0
11888100,0,0
11888200,0,0
11888300,0,0
11888400,0,0
11888500,0,0
11888600,0,0
11888700,0,0
11888800,0,0
11888900,0,0
11889000,0,0
11889100,0,0
11889200,0,0
11889300,0,0
11889400,0,0
11889500,0,0
11889600,0,0
11889700,0,0
11889800,0,0
11889900,0,0
11890000,0,0
11890100,0,0
11890200,1,0
11890300,0,0
11890400,0,0
11890500,0,0
11890600,0,0
11890700,0,0
11890800,0,0
11890900,0,0
11891000,0,0
11891100,0,0
11891200,0,0
11891300,0,0
11891400,0,0
11891500,0,0
11891600,0,0
11891700,0,0
11891800,0,0
11891900,0,0
11892000,0,0
11892100,0,0
11892200,0,0
11892300,0,0
11892400,0,0
11892500,1,0
11892600,0,0
11892700,0,0
11892800,0,0
11892900,0,0
11893000,0,0
11893100,0,0
11893200,0,0
11893300,0,0
11893400,0,0
11893500,0,0
11893600,0,0
11893700,0,0
11893800,0,0
11893900,0,0
11894000,0,0
11894100,0,0
11894200,0,0
11894300,0,0
11894400,0,0
11894500,0,0
11894600,0,0
11894700,0,0
11894800,0,0
11894900,0,0
11895000,0,0
11895100,0,1
11895200,0,0
11895300,0,0
11895400,0,0
11895500,0,0
11895600,0,0
11895700,0,0
11895800,0,0
11895900,0,0
11896000,0,0
11896100,0,0
11896200,0,0
11896300,0,0
11896400,0,0
11896500,0,0
11896600,0,0
11896700,0,0
11896800,0,0
11896900,0,0
11897000,0,0
11897100,0,0
11897200,0,0
11897300,0,0
11897400,1,0
11897500,0,0
11897600,0,0
11897700,0,0
11897800,0,0
11897900,0,0
11898000,0,0
11898100,0,0
11898200,0,0
11898300,0,0
11898400,0,0
11898500,0,0
11898600,0,0
11898700,0,0
11898800,0,0
11898900,0,0
11899000,0,0
11899100,0,0
11899200,0,0
11899300,0,0
11899400,0,0
11899500,0,0
11899600,0,0
11899700,0,0
11899800,0,0
11899900,0,0
11900000,1,0
11900100,0,0
11900200,0,0
11900300,0,0
11900400,0,0
11900500,0,0
11900600,0,1
11900700,0,0
11900800,0,0
11900900,0,0
11901000,0,0
11901100,0,0
11901200,0,0
11901300,0,0
11901400,0,0
11901500,0,0
11901600,0,0
11901700,0,0
11901800,0,1
11901900,0,0
11902000,0,0
11902100,0,0
11902200,0,0
11902300,1,0
11902400,0,0
11902500,0,0
11902600,0,0
11902700,0,0
11902800,0,0
11902900,0,0
11903000,0,0
11903100,0,0
11903200,0,0
11903300,0,0
11903400,0,0
11903500,1,0
11903600,0,0
11903700,0,0
11903800,0,0
11903900,0,0
11904000,0,0
11904100,0,0
11904200,0,0
11904300,0,0
11904400,0,0
11904500,1,0
11904600,0,0
11904700,0,0
11904800,0,0
11904900,0,0
11905000,0,0
11905100,0,0
11905200,0,0
11905300,0,0
11905400,0,0
11905500,0,0
11905600,0,0
11905700,0,0
11905800,0,0
11905900,0,0
11906000,0,0
11906100,0,0
11906200,0,0
11906300,0,0
11906400,1,0
11906500,0,0
11906600,0,0
11906700,0,0
11906800,0,0
11906900,0,0
11907000,0,0
11907100,0,0
11907200,1,0
11907300,0,1
11907400,0,0
11907500,0,0
11907600,0,0
11907700,0,0
11907800,0,0
11907900,0,0
11908000,0,0
11908100,0,0
11908200,0,0
11908300,0,0
11908400,0,0
11908500,0,0
11908600,0,0
11908700,0,0
11908800,0,0
11908900,0,0
11909000,0,0
11909100,0,0
11909200,0,0
11909300,0,0
11909400,0,0
11909500,2,0
11909600,0,0
11909700,0,0
11909800,0,0
11909900,0,0
11910000,0,0
11910100,0,0
11910200,1,0
11910300,0,0
11910400,0,0
11910500,0,0
11910600,0,0
11910700,0,0
11910800,0,0
11910900,0,0
11911000,0,0
11911100,0,0
11911200,0,0
11911300,0,0
11911400,0,0
11911500,0,0
11911600,0,0
11911700,0,0
11911800,0,0
11911900,1,0
11912000,0,0
11912100,0,0
11912200,0,0
11912300,0,0
11912400,0,0
11912500,0,1
11912600,0,0
11912700,0,0
11912800,0,0
11912900,0,1
11913000,0,0
11913100,0,0
11913200,0,0
11913300,0,0
11913400,0,0
11913500,0,0
11913600,0,0
11913700,0,0
11913800,0,0
11913900,0,0
11914000,0,0
11914100,0,0
11914200,0,0
11914300,0,0
11914400,1,0
11914500,0,0
11914600,0,0
11914700,0,0
11914800,0,0
11914900,0,0
11915000,0,0
11915100,0,0
11915200,0,0
11915300,0,0
11915400,0,0
11915500,0,0
11915600,1,0
11915700,0,0
11915800,0,0
11915900,0,0
11916000,1,0
11916100,0,0
11916200,0,0
11916300,0,0
11916400,0,0
11916500,0,0
11916600,0,0
11916700,0,0
11916800,0,0
11916900,0,0
11917000,0,0
11917100,0,0
11917200,0,1
11917300,0,0
11917400,0,0
11917500,0,0
11917600,0,0
11917700,0,0
11917800,0,0
11917900,0,0
11918000,0,0
11918100,0,0
11918200,0,0
11918300,0,0
11918400,0,0
11918500,0,0
11918600,0,0
11918700,1,0
11918800,0,0
11918900,0,0
11919000,0,0
11919100,1,0
11919200,0,0
11919300,1,0
11919400,0,0
11919500,0,0
11919600,0,0
11919700,0,0
11919800,0,0
11919900,0,0
11920000,0,0
11920100,0,0
11920200,0,0
11920300,0,0
11920400,0,0
11920500,0,0
11920600,0,0
11920700,0,0
11920800,0,0
11920900,0,0
11921000,0,0
11921100,0,0
11921200,0,0
11921300,0,0
11921400,0,0
11921500,0,0
11921600,0,0
11921700,0,0
11921800,1,0
11921900,0,0
11922000,0,0
11922100,1,0
11922200,1,0
11922300,0,0
11922400,0,0
11922500,0,0
11922600,0,0
11922700,0,0
11922800,0,0
11922900,0,0
11923000,0,0
11923100,0,0
11923200,0,0
11923300,0,0
11923400,0,0
11923500,0,0
11923600,0,0
11923700,0,0
11923800,0,0
11923900,0,0
11924000,0,0
11924100,0,0
11924200,0,0
11924300,0,0
11924400,0,0
11924500,0,0
11924600,1,0
11924700,0,0
11924800,0,0
11924900,0,0
11925000,0,0
11925100,0,0
11925200,0,0
11925300,0,0
11925400,0,0
11925500,0,0
11925600,0,0
11925700,0,0
11925800,0,0
11925900,0,0
11926000,0,0
11926100,0,0
11926200,0,0
11926300,0,0
11926400,0,0
11926500,0,0
11926600,0,0
11926700,0,0
11926800,0,0
11926900,0,0
11927000,0,0
11927100,0,0
11927200,0,0
11927300,0,0
11927400,0,0
11927500,0,0
11927600,0,0
11927700,0,0
11927800,0,0
11927900,0,0
11928000,0,0
11928100,0,0
11928200,0,0
11928300,0,0
11928400,0,0
11928500,0,0
11928600,0,0
11928700,0,0
11928800,0,0
11928900,0,0
11929000,0,0
11929100,0,0
11929200,0,0
11929300,0,0
11929400,0,0
11929500,0,0
11929600,0,0
11929700,0,0
11929800,0,0
11929900,0,0
11930000,0,0
11930100,0,0
11930200,0,0
11930300,0,0
11930400,0,0
11930500,0,0
11930600,0,0
11930700,0,0
11930800,0,0
11930900,0,0
11931000,0,0
11931100,0,0
11931200,0,0
11931300,0,0
11931400,0,0
11931500,0,0
11931600,0,0
11931700,0,0
11931800,0,0
11931900,0,0
11932000,0,0
11932100,0,0
11932200,0,0
11932300,0,0
11932400,0,0
11932500,0,0
11932600,0,0
11932700,0,0
11932800,0,0
11932900,0,0
11933000,0,0
11933100,0,0
11933200,0,0
11933300,0,0
11933400,0,0
11933500,0,0
11933600,0,0
11933700,0,0
11933800,0,0
11933900,0,0
11934000,0,0
11934100,0,0
11934200,0,0
11934300,0,0
11934400,0,0
11934500,0,0
11934600,0,0
11934700,0,0
11934800,0,0
11934900,0,0
11935000,0,0
11935100,0,0
11935200,0,0
11935300,0,0
11935400,0,0
11935500,0,0
11935600,0,0
11935700,0,0
11935800,0,0
11935900,0,0
11936000,0,0
11936100,0,0
11936200,0,0
11936300,0,0
11936400,0,0
11936500,0,0
11936600,0,0
11936700,0,0
11936800,0,0
11936900,0,0
11937000,0,0
11937100,0,0
11937200,0,0
11937300,0,0
11937400,0,0
11937500,0,0
11937600,0,0
11937700,0,0
11937800,0,0
11937900,0,0
11938000,0,0
11938100,0,0
11938200,0,0
11938300,0,0
11938400,0,0
11938500,0,0
11938600,0,0
11938700,0,0
11938800,0,0
11938900,0,0
11939000,0,0
11939100,0,0
11939200,0,0
11939300,0,0
11939400,0,0
11939500,0,0
11939600,0,0
11939700,0,0
11939800,0,0
11939900,0,0
11940000,0,0
11940100,0,0
11940200,0,0
11940300,0,0
11940400,0,0
11940500,0,0
11940600,0,0
11940700,0,0
11940800,0,0
11940900,0,0
11941000,0,0
11941100,0,0
11941200,0,0
11941300,0,0
11941400,0,0
11941500,0,0
11941600,0,0
11941700,0,0
11941800,0,0
11941900,0,0
11942000,0,0
11942100,0,0
11942200,0,0
11942300,0,0
11942400,0,0
11942500,0,0
11942600,0,0
11942700,0,0
11942800,0,0
11942900,0,0
11943000,0,0
11943100,0,0
11943200,0,0
11943300,0,0
11943400,0,0
11943500,0,0
11943600,0,0
11943700,0,0
11943800,0,0
11943900,0,0
11944000,0,0
11944100,0,0
11944200,0,0
11944300,0,0
11944400,0,0
11944500,0,0
11944600,0,0
11944700,0,0
11944800,0,0
11944900,0,0
11945000,0,0
11945100,0,0
11945200,0,0
11945300,0,0
11945400,0,0
11945500,0,0
11945600,0,0
11945700,0,0
11945800,0,0
11945900,0,0
11946000,0,0
11946100,0,0
11946200,0,0
11946300,0,0
11946400,0,0
11946500,0,0
11946600,0,0
11946700,0,0
11946800,0,0
11946900,0,0
11947000,0,0
11947100,0,0
11947200,0,0
11947300,0,0
11947400,0,0
11947500,0,0
11947600,0,0
11947700,0,0
11947800,0,0
11947900,0,0
11948000,0,0
11948100,0,0
11948200,0,0
11948300,0,0
11948400,0,0
11948500,0,0
11948600,0,0
11948700,0,0
11948800,0,0
11948900,0,0
11949000,0,0
11949100,0,0
11949200,0,0
11949300,0,0
11949400,0,0
11949500,0,0
11949600,0,0
11949700,0,0
11949800,0,0
11949900,0,0
11950000,0,0
11950100,0,0
11950200,0,0
11950300,0,0
11950400,0,0
11950500,0,0
11950600,0,0
11950700,0,0
11950800,0,0
11950900,0,0
11951000,0,0
11951100,0,1
11951200,0,0
11951300,0,0
11951400,0,0
11951500,0,0
11951600,0,0
11951700,0,0
11951800,0,0
11951900,0,0
11952000,0,0
11952100,0,0
11952200,0,0
11952300,0,0
11952400,0,0
11952500,0,0
11952600,0,0
11952700,0,0
11952800,0,0
11952900,0,0
11953000,0,0
11953100,0,0
11953200,0,0
11953300,1,0
11953400,0,0
11953500,0,0
11953600,0,0
11953700,0,0
11953800,0,0
11953900,0,0
11954000,0,0
11954100,0,0
11954200,0,0
11954300,0,0
11954400,0,0
11954500,0,0
11954600,0,0
11954700,0,0
11954800,0,0
11954900,0,0
11955000,0,0
11955100,0,0
11955200,0,0
11955300,0,0
11955400,0,0
11955500,0,0
11955600,1,0
11955700,0,0
11955800,0,0
11955900,0,0
11956000,0,0
11956100,0,0
11956200,0,0
11956300,0,0
11956400,0,0
11956500,0,0
11956600,0,0
11956700,0,0
11956800,0,0
11956900,0,0
11957000,0,0
11957100,0,0
11957200,0,0
11957300,0,0
11957400,0,0
11957500,0,0
11957600,0,0
11957700,0,0
11957800,0,0
11957900,0,0
11958000,0,0
11958100,0,0
11958200,1,0
11958300,0,0
11958400,0,0
11958500,0,0
11958600,0,0
11958700,0,0
11958800,0,0
11958900,0,0
11959000,0,0
11959100,0,0
11959200,0,1
11959300,0,0
11959400,0,0
11959500,0,0
11959600,0,0
11959700,0,0
11959800,0,0
11959900,0,0
11960000,0,0
11960100,0,0
11960200,0,0
11960300,0,0
11960400,0,0
11960500,0,0
11960600,0,0
11960700,0,1
11960800,0,0
11960900,0,0
11961000,0,0
11961100,0,0
11961200,0,0
11961300,0,0
11961400,1,0
11961500,0,0
11961600,0,0
11961700,0,0
11961800,0,0
11961900,0,0
11962000,0,0
11962100,0,0
11962200,0,0
11962300,0,0
11962400,0,0
11962500,0,0
11962600,0,0
11962700,0,0
11962800,0,0
11962900,1,0
11963000,0,0
11963100,0,0
11963200,0,0
11963300,0,0
11963400,0,0
11963500,1,0
11963600,0,0
11963700,0,0
11963800,0,0
11963900,0,0
11964000,0,0
11964100,0,0
11964200,0,0
11964300,0,0
11964400,0,0
11964500,0,0
11964600,0,0
11964700,0,0
11964800,0,0
11964900,0,0
11965000,0,0
11965100,0,0
11965200,0,0
11965300,0,0
11965400,0,0
11965500,0,0
11965600,1,0
11965700,0,0
11965800,0,0
11965900,0,0
11966000,0,0
11966100,1,0
11966200,0,0
11966300,0,0
11966400,0,0
11966500,0,0
11966600,0,0
11966700,0,0
11966800,0,0
11966900,0,0
11967000,0,0
11967100,0,0
11967200,0,0
11967300,0,0
11967400,0,1
11967500,0,0
11967600,0,0
11967700,0,0
11967800,0,0
11967900,0,0
11968000,1,0
11968100,0,0
11968200,0,0
11968300,0,0
11968400,0,0
11968500,0,0
11968600,0,0
11968700,0,0
11968800,0,0
11968900,0,0
11969000,0,0
11969100,1,0
11969200,0,0
11969300,0,0
11969400,0,0
11969500,0,0
11969600,0,0
11969700,0,0
11969800,0,0
11969900,0,0
11970000,0,0
11970100,0,0
11970200,0,0
11970300,0,0
11970400,0,0
11970500,1,0
11970600,0,0
11970700,0,0
11970800,0,0
11970900,0,0
11971000,0,0
11971100,0,0
11971200,0,0
11971300,0,0
11971400,0,0
11971500,0,0
11971600,0,0
11971700,0,0
11971800,0,0
11971900,0,0
11972000,0,0
11972100,0,0
11972200,1,0
11972300,0,0
11972400,0,0
11972500,0,0
11972600,0,0
11972700,0,0
11972800,0,0
11972900,0,0
11973000,0,0
11973100,0,0
11973200,0,0
11973300,0,0
11973400,0,0
11973500,0,0
11973600,0,0
11973700,0,0
11973800,0,0
11973900,0,0
11974000,0,0
11974100,0,0
11974200,0,0
11974300,0,0
11974400,0,0
11974500,0,0
11974600,0,0
11974700,0,0
11974800,0,0
11974900,0,0
11975000,0,0
11975100,0,0
11975200,0,0
11975300,0,0
11975400,0,0
11975500,0,0
11975600,0,0
11975700,0,0
11975800,0,0
11975900,0,0
11976000,0,0
11976100,0,0
11976200,0,0
11976300,0,0
11976400,0,0
11976500,0,0
11976600,0,0
11976700,0,0
11976800,0,0
11976900,0,0
11977000,0,0
11977100,0,0
11977200,0,0
11977300,0,0
11977400,0,0
11977500,0,0
11977600,0,0
11977700,0,0
11977800,0,0
11977900,0,0
11978000,0,0
11978100,0,0
11978200,0,0
11978300,0,0
11978400,0,0
11978500,0,0
11978600,0,0
11978700,0,0
11978800,0,0
11978900,0,0
11979000,0,0
11979100,0,0
11979200,0,0
11979300,0,0
11979400,0,0
11979500,0,0
11979600,0,0
11979700,0,0
11979800,0,0
11979900,0,0
11980000,0,0
11980100,0,0
11980200,0,0
11980300,0,0
11980400,0,0
11980500,0,0
11980600,0,0
11980700,0,0
11980800,0,0
11980900,0,0
11981000,0,0
11981100,0,0
11981200,0,0
11981300,0,0
11981400,0,0
11981500,0,0
11981600,0,0
11981700,0,0
11981800,0,0
11981900,0,0
11982000,0,0
11982100,0,0
11982200,0,0
11982300,0,0
11982400,0,0
11982500,0,0
11982600,0,0
11982700,0,0
11982800,0,0
11982900,0,0
11983000,0,0
11983100,0,0
11983200,0,0
11983300,0,0
11983400,0,0
11983500,0,0
11983600,0,0
11983700,0,0
11983800,0,0
11983900,0,0
11984000,0,0
11984100,0,0
11984200,0,0
11984300,0,0
11984400,0,0
11984500,0,0
11984600,0,0
11984700,0,0
11984800,0,0
11984900,0,0
11985000,0,0
11985100,0,0
11985200,0,0
11985300,0,0
11985400,0,0
11985500,0,0
11985600,0,0
11985700,0,0
11985800,0,0
11985900,0,0
11986000,0,0
11986100,0,0
11986200,0,0
11986300,0,0
11986400,0,0
11986500,0,0
11986600,0,0
11986700,0,0
11986800,0,0
11986900,0,0
11987000,0,0
11987100,0,0
11987200,0,0
11987300,0,0
11987400,0,0
11987500,0,0
11987600,0,0
11987700,0,0
11987800,0,0
11987900,0,0
11988000,0,0
11988100,0,0
11988200,0,0
11988300,0,0
11988400,0,0
11988500,0,0
11988600,0,0
11988700,0,0
11988800,0,0
11988900,0,0
11989000,0,0
11989100,0,0
11989200,0,0
11989300,0,0
11989400,0,0
11989500,0,0
11989600,0,0
11989700,0,0
11989800,0,0
11989900,0,0
11990000,0,0
11990100,0,0
11990200,0,0
11990300,0,0
11990400,0,0
11990500,0,0
11990600,0,0
11990700,0,0
11990800,0,0
11990900,0,0
11991000,0,0
11991100,0,0
11991200,0,0
11991300,0,0
11991400,0,0
11991500,0,0
11991600,0,0
11991700,0,0
11991800,0,0
11991900,0,0
11992000,0,0
11992100,0,0
11992200,0,0
11992300,0,0
11992400,0,0
11992500,0,0
11992600,0,0
11992700,0,0
11992800,0,0
11992900,0,0
11993000,0,0
11993100,0,0
11993200,0,0
11993300,0,0
11993400,0,0
11993500,0,0
11993600,0,0
11993700,0,0
11993800,0,0
11993900,0,0
11994000,0,0
11994100,0,0
11994200,0,0
11994300,0,0
11994400,0,0
11994500,0,0
11994600,0,0
11994700,0,0
11994800,0,0
11994900,0,0
11995000,0,0
11995100,0,0
11995200,0,0
11995300,0,0
11995400,0,0
11995500,0,0
11995600,0,0
11995700,0,0
11995800,0,0
11995900,0,0
11996000,0,0
11996100,0,0
11996200,0,0
11996300,0,0
11996400,0,0
11996500,0,0
11996600,0,0
11996700,0,0
11996800,0,0
11996900,0,0
11997000,0,0
11997100,0,0
11997200,0,0
11997300,0,0
11997400,0,0
11997500,0,0
11997600,0,0
11997700,0,0
11997800,0,0
11997900,0,0
11998000,0,0
11998100,0,0
11998200,0,0
11998300,0,0
11998400,0,0
11998500,0,0
11998600,0,0
11998700,0,0
11998800,0,0
11998900,0,0
11999000,0,0
11999100,0,0
11999200,0,0
11999300,0,0
11999400,0,0
11999500,0,0
11999600,0,0
11999700,0,0
11999800,0,0
11999900,0,0
