Cycle,Area(mm^2),PeakDynamic(W),SubthresholdLeakage(W),GateLeakage(W),RunTimeDynamic(W)
2000000,0.2191,0.065854,0.000377,0.000034,0.040465
2001000,0.2191,0.065854,0.000377,0.000034,0.040548
2002000,0.2191,0.065854,0.000377,0.000034,0.040403
2003000,0.2191,0.065854,0.000377,0.000034,0.040676
2004000,0.2191,0.065854,0.000377,0.000034,0.040115
2005000,0.2191,0.065854,0.000377,0.000034,0.040674
2006000,0.2191,0.065854,0.000377,0.000034,0.040115
2007000,0.2191,0.065854,0.000377,0.000034,0.040602
2008000,0.2191,0.065854,0.000377,0.000034,0.040187
2009000,0.2191,0.065854,0.000377,0.000034,0.040602
2010000,0.2191,0.065854,0.000377,0.000034,0.040187
2011000,0.2191,0.065854,0.000377,0.000034,0.040458
2012000,0.2191,0.065854,0.000377,0.000034,0.040331
2013000,0.2191,0.065854,0.000377,0.000034,0.040395
2014000,0.2191,0.065854,0.000377,0.000034,0.040251
2015000,0.2191,0.065854,0.000377,0.000034,0.040323
2016000,0.2191,0.065854,0.000377,0.000034,0.040467
2017000,0.2191,0.065854,0.000377,0.000034,0.039892
2018000,0.2191,0.065854,0.000377,0.000034,0.040825
2019000,0.2191,0.065854,0.000377,0.000034,0.039820
2020000,0.2191,0.065854,0.000377,0.000034,0.040969
2021000,0.2191,0.065854,0.000377,0.000034,0.039820
2022000,0.2191,0.065854,0.000377,0.000034,0.040969
2023000,0.2191,0.065854,0.000377,0.000034,0.039748
2024000,0.2191,0.065854,0.000377,0.000034,0.041041
2025000,0.2191,0.065854,0.000377,0.000034,0.039748
2026000,0.2191,0.065854,0.000377,0.000034,0.040609
2027000,0.2191,0.065854,0.000377,0.000034,0.040179
2028000,0.2191,0.065854,0.000377,0.000034,0.040611
2029000,0.2191,0.065854,0.000377,0.000034,0.040187
2030000,0.2191,0.065854,0.000377,0.000034,0.040396
2031000,0.2191,0.065854,0.000377,0.000034,0.040403
2032000,0.2191,0.065854,0.000377,0.000034,0.040819
2033000,0.2191,0.065854,0.000377,0.000034,0.039971
2034000,0.2191,0.065854,0.000377,0.000034,0.040611
2035000,0.2191,0.065854,0.000377,0.000034,0.040187
2036000,0.2191,0.065854,0.000377,0.000034,0.040676
2037000,0.2191,0.065854,0.000377,0.000034,0.040404
2038000,0.2191,0.065854,0.000377,0.000034,0.040825
2039000,0.2191,0.065854,0.000377,0.000034,0.040548
2040000,0.2191,0.065854,0.000377,0.000034,0.040403
2041000,0.2191,0.065854,0.000377,0.000034,0.040388
2042000,0.2191,0.065854,0.000377,0.000034,0.040403
2043000,0.2191,0.065854,0.000377,0.000034,0.040387
2044000,0.2191,0.065854,0.000377,0.000034,0.040251
2045000,0.2191,0.065854,0.000377,0.000034,0.040395
2046000,0.2191,0.065854,0.000377,0.000034,0.040395
2047000,0.2191,0.065854,0.000377,0.000034,0.040395
2048000,0.2191,0.065854,0.000377,0.000034,0.040395
2049000,0.2191,0.065854,0.000377,0.000034,0.040323
2050000,0.2191,0.065854,0.000377,0.000034,0.040465
2051000,0.2191,0.065854,0.000377,0.000034,0.040324
2052000,0.2191,0.065854,0.000377,0.000034,0.040465
2053000,0.2191,0.065854,0.000377,0.000034,0.040180
2054000,0.2191,0.065854,0.000377,0.000034,0.040609
2055000,0.2191,0.065854,0.000377,0.000034,0.040180
2056000,0.2191,0.065854,0.000377,0.000034,0.040609
2057000,0.2191,0.065854,0.000377,0.000034,0.040548
2058000,0.2191,0.065854,0.000377,0.000034,0.040403
2059000,0.2191,0.065854,0.000377,0.000034,0.040604
2060000,0.2191,0.065854,0.000377,0.000034,0.040187
2061000,0.2191,0.065854,0.000377,0.000034,0.040602
2062000,0.2191,0.065854,0.000377,0.000034,0.040187
2063000,0.2191,0.065854,0.000377,0.000034,0.040458
2064000,0.2191,0.065854,0.000377,0.000034,0.040331
2065000,0.2191,0.065854,0.000377,0.000034,0.040458
2066000,0.2191,0.065854,0.000377,0.000034,0.040331
2067000,0.2191,0.065854,0.000377,0.000034,0.040387
2068000,0.2191,0.065854,0.000377,0.000034,0.040411
2069000,0.2191,0.065854,0.000377,0.000034,0.040388
2070000,0.2191,0.065854,0.000377,0.000034,0.040404
2071000,0.2191,0.065854,0.000377,0.000034,0.040889
2072000,0.2191,0.065854,0.000377,0.000034,0.040404
2073000,0.2191,0.065854,0.000377,0.000034,0.040609
2074000,0.2191,0.065854,0.000377,0.000034,0.040189
2075000,0.2191,0.065854,0.000377,0.000034,0.040609
2076000,0.2191,0.065854,0.000377,0.000034,0.040108
2077000,0.2191,0.065854,0.000377,0.000034,0.040681
2078000,0.2191,0.065854,0.000377,0.000034,0.040548
2079000,0.2191,0.065854,0.000377,0.000034,0.040403
2080000,0.2191,0.065854,0.000377,0.000034,0.040604
2081000,0.2191,0.065854,0.000377,0.000034,0.040332
2082000,0.2191,0.065854,0.000377,0.000034,0.040969
2083000,0.2191,0.065854,0.000377,0.000034,0.040332
2084000,0.2191,0.065854,0.000377,0.000034,0.040467
2085000,0.2191,0.065854,0.000377,0.000034,0.040323
2086000,0.2191,0.065854,0.000377,0.000034,0.040467
2087000,0.2191,0.065854,0.000377,0.000034,0.040323
2088000,0.2191,0.065854,0.000377,0.000034,0.040387
2089000,0.2191,0.065854,0.000377,0.000034,0.040403
2090000,0.2191,0.065854,0.000377,0.000034,0.040243
2091000,0.2191,0.065854,0.000377,0.000034,0.040121
2092000,0.2191,0.065854,0.000377,0.000034,0.040674
2093000,0.2191,0.065854,0.000377,0.000034,0.040115
2094000,0.2191,0.065854,0.000377,0.000034,0.040611
2095000,0.2191,0.065854,0.000377,0.000034,0.039963
2096000,0.2191,0.065854,0.000377,0.000034,0.040826
2097000,0.2191,0.065854,0.000377,0.000034,0.039963
2098000,0.2191,0.065854,0.000377,0.000034,0.040611
2099000,0.2191,0.065854,0.000377,0.000034,0.040187
2100000,0.2191,0.065854,0.000377,0.000034,0.040676
2101000,0.2191,0.065854,0.000377,0.000034,0.040404
2102000,0.2191,0.065854,0.000377,0.000034,0.040825
2103000,0.2191,0.065854,0.000377,0.000034,0.040548
2104000,0.2191,0.065854,0.000377,0.000034,0.040403
2105000,0.2191,0.065854,0.000377,0.000034,0.040388
2106000,0.2191,0.065854,0.000377,0.000034,0.040403
2107000,0.2191,0.065854,0.000377,0.000034,0.040393
2108000,0.2191,0.065854,0.000377,0.000034,0.040403
2109000,0.2191,0.065854,0.000377,0.000034,0.040243
2110000,0.2191,0.065854,0.000377,0.000034,0.040395
2111000,0.2191,0.065854,0.000377,0.000034,0.040395
2112000,0.2191,0.065854,0.000377,0.000034,0.040395
2113000,0.2191,0.065854,0.000377,0.000034,0.040323
2114000,0.2191,0.065854,0.000377,0.000034,0.040465
2115000,0.2191,0.065854,0.000377,0.000034,0.040324
2116000,0.2191,0.065854,0.000377,0.000034,0.040465
2117000,0.2191,0.065854,0.000377,0.000034,0.040180
2118000,0.2191,0.065854,0.000377,0.000034,0.040537
2119000,0.2191,0.065854,0.000377,0.000034,0.040252
2120000,0.2191,0.065854,0.000377,0.000034,0.040537
2121000,0.2191,0.065854,0.000377,0.000034,0.040180
2122000,0.2191,0.065854,0.000377,0.000034,0.040609
2123000,0.2191,0.065854,0.000377,0.000034,0.040188
2124000,0.2191,0.065854,0.000377,0.000034,0.040387
2125000,0.2191,0.065854,0.000377,0.000034,0.040251
2126000,0.2191,0.065854,0.000377,0.000034,0.040395
2127000,0.2191,0.065854,0.000377,0.000034,0.040331
2128000,0.2191,0.065854,0.000377,0.000034,0.040458
2129000,0.2191,0.065854,0.000377,0.000034,0.040332
2130000,0.2191,0.065854,0.000377,0.000034,0.040897
2131000,0.2191,0.065854,0.000377,0.000034,0.040116
2132000,0.2191,0.065854,0.000377,0.000034,0.040683
2133000,0.2191,0.065854,0.000377,0.000034,0.040107
2134000,0.2191,0.065854,0.000377,0.000034,0.040683
2135000,0.2191,0.065854,0.000377,0.000034,0.039891
2136000,0.2191,0.065854,0.000377,0.000034,0.040898
2137000,0.2191,0.065854,0.000377,0.000034,0.039891
2138000,0.2191,0.065854,0.000377,0.000034,0.040898
2139000,0.2191,0.065854,0.000377,0.000034,0.040332
2140000,0.2191,0.065854,0.000377,0.000034,0.040387
2141000,0.2191,0.065854,0.000377,0.000034,0.040251
2142000,0.2191,0.065854,0.000377,0.000034,0.040537
2143000,0.2191,0.065854,0.000377,0.000034,0.040252
2144000,0.2191,0.065854,0.000377,0.000034,0.040395
2145000,0.2191,0.065854,0.000377,0.000034,0.040331
2146000,0.2191,0.065854,0.000377,0.000034,0.040387
2147000,0.2191,0.065854,0.000377,0.000034,0.040395
2148000,0.2191,0.065854,0.000377,0.000034,0.040609
2149000,0.2191,0.065854,0.000377,0.000034,0.040036
2150000,0.2191,0.065854,0.000377,0.000034,0.040753
2151000,0.2191,0.065854,0.000377,0.000034,0.040036
2152000,0.2191,0.065854,0.000377,0.000034,0.040537
2153000,0.2191,0.065854,0.000377,0.000034,0.040189
2154000,0.2191,0.065854,0.000377,0.000034,0.040897
2155000,0.2191,0.065854,0.000377,0.000034,0.040548
2156000,0.2191,0.065854,0.000377,0.000034,0.040251
2157000,0.2191,0.065854,0.000377,0.000034,0.039892
2158000,0.2191,0.065854,0.000377,0.000034,0.040897
2159000,0.2191,0.065854,0.000377,0.000034,0.040396
2160000,0.2191,0.065854,0.000377,0.000034,0.040395
2161000,0.2191,0.065854,0.000377,0.000034,0.040547
2162000,0.2191,0.065854,0.000377,0.000034,0.040252
2163000,0.2191,0.065854,0.000377,0.000034,0.040323
2164000,0.2191,0.065854,0.000377,0.000034,0.040467
2165000,0.2191,0.065854,0.000377,0.000034,0.040179
2166000,0.2191,0.065854,0.000377,0.000034,0.040609
2167000,0.2191,0.065854,0.000377,0.000034,0.040548
2168000,0.2191,0.065854,0.000377,0.000034,0.040251
2169000,0.2191,0.065854,0.000377,0.000034,0.040323
2170000,0.2191,0.065854,0.000377,0.000034,0.040467
2171000,0.2191,0.065854,0.000377,0.000034,0.040108
2172000,0.2191,0.065854,0.000377,0.000034,0.040681
2173000,0.2191,0.065854,0.000377,0.000034,0.040107
2174000,0.2191,0.065854,0.000377,0.000034,0.040683
2175000,0.2191,0.065854,0.000377,0.000034,0.040107
2176000,0.2191,0.065854,0.000377,0.000034,0.040683
2177000,0.2191,0.065854,0.000377,0.000034,0.040107
2178000,0.2191,0.065854,0.000377,0.000034,0.040683
2179000,0.2191,0.065854,0.000377,0.000034,0.040107
2180000,0.2191,0.065854,0.000377,0.000034,0.040683
2181000,0.2191,0.065854,0.000377,0.000034,0.040548
2182000,0.2191,0.065854,0.000377,0.000034,0.040251
2183000,0.2191,0.065854,0.000377,0.000034,0.040323
2184000,0.2191,0.065854,0.000377,0.000034,0.040467
2185000,0.2191,0.065854,0.000377,0.000034,0.040107
2186000,0.2191,0.065854,0.000377,0.000034,0.040602
2187000,0.2191,0.065854,0.000377,0.000034,0.039971
2188000,0.2191,0.065854,0.000377,0.000034,0.040818
2189000,0.2191,0.065854,0.000377,0.000034,0.039971
2190000,0.2191,0.065854,0.000377,0.000034,0.040674
2191000,0.2191,0.065854,0.000377,0.000034,0.040404
2192000,0.2191,0.065854,0.000377,0.000034,0.040395
2193000,0.2191,0.065854,0.000377,0.000034,0.040331
2194000,0.2191,0.065854,0.000377,0.000034,0.040387
2195000,0.2191,0.065854,0.000377,0.000034,0.040187
2196000,0.2191,0.065854,0.000377,0.000034,0.040602
2197000,0.2191,0.065854,0.000377,0.000034,0.040187
2198000,0.2191,0.065854,0.000377,0.000034,0.040458
2199000,0.2191,0.065854,0.000377,0.000034,0.040331
2200000,0.2191,0.065854,0.000377,0.000034,0.040458
2201000,0.2191,0.065854,0.000377,0.000034,0.040331
2202000,0.2191,0.065854,0.000377,0.000034,0.040387
2203000,0.2191,0.065854,0.000377,0.000034,0.040412
2204000,0.2191,0.065854,0.000377,0.000034,0.040387
2205000,0.2191,0.065854,0.000377,0.000034,0.040403
2206000,0.2191,0.065854,0.000377,0.000034,0.040387
2207000,0.2191,0.065854,0.000377,0.000034,0.040251
2208000,0.2191,0.065854,0.000377,0.000034,0.040537
2209000,0.2191,0.065854,0.000377,0.000034,0.040252
2210000,0.2191,0.065854,0.000377,0.000034,0.040395
2211000,0.2191,0.065854,0.000377,0.000034,0.040332
2212000,0.2191,0.065854,0.000377,0.000034,0.041041
2213000,0.2191,0.065854,0.000377,0.000034,0.039748
2214000,0.2191,0.065854,0.000377,0.000034,0.041041
2215000,0.2191,0.065854,0.000377,0.000034,0.039747
2216000,0.2191,0.065854,0.000377,0.000034,0.040826
2217000,0.2191,0.065854,0.000377,0.000034,0.039963
2218000,0.2191,0.065854,0.000377,0.000034,0.040826
2219000,0.2191,0.065854,0.000377,0.000034,0.039963
2220000,0.2191,0.065854,0.000377,0.000034,0.040611
2221000,0.2191,0.065854,0.000377,0.000034,0.040179
2222000,0.2191,0.065854,0.000377,0.000034,0.040611
2223000,0.2191,0.065854,0.000377,0.000034,0.040179
2224000,0.2191,0.065854,0.000377,0.000034,0.040611
2225000,0.2191,0.065854,0.000377,0.000034,0.040187
2226000,0.2191,0.065854,0.000377,0.000034,0.040676
2227000,0.2191,0.065854,0.000377,0.000034,0.040115
2228000,0.2191,0.065854,0.000377,0.000034,0.040602
2229000,0.2191,0.065854,0.000377,0.000034,0.040187
2230000,0.2191,0.065854,0.000377,0.000034,0.040611
2231000,0.2191,0.065854,0.000377,0.000034,0.040179
2232000,0.2191,0.065854,0.000377,0.000034,0.040458
2233000,0.2191,0.065854,0.000377,0.000034,0.040331
2234000,0.2191,0.065854,0.000377,0.000034,0.040458
2235000,0.2191,0.065854,0.000377,0.000034,0.040331
2236000,0.2191,0.065854,0.000377,0.000034,0.040458
2237000,0.2191,0.065854,0.000377,0.000034,0.040331
2238000,0.2191,0.065854,0.000377,0.000034,0.040387
2239000,0.2191,0.065854,0.000377,0.000034,0.040403
2240000,0.2191,0.065854,0.000377,0.000034,0.040243
2241000,0.2191,0.065854,0.000377,0.000034,0.040395
2242000,0.2191,0.065854,0.000377,0.000034,0.040547
2243000,0.2191,0.065854,0.000377,0.000034,0.040252
2244000,0.2191,0.065854,0.000377,0.000034,0.040395
2245000,0.2191,0.065854,0.000377,0.000034,0.040395
2246000,0.2191,0.065854,0.000377,0.000034,0.040323
2247000,0.2191,0.065854,0.000377,0.000034,0.040465
2248000,0.2191,0.065854,0.000377,0.000034,0.040180
2249000,0.2191,0.065854,0.000377,0.000034,0.040609
2250000,0.2191,0.065854,0.000377,0.000034,0.040180
2251000,0.2191,0.065854,0.000377,0.000034,0.040609
2252000,0.2191,0.065854,0.000377,0.000034,0.040108
2253000,0.2191,0.065854,0.000377,0.000034,0.040609
2254000,0.2191,0.065854,0.000377,0.000034,0.040188
2255000,0.2191,0.065854,0.000377,0.000034,0.040243
2256000,0.2191,0.065854,0.000377,0.000034,0.040331
2257000,0.2191,0.065854,0.000377,0.000034,0.040458
2258000,0.2191,0.065854,0.000377,0.000034,0.040331
2259000,0.2191,0.065854,0.000377,0.000034,0.040601
2260000,0.2191,0.065854,0.000377,0.000034,0.040180
2261000,0.2191,0.065854,0.000377,0.000034,0.040609
2262000,0.2191,0.065854,0.000377,0.000034,0.040180
2263000,0.2191,0.065854,0.000377,0.000034,0.040395
2264000,0.2191,0.065854,0.000377,0.000034,0.040404
2265000,0.2191,0.065854,0.000377,0.000034,0.040897
2266000,0.2191,0.065854,0.000377,0.000034,0.040332
2267000,0.2191,0.065854,0.000377,0.000034,0.040467
2268000,0.2191,0.065854,0.000377,0.000034,0.040323
2269000,0.2191,0.065854,0.000377,0.000034,0.040467
2270000,0.2191,0.065854,0.000377,0.000034,0.040323
2271000,0.2191,0.065854,0.000377,0.000034,0.040387
2272000,0.2191,0.065854,0.000377,0.000034,0.040403
2273000,0.2191,0.065854,0.000377,0.000034,0.040387
2274000,0.2191,0.065854,0.000377,0.000034,0.039971
2275000,0.2191,0.065854,0.000377,0.000034,0.040674
2276000,0.2191,0.065854,0.000377,0.000034,0.040404
2277000,0.2191,0.065854,0.000377,0.000034,0.040609
2278000,0.2191,0.065854,0.000377,0.000034,0.040764
2279000,0.2191,0.065854,0.000377,0.000034,0.040179
2280000,0.2191,0.065854,0.000377,0.000034,0.040395
2281000,0.2191,0.065854,0.000377,0.000034,0.040403
2282000,0.2191,0.065854,0.000377,0.000034,0.040604
2283000,0.2191,0.065854,0.000377,0.000034,0.040404
2284000,0.2191,0.065854,0.000377,0.000034,0.040825
2285000,0.2191,0.065854,0.000377,0.000034,0.039820
2286000,0.2191,0.065854,0.000377,0.000034,0.040537
2287000,0.2191,0.065854,0.000377,0.000034,0.040252
2288000,0.2191,0.065854,0.000377,0.000034,0.040395
2289000,0.2191,0.065854,0.000377,0.000034,0.040332
2290000,0.2191,0.065854,0.000377,0.000034,0.041041
2291000,0.2191,0.065854,0.000377,0.000034,0.039748
2292000,0.2191,0.065854,0.000377,0.000034,0.040825
2293000,0.2191,0.065854,0.000377,0.000034,0.039963
2294000,0.2191,0.065854,0.000377,0.000034,0.040611
2295000,0.2191,0.065854,0.000377,0.000034,0.040179
2296000,0.2191,0.065854,0.000377,0.000034,0.040611
2297000,0.2191,0.065854,0.000377,0.000034,0.040179
2298000,0.2191,0.065854,0.000377,0.000034,0.040611
2299000,0.2191,0.065854,0.000377,0.000034,0.040179
2300000,0.2191,0.065854,0.000377,0.000034,0.040611
2301000,0.2191,0.065854,0.000377,0.000034,0.040179
2302000,0.2191,0.065854,0.000377,0.000034,0.040611
2303000,0.2191,0.065854,0.000377,0.000034,0.040035
2304000,0.2191,0.065854,0.000377,0.000034,0.040323
2305000,0.2191,0.065854,0.000377,0.000034,0.040467
2306000,0.2191,0.065854,0.000377,0.000034,0.040323
2307000,0.2191,0.065854,0.000377,0.000034,0.040467
2308000,0.2191,0.065854,0.000377,0.000034,0.040107
2309000,0.2191,0.065854,0.000377,0.000034,0.040683
2310000,0.2191,0.065854,0.000377,0.000034,0.040107
2311000,0.2191,0.065854,0.000377,0.000034,0.040683
2312000,0.2191,0.065854,0.000377,0.000034,0.040107
2313000,0.2191,0.065854,0.000377,0.000034,0.040683
2314000,0.2191,0.065854,0.000377,0.000034,0.040107
2315000,0.2191,0.065854,0.000377,0.000034,0.040683
2316000,0.2191,0.065854,0.000377,0.000034,0.039892
2317000,0.2191,0.065854,0.000377,0.000034,0.040897
2318000,0.2191,0.065854,0.000377,0.000034,0.039891
2319000,0.2191,0.065854,0.000377,0.000034,0.040898
2320000,0.2191,0.065854,0.000377,0.000034,0.040396
2321000,0.2191,0.065854,0.000377,0.000034,0.040395
2322000,0.2191,0.065854,0.000377,0.000034,0.040547
2323000,0.2191,0.065854,0.000377,0.000034,0.040403
2324000,0.2191,0.065854,0.000377,0.000034,0.040819
2325000,0.2191,0.065854,0.000377,0.000034,0.040404
2326000,0.2191,0.065854,0.000377,0.000034,0.040609
2327000,0.2191,0.065854,0.000377,0.000034,0.040036
2328000,0.2191,0.065854,0.000377,0.000034,0.040537
2329000,0.2191,0.065854,0.000377,0.000034,0.040252
2330000,0.2191,0.065854,0.000377,0.000034,0.040537
2331000,0.2191,0.065854,0.000377,0.000034,0.040180
2332000,0.2191,0.065854,0.000377,0.000034,0.040609
2333000,0.2191,0.065854,0.000377,0.000034,0.040188
2334000,0.2191,0.065854,0.000377,0.000034,0.040387
2335000,0.2191,0.065854,0.000377,0.000034,0.040403
2336000,0.2191,0.065854,0.000377,0.000034,0.040243
2337000,0.2191,0.065854,0.000377,0.000034,0.040404
2338000,0.2191,0.065854,0.000377,0.000034,0.041041
2339000,0.2191,0.065854,0.000377,0.000034,0.040396
2340000,0.2191,0.065854,0.000377,0.000034,0.040395
2341000,0.2191,0.065854,0.000377,0.000034,0.040547
2342000,0.2191,0.065854,0.000377,0.000034,0.040252
2343000,0.2191,0.065854,0.000377,0.000034,0.040323
2344000,0.2191,0.065854,0.000377,0.000034,0.040465
2345000,0.2191,0.065854,0.000377,0.000034,0.040324
2346000,0.2191,0.065854,0.000377,0.000034,0.040465
2347000,0.2191,0.065854,0.000377,0.000034,0.040180
2348000,0.2191,0.065854,0.000377,0.000034,0.040609
2349000,0.2191,0.065854,0.000377,0.000034,0.040108
2350000,0.2191,0.065854,0.000377,0.000034,0.040681
2351000,0.2191,0.065854,0.000377,0.000034,0.040108
2352000,0.2191,0.065854,0.000377,0.000034,0.040681
2353000,0.2191,0.065854,0.000377,0.000034,0.040332
2354000,0.2191,0.065854,0.000377,0.000034,0.040467
2355000,0.2191,0.065854,0.000377,0.000034,0.040323
2356000,0.2191,0.065854,0.000377,0.000034,0.040467
2357000,0.2191,0.065854,0.000377,0.000034,0.040323
2358000,0.2191,0.065854,0.000377,0.000034,0.040467
2359000,0.2191,0.065854,0.000377,0.000034,0.040107
2360000,0.2191,0.065854,0.000377,0.000034,0.040683
2361000,0.2191,0.065854,0.000377,0.000034,0.040107
2362000,0.2191,0.065854,0.000377,0.000034,0.040683
2363000,0.2191,0.065854,0.000377,0.000034,0.040396
2364000,0.2191,0.065854,0.000377,0.000034,0.040395
2365000,0.2191,0.065854,0.000377,0.000034,0.040404
2366000,0.2191,0.065854,0.000377,0.000034,0.040395
2367000,0.2191,0.065854,0.000377,0.000034,0.040395
2368000,0.2191,0.065854,0.000377,0.000034,0.040395
2369000,0.2191,0.065854,0.000377,0.000034,0.040323
2370000,0.2191,0.065854,0.000377,0.000034,0.040465
2371000,0.2191,0.065854,0.000377,0.000034,0.040180
2372000,0.2191,0.065854,0.000377,0.000034,0.040609
2373000,0.2191,0.065854,0.000377,0.000034,0.040180
2374000,0.2191,0.065854,0.000377,0.000034,0.040609
2375000,0.2191,0.065854,0.000377,0.000034,0.040108
2376000,0.2191,0.065854,0.000377,0.000034,0.040609
2377000,0.2191,0.065854,0.000377,0.000034,0.040188
2378000,0.2191,0.065854,0.000377,0.000034,0.040387
2379000,0.2191,0.065854,0.000377,0.000034,0.040251
2380000,0.2191,0.065854,0.000377,0.000034,0.040395
2381000,0.2191,0.065854,0.000377,0.000034,0.040115
2382000,0.2191,0.065854,0.000377,0.000034,0.040674
2383000,0.2191,0.065854,0.000377,0.000034,0.040115
2384000,0.2191,0.065854,0.000377,0.000034,0.040602
2385000,0.2191,0.065854,0.000377,0.000034,0.040187
2386000,0.2191,0.065854,0.000377,0.000034,0.040602
2387000,0.2191,0.065854,0.000377,0.000034,0.040187
2388000,0.2191,0.065854,0.000377,0.000034,0.040465
2389000,0.2191,0.065854,0.000377,0.000034,0.040331
2390000,0.2191,0.065854,0.000377,0.000034,0.040458
2391000,0.2191,0.065854,0.000377,0.000034,0.040331
2392000,0.2191,0.065854,0.000377,0.000034,0.040387
2393000,0.2191,0.065854,0.000377,0.000034,0.040403
2394000,0.2191,0.065854,0.000377,0.000034,0.040243
2395000,0.2191,0.065854,0.000377,0.000034,0.040401
2396000,0.2191,0.065854,0.000377,0.000034,0.040395
2397000,0.2191,0.065854,0.000377,0.000034,0.040395
2398000,0.2191,0.065854,0.000377,0.000034,0.040323
2399000,0.2191,0.065854,0.000377,0.000034,0.040467
2400000,0.2191,0.065854,0.000377,0.000034,0.040323
2401000,0.2191,0.065854,0.000377,0.000034,0.040465
2402000,0.2191,0.065854,0.000377,0.000034,0.040180
2403000,0.2191,0.065854,0.000377,0.000034,0.040609
2404000,0.2191,0.065854,0.000377,0.000034,0.040548
2405000,0.2191,0.065854,0.000377,0.000034,0.040403
2406000,0.2191,0.065854,0.000377,0.000034,0.040676
2407000,0.2191,0.065854,0.000377,0.000034,0.040332
2408000,0.2191,0.065854,0.000377,0.000034,0.040897
2409000,0.2191,0.065854,0.000377,0.000034,0.040548
2410000,0.2191,0.065854,0.000377,0.000034,0.040409
2411000,0.2191,0.065854,0.000377,0.000034,0.040388
2412000,0.2191,0.065854,0.000377,0.000034,0.040404
2413000,0.2191,0.065854,0.000377,0.000034,0.041041
2414000,0.2191,0.065854,0.000377,0.000034,0.039747
2415000,0.2191,0.065854,0.000377,0.000034,0.040826
2416000,0.2191,0.065854,0.000377,0.000034,0.039963
2417000,0.2191,0.065854,0.000377,0.000034,0.040611
2418000,0.2191,0.065854,0.000377,0.000034,0.040179
2419000,0.2191,0.065854,0.000377,0.000034,0.040611
2420000,0.2191,0.065854,0.000377,0.000034,0.040179
2421000,0.2191,0.065854,0.000377,0.000034,0.040611
2422000,0.2191,0.065854,0.000377,0.000034,0.040179
2423000,0.2191,0.065854,0.000377,0.000034,0.040395
2424000,0.2191,0.065854,0.000377,0.000034,0.040403
2425000,0.2191,0.065854,0.000377,0.000034,0.040676
2426000,0.2191,0.065854,0.000377,0.000034,0.040410
2427000,0.2191,0.065854,0.000377,0.000034,0.040825
2428000,0.2191,0.065854,0.000377,0.000034,0.040548
2429000,0.2191,0.065854,0.000377,0.000034,0.040403
2430000,0.2191,0.065854,0.000377,0.000034,0.040388
2431000,0.2191,0.065854,0.000377,0.000034,0.040403
2432000,0.2191,0.065854,0.000377,0.000034,0.040387
2433000,0.2191,0.065854,0.000377,0.000034,0.040251
2434000,0.2191,0.065854,0.000377,0.000034,0.040395
2435000,0.2191,0.065854,0.000377,0.000034,0.040395
2436000,0.2191,0.065854,0.000377,0.000034,0.040395
2437000,0.2191,0.065854,0.000377,0.000034,0.040395
2438000,0.2191,0.065854,0.000377,0.000034,0.040547
2439000,0.2191,0.065854,0.000377,0.000034,0.040403
2440000,0.2191,0.065854,0.000377,0.000034,0.040819
2441000,0.2191,0.065854,0.000377,0.000034,0.040266
2442000,0.2191,0.065854,0.000377,0.000034,0.040825
2443000,0.2191,0.065854,0.000377,0.000034,0.040548
2444000,0.2191,0.065854,0.000377,0.000034,0.040251
2445000,0.2191,0.065854,0.000377,0.000034,0.040323
2446000,0.2191,0.065854,0.000377,0.000034,0.040467
2447000,0.2191,0.065854,0.000377,0.000034,0.040323
2448000,0.2191,0.065854,0.000377,0.000034,0.040467
2449000,0.2191,0.065854,0.000377,0.000034,0.040323
2450000,0.2191,0.065854,0.000377,0.000034,0.040467
2451000,0.2191,0.065854,0.000377,0.000034,0.040107
2452000,0.2191,0.065854,0.000377,0.000034,0.040683
2453000,0.2191,0.065854,0.000377,0.000034,0.040107
2454000,0.2191,0.065854,0.000377,0.000034,0.040683
2455000,0.2191,0.065854,0.000377,0.000034,0.039891
2456000,0.2191,0.065854,0.000377,0.000034,0.040898
2457000,0.2191,0.065854,0.000377,0.000034,0.040324
2458000,0.2191,0.065854,0.000377,0.000034,0.040465
2459000,0.2191,0.065854,0.000377,0.000034,0.040548
2460000,0.2191,0.065854,0.000377,0.000034,0.040403
2461000,0.2191,0.065854,0.000377,0.000034,0.040676
2462000,0.2191,0.065854,0.000377,0.000034,0.040115
2463000,0.2191,0.065854,0.000377,0.000034,0.040179
2464000,0.2191,0.065854,0.000377,0.000034,0.040467
2465000,0.2191,0.065854,0.000377,0.000034,0.040323
2466000,0.2191,0.065854,0.000377,0.000034,0.040467
2467000,0.2191,0.065854,0.000377,0.000034,0.040107
2468000,0.2191,0.065854,0.000377,0.000034,0.040683
2469000,0.2191,0.065854,0.000377,0.000034,0.040107
2470000,0.2191,0.065854,0.000377,0.000034,0.040683
2471000,0.2191,0.065854,0.000377,0.000034,0.039892
2472000,0.2191,0.065854,0.000377,0.000034,0.040897
2473000,0.2191,0.065854,0.000377,0.000034,0.039891
2474000,0.2191,0.065854,0.000377,0.000034,0.040898
2475000,0.2191,0.065854,0.000377,0.000034,0.039891
2476000,0.2191,0.065854,0.000377,0.000034,0.040898
2477000,0.2191,0.065854,0.000377,0.000034,0.040116
2478000,0.2191,0.065854,0.000377,0.000034,0.040602
2479000,0.2191,0.065854,0.000377,0.000034,0.040187
2480000,0.2191,0.065854,0.000377,0.000034,0.040458
2481000,0.2191,0.065854,0.000377,0.000034,0.040331
2482000,0.2191,0.065854,0.000377,0.000034,0.040387
2483000,0.2191,0.065854,0.000377,0.000034,0.040403
2484000,0.2191,0.065854,0.000377,0.000034,0.040387
2485000,0.2191,0.065854,0.000377,0.000034,0.040251
2486000,0.2191,0.065854,0.000377,0.000034,0.040537
2487000,0.2191,0.065854,0.000377,0.000034,0.040188
2488000,0.2191,0.065854,0.000377,0.000034,0.040387
2489000,0.2191,0.065854,0.000377,0.000034,0.040409
2490000,0.2191,0.065854,0.000377,0.000034,0.040387
2491000,0.2191,0.065854,0.000377,0.000034,0.040404
2492000,0.2191,0.065854,0.000377,0.000034,0.040897
2493000,0.2191,0.065854,0.000377,0.000034,0.040396
2494000,0.2191,0.065854,0.000377,0.000034,0.040395
2495000,0.2191,0.065854,0.000377,0.000034,0.040547
2496000,0.2191,0.065854,0.000377,0.000034,0.040403
2497000,0.2191,0.065854,0.000377,0.000034,0.040819
2498000,0.2191,0.065854,0.000377,0.000034,0.040404
2499000,0.2191,0.065854,0.000377,0.000034,0.040687
2500000,0.2191,0.065854,0.000377,0.000034,0.040548
2501000,0.2191,0.065854,0.000377,0.000034,0.040251
2502000,0.2191,0.065854,0.000377,0.000034,0.040107
2503000,0.2191,0.065854,0.000377,0.000034,0.040683
2504000,0.2191,0.065854,0.000377,0.000034,0.039892
2505000,0.2191,0.065854,0.000377,0.000034,0.040897
2506000,0.2191,0.065854,0.000377,0.000034,0.040402
2507000,0.2191,0.065854,0.000377,0.000034,0.040395
2508000,0.2191,0.065854,0.000377,0.000034,0.040547
2509000,0.2191,0.065854,0.000377,0.000034,0.040251
2510000,0.2191,0.065854,0.000377,0.000034,0.040324
2511000,0.2191,0.065854,0.000377,0.000034,0.040465
2512000,0.2191,0.065854,0.000377,0.000034,0.040180
2513000,0.2191,0.065854,0.000377,0.000034,0.040609
2514000,0.2191,0.065854,0.000377,0.000034,0.040108
2515000,0.2191,0.065854,0.000377,0.000034,0.040681
2516000,0.2191,0.065854,0.000377,0.000034,0.040108
2517000,0.2191,0.065854,0.000377,0.000034,0.040681
2518000,0.2191,0.065854,0.000377,0.000034,0.040548
2519000,0.2191,0.065854,0.000377,0.000034,0.040403
2520000,0.2191,0.065854,0.000377,0.000034,0.040460
2521000,0.2191,0.065854,0.000377,0.000034,0.040331
2522000,0.2191,0.065854,0.000377,0.000034,0.040387
2523000,0.2191,0.065854,0.000377,0.000034,0.040403
2524000,0.2191,0.065854,0.000377,0.000034,0.040243
2525000,0.2191,0.065854,0.000377,0.000034,0.040395
2526000,0.2191,0.065854,0.000377,0.000034,0.040395
2527000,0.2191,0.065854,0.000377,0.000034,0.040395
2528000,0.2191,0.065854,0.000377,0.000034,0.040323
2529000,0.2191,0.065854,0.000377,0.000034,0.040465
2530000,0.2191,0.065854,0.000377,0.000034,0.040180
2531000,0.2191,0.065854,0.000377,0.000034,0.040609
2532000,0.2191,0.065854,0.000377,0.000034,0.040108
2533000,0.2191,0.065854,0.000377,0.000034,0.040681
2534000,0.2191,0.065854,0.000377,0.000034,0.040548
2535000,0.2191,0.065854,0.000377,0.000034,0.040251
2536000,0.2191,0.065854,0.000377,0.000034,0.040323
2537000,0.2191,0.065854,0.000377,0.000034,0.040467
2538000,0.2191,0.065854,0.000377,0.000034,0.040107
2539000,0.2191,0.065854,0.000377,0.000034,0.040683
2540000,0.2191,0.065854,0.000377,0.000034,0.039892
2541000,0.2191,0.065854,0.000377,0.000034,0.040897
2542000,0.2191,0.065854,0.000377,0.000034,0.040332
2543000,0.2191,0.065854,0.000377,0.000034,0.040467
2544000,0.2191,0.065854,0.000377,0.000034,0.040107
2545000,0.2191,0.065854,0.000377,0.000034,0.040602
2546000,0.2191,0.065854,0.000377,0.000034,0.040187
2547000,0.2191,0.065854,0.000377,0.000034,0.040458
2548000,0.2191,0.065854,0.000377,0.000034,0.040331
2549000,0.2191,0.065854,0.000377,0.000034,0.040458
2550000,0.2191,0.065854,0.000377,0.000034,0.040115
2551000,0.2191,0.065854,0.000377,0.000034,0.040611
2552000,0.2191,0.065854,0.000377,0.000034,0.039963
2553000,0.2191,0.065854,0.000377,0.000034,0.040674
2554000,0.2191,0.065854,0.000377,0.000034,0.040115
2555000,0.2191,0.065854,0.000377,0.000034,0.040674
2556000,0.2191,0.065854,0.000377,0.000034,0.040115
2557000,0.2191,0.065854,0.000377,0.000034,0.040674
2558000,0.2191,0.065854,0.000377,0.000034,0.040115
2559000,0.2191,0.065854,0.000377,0.000034,0.040602
2560000,0.2191,0.065854,0.000377,0.000034,0.040187
2561000,0.2191,0.065854,0.000377,0.000034,0.040611
2562000,0.2191,0.065854,0.000377,0.000034,0.040179
2563000,0.2191,0.065854,0.000377,0.000034,0.040458
2564000,0.2191,0.065854,0.000377,0.000034,0.040339
2565000,0.2191,0.065854,0.000377,0.000034,0.040466
2566000,0.2191,0.065854,0.000377,0.000034,0.040404
2567000,0.2191,0.065854,0.000377,0.000034,0.040969
2568000,0.2191,0.065854,0.000377,0.000034,0.039748
2569000,0.2191,0.065854,0.000377,0.000034,0.040825
2570000,0.2191,0.065854,0.000377,0.000034,0.039963
2571000,0.2191,0.065854,0.000377,0.000034,0.040826
2572000,0.2191,0.065854,0.000377,0.000034,0.039963
2573000,0.2191,0.065854,0.000377,0.000034,0.040826
2574000,0.2191,0.065854,0.000377,0.000034,0.039963
2575000,0.2191,0.065854,0.000377,0.000034,0.040611
2576000,0.2191,0.065854,0.000377,0.000034,0.040179
2577000,0.2191,0.065854,0.000377,0.000034,0.040617
2578000,0.2191,0.065854,0.000377,0.000034,0.040179
2579000,0.2191,0.065854,0.000377,0.000034,0.040611
2580000,0.2191,0.065854,0.000377,0.000034,0.040179
2581000,0.2191,0.065854,0.000377,0.000034,0.040617
2582000,0.2191,0.065854,0.000377,0.000034,0.040179
2583000,0.2191,0.065854,0.000377,0.000034,0.040611
2584000,0.2191,0.065854,0.000377,0.000034,0.040185
2585000,0.2191,0.065854,0.000377,0.000034,0.040179
2586000,0.2191,0.065854,0.000377,0.000034,0.040467
2587000,0.2191,0.065854,0.000377,0.000034,0.040323
2588000,0.2191,0.065854,0.000377,0.000034,0.040467
2589000,0.2191,0.065854,0.000377,0.000034,0.039892
2590000,0.2191,0.065854,0.000377,0.000034,0.040897
2591000,0.2191,0.065854,0.000377,0.000034,0.040332
2592000,0.2191,0.065854,0.000377,0.000034,0.040467
2593000,0.2191,0.065854,0.000377,0.000034,0.040323
2594000,0.2191,0.065854,0.000377,0.000034,0.040467
2595000,0.2191,0.065854,0.000377,0.000034,0.040107
2596000,0.2191,0.065854,0.000377,0.000034,0.040609
2597000,0.2191,0.065854,0.000377,0.000034,0.040187
2598000,0.2191,0.065854,0.000377,0.000034,0.040602
2599000,0.2191,0.065854,0.000377,0.000034,0.039971
2600000,0.2191,0.065854,0.000377,0.000034,0.040680
2601000,0.2191,0.065854,0.000377,0.000034,0.040115
2602000,0.2191,0.065854,0.000377,0.000034,0.040602
2603000,0.2191,0.065854,0.000377,0.000034,0.040187
2604000,0.2191,0.065854,0.000377,0.000034,0.040609
2605000,0.2191,0.065854,0.000377,0.000034,0.040187
2606000,0.2191,0.065854,0.000377,0.000034,0.040458
2607000,0.2191,0.065854,0.000377,0.000034,0.040404
2608000,0.2191,0.065854,0.000377,0.000034,0.040753
2609000,0.2191,0.065854,0.000377,0.000034,0.039964
2610000,0.2191,0.065854,0.000377,0.000034,0.040609
2611000,0.2191,0.065854,0.000377,0.000034,0.040186
2612000,0.2191,0.065854,0.000377,0.000034,0.040609
2613000,0.2191,0.065854,0.000377,0.000034,0.040036
2614000,0.2191,0.065854,0.000377,0.000034,0.040753
2615000,0.2191,0.065854,0.000377,0.000034,0.040036
2616000,0.2191,0.065854,0.000377,0.000034,0.040753
2617000,0.2191,0.065854,0.000377,0.000034,0.039970
2618000,0.2191,0.065854,0.000377,0.000034,0.040609
2619000,0.2191,0.065854,0.000377,0.000034,0.040180
2620000,0.2191,0.065854,0.000377,0.000034,0.040251
2621000,0.2191,0.065854,0.000377,0.000034,0.040546
2622000,0.2191,0.065854,0.000377,0.000034,0.040891
2623000,0.2191,0.065854,0.000377,0.000034,0.039899
2624000,0.2191,0.065854,0.000377,0.000034,0.040890
2625000,0.2191,0.065854,0.000377,0.000034,0.039899
2626000,0.2191,0.065854,0.000377,0.000034,0.040818
2627000,0.2191,0.065854,0.000377,0.000034,0.039971
2628000,0.2191,0.065854,0.000377,0.000034,0.040674
2629000,0.2191,0.065854,0.000377,0.000034,0.040115
2630000,0.2191,0.065854,0.000377,0.000034,0.040674
2631000,0.2191,0.065854,0.000377,0.000034,0.040115
2632000,0.2191,0.065854,0.000377,0.000034,0.040602
2633000,0.2191,0.065854,0.000377,0.000034,0.040187
2634000,0.2191,0.065854,0.000377,0.000034,0.040602
2635000,0.2191,0.065854,0.000377,0.000034,0.040187
2636000,0.2191,0.065854,0.000377,0.000034,0.040458
2637000,0.2191,0.065854,0.000377,0.000034,0.040331
2638000,0.2191,0.065854,0.000377,0.000034,0.040458
2639000,0.2191,0.065854,0.000377,0.000034,0.040187
2640000,0.2191,0.065854,0.000377,0.000034,0.040107
2641000,0.2191,0.065854,0.000377,0.000034,0.040683
2642000,0.2191,0.065854,0.000377,0.000034,0.039891
2643000,0.2191,0.065854,0.000377,0.000034,0.040898
2644000,0.2191,0.065854,0.000377,0.000034,0.040396
2645000,0.2191,0.065854,0.000377,0.000034,0.040403
2646000,0.2191,0.065854,0.000377,0.000034,0.040323
2647000,0.2191,0.065854,0.000377,0.000034,0.040387
2648000,0.2191,0.065854,0.000377,0.000034,0.040403
2649000,0.2191,0.065854,0.000377,0.000034,0.040387
2650000,0.2191,0.065854,0.000377,0.000034,0.039977
2651000,0.2191,0.065854,0.000377,0.000034,0.040674
2652000,0.2191,0.065854,0.000377,0.000034,0.040404
2653000,0.2191,0.065854,0.000377,0.000034,0.040609
2654000,0.2191,0.065854,0.000377,0.000034,0.040548
2655000,0.2191,0.065854,0.000377,0.000034,0.040251
2656000,0.2191,0.065854,0.000377,0.000034,0.040323
2657000,0.2191,0.065854,0.000377,0.000034,0.040467
2658000,0.2191,0.065854,0.000377,0.000034,0.040113
2659000,0.2191,0.065854,0.000377,0.000034,0.040683
2660000,0.2191,0.065854,0.000377,0.000034,0.039892
2661000,0.2191,0.065854,0.000377,0.000034,0.040897
2662000,0.2191,0.065854,0.000377,0.000034,0.039892
2663000,0.2191,0.065854,0.000377,0.000034,0.040897
2664000,0.2191,0.065854,0.000377,0.000034,0.039892
2665000,0.2191,0.065854,0.000377,0.000034,0.040825
2666000,0.2191,0.065854,0.000377,0.000034,0.039820
2667000,0.2191,0.065854,0.000377,0.000034,0.040753
2668000,0.2191,0.065854,0.000377,0.000034,0.039974
2669000,0.2191,0.065854,0.000377,0.000034,0.041033
2670000,0.2191,0.065854,0.000377,0.000034,0.040404
2671000,0.2191,0.065854,0.000377,0.000034,0.040395
2672000,0.2191,0.065854,0.000377,0.000034,0.040251
2673000,0.2191,0.065854,0.000377,0.000034,0.040395
2674000,0.2191,0.065854,0.000377,0.000034,0.040331
2675000,0.2191,0.065854,0.000377,0.000034,0.040387
2676000,0.2191,0.065854,0.000377,0.000034,0.040187
2677000,0.2191,0.065854,0.000377,0.000034,0.040458
2678000,0.2191,0.065854,0.000377,0.000034,0.040331
2679000,0.2191,0.065854,0.000377,0.000034,0.040458
2680000,0.2191,0.065854,0.000377,0.000034,0.040331
2681000,0.2191,0.065854,0.000377,0.000034,0.040458
2682000,0.2191,0.065854,0.000377,0.000034,0.040115
2683000,0.2191,0.065854,0.000377,0.000034,0.040602
2684000,0.2191,0.065854,0.000377,0.000034,0.040187
2685000,0.2191,0.065854,0.000377,0.000034,0.040602
2686000,0.2191,0.065854,0.000377,0.000034,0.040187
2687000,0.2191,0.065854,0.000377,0.000034,0.040458
2688000,0.2191,0.065854,0.000377,0.000034,0.040331
2689000,0.2191,0.065854,0.000377,0.000034,0.040458
2690000,0.2191,0.065854,0.000377,0.000034,0.040331
2691000,0.2191,0.065854,0.000377,0.000034,0.040387
2692000,0.2191,0.065854,0.000377,0.000034,0.040403
2693000,0.2191,0.065854,0.000377,0.000034,0.040387
2694000,0.2191,0.065854,0.000377,0.000034,0.040251
2695000,0.2191,0.065854,0.000377,0.000034,0.040395
2696000,0.2191,0.065854,0.000377,0.000034,0.040395
2697000,0.2191,0.065854,0.000377,0.000034,0.040395
2698000,0.2191,0.065854,0.000377,0.000034,0.040403
2699000,0.2191,0.065854,0.000377,0.000034,0.040323
2700000,0.2191,0.065854,0.000377,0.000034,0.040387
2701000,0.2191,0.065854,0.000377,0.000034,0.040403
2702000,0.2191,0.065854,0.000377,0.000034,0.040387
2703000,0.2191,0.065854,0.000377,0.000034,0.040251
2704000,0.2191,0.065854,0.000377,0.000034,0.040537
2705000,0.2191,0.065854,0.000377,0.000034,0.040188
2706000,0.2191,0.065854,0.000377,0.000034,0.040458
2707000,0.2191,0.065854,0.000377,0.000034,0.040115
2708000,0.2191,0.065854,0.000377,0.000034,0.040602
2709000,0.2191,0.065854,0.000377,0.000034,0.040187
2710000,0.2191,0.065854,0.000377,0.000034,0.040458
2711000,0.2191,0.065854,0.000377,0.000034,0.040331
2712000,0.2191,0.065854,0.000377,0.000034,0.040458
2713000,0.2191,0.065854,0.000377,0.000034,0.040331
2714000,0.2191,0.065854,0.000377,0.000034,0.040387
2715000,0.2191,0.065854,0.000377,0.000034,0.040409
2716000,0.2191,0.065854,0.000377,0.000034,0.040387
2717000,0.2191,0.065854,0.000377,0.000034,0.040403
2718000,0.2191,0.065854,0.000377,0.000034,0.040387
2719000,0.2191,0.065854,0.000377,0.000034,0.040260
2720000,0.2191,0.065854,0.000377,0.000034,0.041041
2721000,0.2191,0.065854,0.000377,0.000034,0.040332
2722000,0.2191,0.065854,0.000377,0.000034,0.040467
2723000,0.2191,0.065854,0.000377,0.000034,0.040329
2724000,0.2191,0.065854,0.000377,0.000034,0.040467
2725000,0.2191,0.065854,0.000377,0.000034,0.040323
2726000,0.2191,0.065854,0.000377,0.000034,0.040387
2727000,0.2191,0.065854,0.000377,0.000034,0.040187
2728000,0.2191,0.065854,0.000377,0.000034,0.040458
2729000,0.2191,0.065854,0.000377,0.000034,0.040331
2730000,0.2191,0.065854,0.000377,0.000034,0.040458
2731000,0.2191,0.065854,0.000377,0.000034,0.040331
2732000,0.2191,0.065854,0.000377,0.000034,0.040458
2733000,0.2191,0.065854,0.000377,0.000034,0.040331
2734000,0.2191,0.065854,0.000377,0.000034,0.040387
2735000,0.2191,0.065854,0.000377,0.000034,0.040187
2736000,0.2191,0.065854,0.000377,0.000034,0.040465
2737000,0.2191,0.065854,0.000377,0.000034,0.040331
2738000,0.2191,0.065854,0.000377,0.000034,0.040458
2739000,0.2191,0.065854,0.000377,0.000034,0.040115
2740000,0.2191,0.065854,0.000377,0.000034,0.040602
2741000,0.2191,0.065854,0.000377,0.000034,0.040187
2742000,0.2191,0.065854,0.000377,0.000034,0.040395
2743000,0.2191,0.065854,0.000377,0.000034,0.040251
2744000,0.2191,0.065854,0.000377,0.000034,0.040323
2745000,0.2191,0.065854,0.000377,0.000034,0.040467
2746000,0.2191,0.065854,0.000377,0.000034,0.040323
2747000,0.2191,0.065854,0.000377,0.000034,0.040467
2748000,0.2191,0.065854,0.000377,0.000034,0.040107
2749000,0.2191,0.065854,0.000377,0.000034,0.040683
2750000,0.2191,0.065854,0.000377,0.000034,0.040323
2751000,0.2191,0.065854,0.000377,0.000034,0.040467
2752000,0.2191,0.065854,0.000377,0.000034,0.040107
2753000,0.2191,0.065854,0.000377,0.000034,0.040683
2754000,0.2191,0.065854,0.000377,0.000034,0.040107
2755000,0.2191,0.065854,0.000377,0.000034,0.040683
2756000,0.2191,0.065854,0.000377,0.000034,0.039897
2757000,0.2191,0.065854,0.000377,0.000034,0.040746
2758000,0.2191,0.065854,0.000377,0.000034,0.040043
2759000,0.2191,0.065854,0.000377,0.000034,0.040674
2760000,0.2191,0.065854,0.000377,0.000034,0.040115
2761000,0.2191,0.065854,0.000377,0.000034,0.040674
2762000,0.2191,0.065854,0.000377,0.000034,0.040115
2763000,0.2191,0.065854,0.000377,0.000034,0.040602
2764000,0.2191,0.065854,0.000377,0.000034,0.040193
2765000,0.2191,0.065854,0.000377,0.000034,0.040458
2766000,0.2191,0.065854,0.000377,0.000034,0.040115
2767000,0.2191,0.065854,0.000377,0.000034,0.040611
2768000,0.2191,0.065854,0.000377,0.000034,0.040179
2769000,0.2191,0.065854,0.000377,0.000034,0.040611
2770000,0.2191,0.065854,0.000377,0.000034,0.040179
2771000,0.2191,0.065854,0.000377,0.000034,0.040611
2772000,0.2191,0.065854,0.000377,0.000034,0.040179
2773000,0.2191,0.065854,0.000377,0.000034,0.040465
2774000,0.2191,0.065854,0.000377,0.000034,0.040331
2775000,0.2191,0.065854,0.000377,0.000034,0.040458
2776000,0.2191,0.065854,0.000377,0.000034,0.040331
2777000,0.2191,0.065854,0.000377,0.000034,0.040387
2778000,0.2191,0.065854,0.000377,0.000034,0.040403
2779000,0.2191,0.065854,0.000377,0.000034,0.040243
2780000,0.2191,0.065854,0.000377,0.000034,0.040403
2781000,0.2191,0.065854,0.000377,0.000034,0.040335
2782000,0.2191,0.065854,0.000377,0.000034,0.040387
2783000,0.2191,0.065854,0.000377,0.000034,0.040187
2784000,0.2191,0.065854,0.000377,0.000034,0.040602
2785000,0.2191,0.065854,0.000377,0.000034,0.039971
2786000,0.2191,0.065854,0.000377,0.000034,0.040674
2787000,0.2191,0.065854,0.000377,0.000034,0.040115
2788000,0.2191,0.065854,0.000377,0.000034,0.040674
2789000,0.2191,0.065854,0.000377,0.000034,0.040127
2790000,0.2191,0.065854,0.000377,0.000034,0.040602
2791000,0.2191,0.065854,0.000377,0.000034,0.040187
2792000,0.2191,0.065854,0.000377,0.000034,0.040458
2793000,0.2191,0.065854,0.000377,0.000034,0.040331
2794000,0.2191,0.065854,0.000377,0.000034,0.040458
2795000,0.2191,0.065854,0.000377,0.000034,0.040115
2796000,0.2191,0.065854,0.000377,0.000034,0.040602
2797000,0.2191,0.065854,0.000377,0.000034,0.040187
2798000,0.2191,0.065854,0.000377,0.000034,0.040609
2799000,0.2191,0.065854,0.000377,0.000034,0.040043
2800000,0.2191,0.065854,0.000377,0.000034,0.040107
2801000,0.2191,0.065854,0.000377,0.000034,0.040683
2802000,0.2191,0.065854,0.000377,0.000034,0.040107
2803000,0.2191,0.065854,0.000377,0.000034,0.040683
2804000,0.2191,0.065854,0.000377,0.000034,0.040107
2805000,0.2191,0.065854,0.000377,0.000034,0.040689
2806000,0.2191,0.065854,0.000377,0.000034,0.039903
2807000,0.2191,0.065854,0.000377,0.000034,0.040898
2808000,0.2191,0.065854,0.000377,0.000034,0.039891
2809000,0.2191,0.065854,0.000377,0.000034,0.040898
2810000,0.2191,0.065854,0.000377,0.000034,0.039891
2811000,0.2191,0.065854,0.000377,0.000034,0.040818
2812000,0.2191,0.065854,0.000377,0.000034,0.040196
2813000,0.2191,0.065854,0.000377,0.000034,0.040458
2814000,0.2191,0.065854,0.000377,0.000034,0.040121
2815000,0.2191,0.065854,0.000377,0.000034,0.040674
2816000,0.2191,0.065854,0.000377,0.000034,0.040115
2817000,0.2191,0.065854,0.000377,0.000034,0.040602
2818000,0.2191,0.065854,0.000377,0.000034,0.040404
2819000,0.2191,0.065854,0.000377,0.000034,0.040609
2820000,0.2191,0.065854,0.000377,0.000034,0.040036
2821000,0.2191,0.065854,0.000377,0.000034,0.040395
2822000,0.2191,0.065854,0.000377,0.000034,0.040337
2823000,0.2191,0.065854,0.000377,0.000034,0.040387
2824000,0.2191,0.065854,0.000377,0.000034,0.040404
2825000,0.2191,0.065854,0.000377,0.000034,0.040903
2826000,0.2191,0.065854,0.000377,0.000034,0.040548
2827000,0.2191,0.065854,0.000377,0.000034,0.040403
2828000,0.2191,0.065854,0.000377,0.000034,0.040250
2829000,0.2191,0.065854,0.000377,0.000034,0.040395
2830000,0.2191,0.065854,0.000377,0.000034,0.040329
2831000,0.2191,0.065854,0.000377,0.000034,0.040465
2832000,0.2191,0.065854,0.000377,0.000034,0.040180
2833000,0.2191,0.065854,0.000377,0.000034,0.040609
2834000,0.2191,0.065854,0.000377,0.000034,0.040180
2835000,0.2191,0.065854,0.000377,0.000034,0.040616
2836000,0.2191,0.065854,0.000377,0.000034,0.040548
2837000,0.2191,0.065854,0.000377,0.000034,0.040403
2838000,0.2191,0.065854,0.000377,0.000034,0.040466
2839000,0.2191,0.065854,0.000377,0.000034,0.040404
2840000,0.2191,0.065854,0.000377,0.000034,0.040753
2841000,0.2191,0.065854,0.000377,0.000034,0.040036
2842000,0.2191,0.065854,0.000377,0.000034,0.040753
2843000,0.2191,0.065854,0.000377,0.000034,0.039964
2844000,0.2191,0.065854,0.000377,0.000034,0.040609
2845000,0.2191,0.065854,0.000377,0.000034,0.040179
2846000,0.2191,0.065854,0.000377,0.000034,0.040617
2847000,0.2191,0.065854,0.000377,0.000034,0.040179
2848000,0.2191,0.065854,0.000377,0.000034,0.040611
2849000,0.2191,0.065854,0.000377,0.000034,0.040179
2850000,0.2191,0.065854,0.000377,0.000034,0.040617
2851000,0.2191,0.065854,0.000377,0.000034,0.040179
2852000,0.2191,0.065854,0.000377,0.000034,0.040611
2853000,0.2191,0.065854,0.000377,0.000034,0.040179
2854000,0.2191,0.065854,0.000377,0.000034,0.040401
2855000,0.2191,0.065854,0.000377,0.000034,0.040251
2856000,0.2191,0.065854,0.000377,0.000034,0.040323
2857000,0.2191,0.065854,0.000377,0.000034,0.040467
2858000,0.2191,0.065854,0.000377,0.000034,0.040107
2859000,0.2191,0.065854,0.000377,0.000034,0.040683
2860000,0.2191,0.065854,0.000377,0.000034,0.040107
2861000,0.2191,0.065854,0.000377,0.000034,0.040689
2862000,0.2191,0.065854,0.000377,0.000034,0.039897
2863000,0.2191,0.065854,0.000377,0.000034,0.040826
2864000,0.2191,0.065854,0.000377,0.000034,0.039748
2865000,0.2191,0.065854,0.000377,0.000034,0.040895
2866000,0.2191,0.065854,0.000377,0.000034,0.039899
2867000,0.2191,0.065854,0.000377,0.000034,0.040890
2868000,0.2191,0.065854,0.000377,0.000034,0.039899
2869000,0.2191,0.065854,0.000377,0.000034,0.040680
2870000,0.2191,0.065854,0.000377,0.000034,0.040115
2871000,0.2191,0.065854,0.000377,0.000034,0.040680
2872000,0.2191,0.065854,0.000377,0.000034,0.040115
2873000,0.2191,0.065854,0.000377,0.000034,0.040609
2874000,0.2191,0.065854,0.000377,0.000034,0.040187
2875000,0.2191,0.065854,0.000377,0.000034,0.040395
2876000,0.2191,0.065854,0.000377,0.000034,0.040403
2877000,0.2191,0.065854,0.000377,0.000034,0.040460
2878000,0.2191,0.065854,0.000377,0.000034,0.040338
2879000,0.2191,0.065854,0.000377,0.000034,0.041041
2880000,0.2191,0.065854,0.000377,0.000034,0.039753
2881000,0.2191,0.065854,0.000377,0.000034,0.040826
2882000,0.2191,0.065854,0.000377,0.000034,0.039963
2883000,0.2191,0.065854,0.000377,0.000034,0.040611
2884000,0.2191,0.065854,0.000377,0.000034,0.040185
2885000,0.2191,0.065854,0.000377,0.000034,0.040611
2886000,0.2191,0.065854,0.000377,0.000034,0.040187
2887000,0.2191,0.065854,0.000377,0.000034,0.040408
2888000,0.2191,0.065854,0.000377,0.000034,0.040251
2889000,0.2191,0.065854,0.000377,0.000034,0.040323
2890000,0.2191,0.065854,0.000377,0.000034,0.040473
2891000,0.2191,0.065854,0.000377,0.000034,0.040107
2892000,0.2191,0.065854,0.000377,0.000034,0.040683
2893000,0.2191,0.065854,0.000377,0.000034,0.040107
2894000,0.2191,0.065854,0.000377,0.000034,0.040689
2895000,0.2191,0.065854,0.000377,0.000034,0.039898
2896000,0.2191,0.065854,0.000377,0.000034,0.040897
2897000,0.2191,0.065854,0.000377,0.000034,0.039892
2898000,0.2191,0.065854,0.000377,0.000034,0.040903
2899000,0.2191,0.065854,0.000377,0.000034,0.039891
2900000,0.2191,0.065854,0.000377,0.000034,0.040395
2901000,0.2191,0.065854,0.000377,0.000034,0.040268
2902000,0.2191,0.065854,0.000377,0.000034,0.041041
2903000,0.2191,0.065854,0.000377,0.000034,0.040330
2904000,0.2191,0.065854,0.000377,0.000034,0.040465
2905000,0.2191,0.065854,0.000377,0.000034,0.040554
2906000,0.2191,0.065854,0.000377,0.000034,0.040403
2907000,0.2191,0.065854,0.000377,0.000034,0.040676
2908000,0.2191,0.065854,0.000377,0.000034,0.040121
2909000,0.2191,0.065854,0.000377,0.000034,0.040674
2910000,0.2191,0.065854,0.000377,0.000034,0.040115
2911000,0.2191,0.065854,0.000377,0.000034,0.040602
2912000,0.2191,0.065854,0.000377,0.000034,0.040201
2913000,0.2191,0.065854,0.000377,0.000034,0.040604
2914000,0.2191,0.065854,0.000377,0.000034,0.040260
2915000,0.2191,0.065854,0.000377,0.000034,0.040975
2916000,0.2191,0.065854,0.000377,0.000034,0.039820
2917000,0.2191,0.065854,0.000377,0.000034,0.040969
2918000,0.2191,0.065854,0.000377,0.000034,0.039754
2919000,0.2191,0.065854,0.000377,0.000034,0.041041
2920000,0.2191,0.065854,0.000377,0.000034,0.039748
2921000,0.2191,0.065854,0.000377,0.000034,0.040889
2922000,0.2191,0.065854,0.000377,0.000034,0.039899
2923000,0.2191,0.065854,0.000377,0.000034,0.040896
2924000,0.2191,0.065854,0.000377,0.000034,0.039899
2925000,0.2191,0.065854,0.000377,0.000034,0.040818
2926000,0.2191,0.065854,0.000377,0.000034,0.039977
2927000,0.2191,0.065854,0.000377,0.000034,0.040687
2928000,0.2191,0.065854,0.000377,0.000034,0.040115
2929000,0.2191,0.065854,0.000377,0.000034,0.040674
2930000,0.2191,0.065854,0.000377,0.000034,0.040115
2931000,0.2191,0.065854,0.000377,0.000034,0.040617
2932000,0.2191,0.065854,0.000377,0.000034,0.040187
2933000,0.2191,0.065854,0.000377,0.000034,0.040604
2934000,0.2191,0.065854,0.000377,0.000034,0.040410
2935000,0.2191,0.065854,0.000377,0.000034,0.040897
2936000,0.2191,0.065854,0.000377,0.000034,0.040332
2937000,0.2191,0.065854,0.000377,0.000034,0.040473
2938000,0.2191,0.065854,0.000377,0.000034,0.040107
2939000,0.2191,0.065854,0.000377,0.000034,0.040683
2940000,0.2191,0.065854,0.000377,0.000034,0.040107
2941000,0.2191,0.065854,0.000377,0.000034,0.040602
2942000,0.2191,0.065854,0.000377,0.000034,0.040187
2943000,0.2191,0.065854,0.000377,0.000034,0.040602
2944000,0.2191,0.065854,0.000377,0.000034,0.040187
2945000,0.2191,0.065854,0.000377,0.000034,0.040465
2946000,0.2191,0.065854,0.000377,0.000034,0.040331
2947000,0.2191,0.065854,0.000377,0.000034,0.040458
2948000,0.2191,0.065854,0.000377,0.000034,0.040331
2949000,0.2191,0.065854,0.000377,0.000034,0.040387
2950000,0.2191,0.065854,0.000377,0.000034,0.040193
2951000,0.2191,0.065854,0.000377,0.000034,0.040458
2952000,0.2191,0.065854,0.000377,0.000034,0.040404
2953000,0.2191,0.065854,0.000377,0.000034,0.040753
2954000,0.2191,0.065854,0.000377,0.000034,0.040036
2955000,0.2191,0.065854,0.000377,0.000034,0.040753
2956000,0.2191,0.065854,0.000377,0.000034,0.039964
2957000,0.2191,0.065854,0.000377,0.000034,0.040831
2958000,0.2191,0.065854,0.000377,0.000034,0.039970
2959000,0.2191,0.065854,0.000377,0.000034,0.040825
2960000,0.2191,0.065854,0.000377,0.000034,0.039964
2961000,0.2191,0.065854,0.000377,0.000034,0.040831
2962000,0.2191,0.065854,0.000377,0.000034,0.039820
2963000,0.2191,0.065854,0.000377,0.000034,0.040753
2964000,0.2191,0.065854,0.000377,0.000034,0.040036
2965000,0.2191,0.065854,0.000377,0.000034,0.040759
2966000,0.2191,0.065854,0.000377,0.000034,0.039970
2967000,0.2191,0.065854,0.000377,0.000034,0.040609
2968000,0.2191,0.065854,0.000377,0.000034,0.040189
2969000,0.2191,0.065854,0.000377,0.000034,0.040969
2970000,0.2191,0.065854,0.000377,0.000034,0.039819
2971000,0.2191,0.065854,0.000377,0.000034,0.040826
2972000,0.2191,0.065854,0.000377,0.000034,0.039969
2973000,0.2191,0.065854,0.000377,0.000034,0.040826
2974000,0.2191,0.065854,0.000377,0.000034,0.039963
2975000,0.2191,0.065854,0.000377,0.000034,0.040617
2976000,0.2191,0.065854,0.000377,0.000034,0.040179
2977000,0.2191,0.065854,0.000377,0.000034,0.040611
2978000,0.2191,0.065854,0.000377,0.000034,0.040179
2979000,0.2191,0.065854,0.000377,0.000034,0.040611
2980000,0.2191,0.065854,0.000377,0.000034,0.040193
2981000,0.2191,0.065854,0.000377,0.000034,0.040604
2982000,0.2191,0.065854,0.000377,0.000034,0.040416
2983000,0.2191,0.065854,0.000377,0.000034,0.040903
2984000,0.2191,0.065854,0.000377,0.000034,0.040548
2985000,0.2191,0.065854,0.000377,0.000034,0.040243
2986000,0.2191,0.065854,0.000377,0.000034,0.040547
2987000,0.2191,0.065854,0.000377,0.000034,0.040258
2988000,0.2191,0.065854,0.000377,0.000034,0.040395
2989000,0.2191,0.065854,0.000377,0.000034,0.040395
2990000,0.2191,0.065854,0.000377,0.000034,0.040335
2991000,0.2191,0.065854,0.000377,0.000034,0.040465
2992000,0.2191,0.065854,0.000377,0.000034,0.040180
2993000,0.2191,0.065854,0.000377,0.000034,0.040609
2994000,0.2191,0.065854,0.000377,0.000034,0.040114
2995000,0.2191,0.065854,0.000377,0.000034,0.040681
2996000,0.2191,0.065854,0.000377,0.000034,0.040108
2997000,0.2191,0.065854,0.000377,0.000034,0.040681
2998000,0.2191,0.065854,0.000377,0.000034,0.039970
2999000,0.2191,0.065854,0.000377,0.000034,0.040825
