1000000,11,0,11,0,2,0
1000100,9,0,11,0,1,0
1000200,11,0,18,0,3,0
1000300,7,0,6,0,2,0
1000400,4,0,11,0,0,0
1000500,16,0,18,0,2,0
1000600,15,0,31,0,3,0
1000700,12,0,11,0,1,0
1000800,10,0,11,0,2,0
1000900,14,0,24,0,5,0
1001000,12,0,22,0,8,0
1001100,8,0,4,0,0,0
1001200,22,0,14,0,5,0
1001300,25,0,10,0,8,0
1001400,9,0,24,0,5,0
1001500,8,0,6,0,1,0
1001600,22,0,19,0,4,0
1001700,12,0,18,0,1,0
1001800,9,1,32,0,5,1
1001900,10,0,12,0,4,0
1002000,7,0,13,0,3,0
1002100,13,0,11,0,5,0
1002200,20,0,8,0,4,0
1002300,18,0,9,0,0,0
1002400,11,0,20,0,3,0
1002500,3,0,17,0,1,0
1002600,8,1,35,0,3,1
1002700,14,0,18,0,2,0
1002800,3,0,6,0,3,0
1002900,25,0,17,0,4,0
1003000,9,0,16,0,3,0
1003100,8,0,5,0,3,0
1003200,4,0,17,0,4,0
1003300,16,0,20,0,2,0
1003400,15,0,10,0,3,0
1003500,10,0,15,0,2,0
1003600,9,0,12,0,0,0
1003700,31,0,15,0,5,0
1003800,21,0,19,0,4,0
1003900,7,0,14,0,3,0
1004000,17,0,84,44,3,0
1004100,0,0,6,0,1,0
1004200,14,0,16,0,1,0
1004300,4,0,12,0,0,0
1004400,3,0,25,0,1,0
1004500,34,0,10,16,3,0
1004600,8,0,21,0,3,0
1004700,6,0,11,0,1,0
1004800,18,0,8,0,0,0
1004900,6,0,16,0,4,0
1005000,13,0,8,0,3,0
1005100,23,0,19,0,4,0
1005200,15,0,5,0,2,0
1005300,7,0,15,0,1,0
1005400,10,0,18,0,1,0
1005500,19,0,17,0,4,0
1005600,5,0,18,0,1,0
1005700,7,0,13,0,0,0
1005800,25,0,7,0,4,0
1005900,15,0,27,0,4,0
1006000,4,0,7,0,1,0
1006100,11,0,3,0,1,0
1006200,11,0,31,0,4,0
1006300,12,0,12,0,0,0
1006400,5,0,3,0,0,0
1006500,8,0,3,0,3,0
1006600,14,0,20,0,2,0
1006700,4,0,5,0,2,0
1006800,13,0,12,0,1,0
1006900,6,0,13,0,1,0
1007000,6,0,11,0,4,0
1007100,28,0,7,0,2,0
1007200,11,0,14,0,5,0
1007300,9,0,4,0,2,0
1007400,16,0,6,0,1,0
1007500,25,0,14,0,4,0
1007600,10,0,16,0,3,0
1007700,16,0,15,0,2,0
1007800,1,0,6,0,1,0
1007900,16,0,18,0,5,0
1008000,18,0,10,0,2,0
1008100,21,0,5,0,9,0
1008200,11,0,8,0,1,0
1008300,24,0,14,0,5,0
1008400,8,0,20,0,2,0
1008500,4,0,73,54,3,0
1008600,16,0,12,0,2,0
1008700,3,0,78,64,4,0
1008800,3,0,11,0,0,0
1008900,9,0,14,0,0,0
1009000,40,0,5,7,2,0
1009100,9,0,11,0,6,0
1009200,33,0,8,12,0,0
1009300,12,0,10,0,0,0
1009400,5,0,6,0,0,0
1009500,7,0,11,0,2,0
1009600,16,0,14,0,7,0
1009700,11,0,6,0,0,0
1009800,14,0,6,0,5,0
1009900,21,0,7,0,3,0
1010000,11,0,25,0,4,0
1010100,9,0,6,0,1,0
1010200,7,0,14,0,1,0
1010300,9,0,19,0,3,0
1010400,10,0,4,0,1,0
1010500,13,0,10,0,3,0
1010600,8,0,4,0,0,0
1010700,11,0,6,0,1,0
1010800,28,0,14,0,7,0
1010900,13,0,13,0,3,0
1011000,3,0,7,0,1,0
1011100,20,0,4,0,5,0
1011200,14,0,75,85,4,0
1011300,15,0,13,0,3,0
1011400,8,0,6,0,4,0
1011500,14,0,17,0,4,0
1011600,19,0,12,0,2,0
1011700,48,0,18,6,1,0
1011800,15,0,7,0,7,0
1011900,7,0,13,0,3,0
1012000,11,0,15,0,0,0
1012100,10,0,12,0,2,0
1012200,11,0,14,0,0,0
1012300,3,0,7,0,1,0
1012400,18,0,15,0,2,0
1012500,19,0,13,0,2,0
1012600,11,0,9,0,4,0
1012700,7,0,7,0,0,0
1012800,9,0,9,0,2,0
1012900,20,0,7,0,2,0
1013000,14,0,13,0,4,0
1013100,18,0,4,0,1,0
1013200,16,0,15,0,3,0
1013300,14,0,38,3,1,0
1013400,13,0,46,47,2,0
1013500,9,0,12,0,3,0
1013600,2,0,13,0,1,0
1013700,3,0,9,0,1,0
1013800,19,0,13,0,1,0
1013900,32,0,5,9,1,0
1014000,21,0,8,0,2,0
1014100,8,0,17,0,3,0
1014200,1,0,7,0,2,0
1014300,14,0,5,0,1,0
1014400,13,0,16,0,2,0
1014500,10,0,22,0,0,0
1014600,8,0,4,0,1,0
1014700,9,0,13,0,4,0
1014800,23,0,10,0,5,0
1014900,23,0,6,0,1,0
1015000,5,0,11,0,1,0
1015100,2,0,10,0,0,0
1015200,5,0,11,0,2,0
1015300,14,0,12,0,5,0
1015400,11,0,5,0,1,0
1015500,15,0,9,0,2,0
1015600,6,0,7,0,2,0
1015700,2,0,13,0,1,0
1015800,7,0,7,0,5,0
1015900,2,0,12,0,0,0
1016000,5,0,9,0,1,0
1016100,10,0,6,0,1,0
1016200,22,0,16,0,2,0
1016300,10,0,12,0,2,0
1016400,13,0,9,0,0,0
1016500,6,0,11,0,2,0
1016600,18,0,7,0,3,0
1016700,8,0,4,0,3,0
1016800,5,0,8,0,1,0
1016900,5,0,3,0,5,0
1017000,11,0,20,0,3,0
1017100,13,0,7,0,1,0
1017200,5,0,9,0,0,0
1017300,10,0,71,73,1,0
1017400,10,0,15,0,1,0
1017500,10,0,5,0,0,0
1017600,24,0,2,0,1,0
1017700,13,0,10,0,3,0
1017800,58,0,4,9,2,0
1017900,7,0,16,0,5,0
1018000,4,0,11,0,5,0
1018100,9,0,5,0,4,0
1018200,3,0,5,0,1,0
1018300,22,0,16,0,2,0
1018400,7,0,2,0,2,0
1018500,17,0,10,0,2,0
1018600,11,0,4,0,2,0
1018700,9,0,53,64,2,0
1018800,11,0,28,21,2,0
1018900,6,0,11,0,4,0
1019000,9,0,9,0,2,0
1019100,16,0,5,0,2,0
1019200,52,0,17,35,0,0
1019300,7,0,4,0,1,0
1019400,23,0,8,0,1,0
1019500,9,0,20,0,2,0
1019600,7,0,4,0,3,0
1019700,4,0,2,0,1,0
1019800,19,0,9,0,7,0
1019900,5,0,9,0,1,0
1020000,9,0,4,0,1,0
1020100,17,0,8,0,2,0
1020200,8,0,11,0,2,0
1020300,16,0,9,0,1,0
1020400,14,0,7,0,1,0
1020500,13,0,14,0,4,0
1020600,17,0,8,0,1,0
1020700,12,0,7,0,1,0
1020800,8,0,12,0,2,0
1020900,17,0,7,0,4,0
1021000,14,0,9,0,1,0
1021100,19,0,15,0,0,0
1021200,12,0,12,0,2,0
1021300,3,0,6,0,1,0
1021400,13,0,6,0,1,0
1021500,12,0,14,0,3,0
1021600,4,0,8,0,2,0
1021700,16,0,5,0,2,0
1021800,12,0,8,0,1,0
1021900,17,0,13,0,1,0
1022000,5,0,8,0,2,0
1022100,12,0,8,0,3,0
1022200,14,0,5,0,5,0
1022300,9,0,10,0,2,0
1022400,9,0,6,0,3,0
1022500,10,0,9,0,3,0
1022600,5,0,10,0,2,0
1022700,8,0,11,0,4,0
1022800,12,0,11,0,3,0
1022900,9,0,5,0,2,0
1023000,10,0,2,0,1,0
1023100,15,0,11,0,4,0
1023200,10,0,10,0,3,0
1023300,12,0,6,0,1,0
1023400,6,0,5,0,1,0
1023500,17,0,13,0,3,0
1023600,9,0,9,0,2,0
1023700,14,0,6,0,3,0
1023800,16,0,9,0,3,0
1023900,10,0,5,0,2,0
1024000,11,0,7,0,2,0
1024100,20,0,8,0,3,0
1024200,3,0,11,0,2,0
1024300,17,0,5,0,2,0
1024400,25,0,25,0,6,0
1024500,5,0,8,0,2,0
1024600,5,0,3,0,0,0
1024700,15,0,4,0,4,0
1024800,12,0,6,0,3,0
1024900,6,0,4,0,1,0
1025000,2,0,7,0,1,0
1025100,5,0,11,0,4,0
1025200,7,0,8,0,0,0
1025300,6,0,9,0,1,0
1025400,27,0,12,0,3,0
1025500,10,0,5,0,2,0
1025600,17,0,5,0,2,0
1025700,12,0,9,0,2,0
1025800,8,0,14,0,1,0
1025900,7,0,9,0,3,0
1026000,3,0,11,0,1,0
1026100,12,0,8,0,2,0
1026200,13,0,69,90,2,0
1026300,14,0,7,0,5,0
1026400,2,0,2,0,1,0
1026500,9,0,11,0,1,0
1026600,15,0,4,0,5,0
1026700,37,0,18,9,0,0
1026800,5,0,3,0,2,0
1026900,18,0,8,0,5,0
1027000,6,0,10,0,4,0
1027100,7,0,4,0,0,0
1027200,22,0,11,0,2,0
1027300,10,0,9,0,0,0
1027400,4,0,7,0,2,0
1027500,16,0,10,0,5,0
1027600,3,0,5,0,0,0
1027700,7,0,6,0,5,0
1027800,7,0,5,0,2,0
1027900,14,0,7,0,3,0
1028000,5,0,4,0,1,0
1028100,4,0,7,0,2,0
1028200,10,0,6,0,0,0
1028300,11,0,19,0,1,0
1028400,8,0,10,0,1,0
1028500,5,0,6,0,1,0
1028600,12,0,8,0,2,0
1028700,9,0,10,0,0,0
1028800,9,0,1,0,3,0
1028900,8,0,4,0,1,0
1029000,13,0,16,0,4,0
1029100,7,0,4,0,2,0
1029200,2,0,8,0,0,0
1029300,21,0,12,0,1,0
1029400,17,0,10,0,4,0
1029500,12,0,11,0,2,0
1029600,19,0,5,0,3,0
1029700,9,0,4,0,3,0
1029800,5,0,5,0,2,0
1029900,4,0,9,0,3,0
1030000,9,0,14,0,3,0
1030100,8,0,8,0,1,0
1030200,11,0,6,0,1,0
1030300,12,0,8,0,4,0
1030400,4,0,3,0,2,0
1030500,10,0,6,0,2,0
1030600,21,0,7,0,3,0
1030700,13,0,6,0,1,0
1030800,6,0,29,0,3,0
1030900,14,0,48,41,4,0
1031000,5,0,10,0,1,0
1031100,6,0,9,0,2,0
1031200,13,0,4,0,2,0
1031300,10,0,7,0,1,0
1031400,40,0,9,10,3,0
1031500,8,0,3,0,6,0
1031600,8,0,7,0,2,0
1031700,7,0,5,0,2,0
1031800,16,0,6,0,6,0
1031900,15,0,6,0,4,0
1032000,3,0,11,0,1,0
1032100,11,0,5,0,2,0
1032200,7,0,3,0,0,0
1032300,10,0,18,0,4,0
1032400,5,0,0,0,2,0
1032500,10,0,9,0,3,0
1032600,14,0,3,0,2,0
1032700,10,0,11,0,3,0
1032800,14,0,10,0,1,0
1032900,7,0,4,0,0,0
1033000,3,0,3,0,1,0
1033100,21,0,6,0,0,0
1033200,6,0,9,0,7,0
1033300,9,0,4,0,1,0
1033400,9,0,2,0,1,0
1033500,5,0,10,0,1,0
1033600,16,0,8,0,2,0
1033700,8,0,5,0,0,0
1033800,6,0,13,0,0,0
1033900,13,0,6,0,2,0
1034000,10,0,9,0,2,0
1034100,8,0,6,0,3,0
1034200,10,0,2,0,5,0
1034300,7,0,70,75,4,0
1034400,5,0,0,0,1,0
1034500,8,0,5,0,1,0
1034600,9,0,7,0,7,0
1034700,1,0,2,0,0,0
1034800,48,0,7,9,2,0
1034900,15,0,8,0,4,0
1035000,3,0,8,0,0,0
1035100,3,0,1,0,0,0
1035200,21,0,32,0,4,0
1035300,10,0,50,26,3,0
1035400,5,0,5,0,1,0
1035500,6,0,3,0,1,0
1035600,11,0,16,0,2,0
1035700,45,0,4,0,1,0
1035800,8,0,7,0,1,0
1035900,10,0,6,0,0,0
1036000,3,0,6,0,2,0
1036100,7,0,11,0,3,0
1036200,14,0,3,0,0,0
1036300,12,0,10,0,3,0
1036400,10,0,8,0,4,0
1036500,8,0,3,0,0,0
1036600,8,0,7,0,1,0
1036700,14,0,5,0,8,0
1036800,4,0,5,0,1,0
1036900,7,0,6,0,0,0
1037000,7,0,3,0,5,0
1037100,4,0,8,0,2,0
1037200,11,0,4,0,1,0
1037300,9,0,6,0,2,0
1037400,12,0,4,0,3,0
1037500,4,0,2,0,0,0
1037600,13,0,9,0,5,0
1037700,4,0,9,0,2,0
1037800,1,0,8,0,2,0
1037900,10,0,4,0,2,0
1038000,10,0,5,0,1,0
1038100,5,0,4,0,0,0
1038200,10,0,7,0,1,0
1038300,11,0,5,0,3,0
1038400,6,0,6,0,4,0
1038500,12,0,5,0,1,0
1038600,9,0,1,0,2,0
1038700,14,0,9,0,4,0
1038800,17,0,13,0,1,0
1038900,4,0,4,0,0,0
1039000,9,0,4,0,0,0
1039100,15,0,8,0,4,0
1039200,5,0,4,0,3,0
1039300,5,0,8,0,1,0
1039400,1,0,1,0,2,0
1039500,6,0,9,0,5,0
1039600,6,0,10,0,0,0
1039700,7,0,5,0,1,0
1039800,11,0,6,0,0,0
1039900,11,0,9,0,2,0
1040000,10,0,5,0,0,0
1040100,14,0,1,0,1,0
1040200,11,0,13,0,1,0
1040300,8,0,2,0,3,0
1040400,11,0,4,0,0,0
1040500,7,1,11,0,3,1
1040600,12,0,8,0,2,0
1040700,5,0,2,0,5,0
1040800,10,0,2,0,0,0
1040900,16,0,12,0,2,0
1041000,7,0,4,0,3,0
1041100,13,0,8,0,2,0
1041200,7,0,6,0,0,0
1041300,5,0,2,0,5,0
1041400,8,0,2,0,3,0
1041500,6,0,5,0,0,0
1041600,4,0,6,0,1,0
1041700,8,0,7,0,0,0
1041800,6,0,7,0,1,0
1041900,12,0,7,0,3,0
1042000,3,0,3,0,2,0
1042100,8,0,3,0,1,0
1042200,11,0,4,0,1,0
1042300,11,0,12,0,6,0
1042400,5,0,4,0,0,0
1042500,2,0,3,0,1,0
1042600,12,0,5,0,4,0
1042700,10,0,3,0,5,0
1042800,10,0,10,0,2,0
1042900,5,0,4,0,1,0
1043000,4,0,9,0,2,0
1043100,8,0,1,0,3,0
1043200,8,0,9,0,2,0
1043300,0,0,7,0,1,0
1043400,2,0,0,0,1,0
1043500,6,0,11,0,2,0
1043600,11,0,2,0,1,0
1043700,3,0,7,0,1,0
1043800,5,0,5,0,3,0
1043900,1,0,6,0,0,0
1044000,7,0,6,0,2,0
1044100,3,0,3,0,2,0
1044200,3,0,8,0,1,0
1044300,13,0,5,0,3,0
1044400,8,0,5,0,2,0
1044500,11,0,7,0,3,0
1044600,4,0,4,0,0,0
1044700,9,0,8,0,5,0
1044800,6,0,3,0,1,0
1044900,8,0,1,0,1,0
1045000,15,0,7,0,2,0
1045100,8,0,4,0,0,0
1045200,2,0,14,0,0,0
1045300,11,0,3,0,0,0
1045400,13,0,5,0,2,0
1045500,13,0,5,0,3,0
1045600,8,0,2,0,3,0
1045700,11,0,1,0,4,0
1045800,11,0,8,0,1,0
1045900,7,0,6,0,2,0
1046000,5,0,3,0,3,0
1046100,10,0,9,0,2,0
1046200,8,0,67,63,4,0
1046300,13,0,8,0,0,0
1046400,15,0,3,0,3,0
1046500,4,0,4,0,1,0
1046600,4,0,8,0,2,0
1046700,3,0,5,0,0,0
1046800,24,0,2,0,2,0
1046900,15,0,1,3,3,0
1047000,13,0,8,0,2,0
1047100,10,0,0,0,5,0
1047200,4,0,3,0,1,0
1047300,2,0,4,0,0,0
1047400,2,0,5,0,1,0
1047500,11,0,9,0,5,0
1047600,8,0,3,0,2,0
1047700,11,0,0,0,1,0
1047800,10,0,10,0,1,0
1047900,10,0,7,0,2,0
1048000,4,0,2,0,3,0
1048100,4,0,3,0,0,0
1048200,5,0,5,0,0,0
1048300,7,0,7,0,2,0
1048400,7,0,10,0,1,0
1048500,5,0,1,0,0,0
1048600,10,0,8,0,1,0
1048700,8,0,3,0,2,0
1048800,12,0,3,0,0,0
1048900,2,0,9,0,2,0
1049000,10,0,4,0,1,0
1049100,5,0,5,0,2,0
1049200,2,0,3,0,1,0
1049300,11,0,8,0,0,0
1049400,10,0,10,0,2,0
1049500,5,0,4,0,0,0
1049600,6,0,4,0,2,0
1049700,9,0,1,0,0,0
1049800,6,0,8,0,1,0
1049900,12,0,7,0,1,0
1050000,2,0,6,0,4,0
1050100,3,0,1,0,2,0
1050200,8,0,7,0,0,0
1050300,3,0,5,0,1,0
1050400,1,0,4,0,0,0
1050500,8,0,6,0,0,0
1050600,11,0,5,0,1,0
1050700,16,0,6,0,1,0
1050800,14,0,4,0,2,0
1050900,16,0,6,0,5,0
1051000,7,0,2,0,0,0
1051100,9,0,5,0,0,0
1051200,11,1,11,0,5,1
1051300,9,0,1,0,0,0
1051400,7,0,5,0,3,0
1051500,9,0,1,0,2,0
1051600,5,0,6,0,0,0
1051700,7,0,6,0,0,0
1051800,7,0,3,0,4,0
1051900,11,0,5,0,2,0
1052000,4,0,3,0,1,0
1052100,7,0,2,0,1,0
1052200,5,0,3,0,2,0
1052300,6,0,4,0,1,0
1052400,9,0,8,0,1,0
1052500,7,0,9,0,3,0
1052600,3,0,6,0,1,0
1052700,5,0,4,0,1,0
1052800,8,0,2,0,1,0
1052900,14,0,5,0,4,0
1053000,1,0,9,0,4,0
1053100,1,0,0,0,1,0
1053200,9,0,1,0,0,0
1053300,10,0,11,0,2,0
1053400,6,0,4,0,1,0
1053500,8,0,5,0,3,0
1053600,5,0,6,0,1,0
1053700,3,0,3,0,0,0
1053800,12,0,3,0,1,0
1053900,9,0,13,0,1,0
1054000,6,0,2,0,1,0
1054100,8,0,0,0,4,0
1054200,10,0,4,0,3,0
1054300,5,0,2,0,0,0
1054400,10,0,5,0,1,0
1054500,6,0,4,0,0,0
1054600,8,0,13,0,3,0
1054700,5,0,7,0,0,0
1054800,11,0,3,0,1,0
1054900,5,0,7,0,1,0
1055000,5,0,4,0,3,0
1055100,8,0,5,0,2,0
1055200,5,0,6,0,1,0
1055300,0,0,1,0,3,0
1055400,2,0,2,0,0,0
1055500,17,0,37,10,1,0
1055600,3,0,38,62,2,0
1055700,5,0,3,0,0,0
1055800,15,0,8,0,1,0
1055900,7,0,1,0,0,0
1056000,9,0,6,0,1,0
1056100,41,0,5,12,1,0
1056200,2,0,10,0,0,0
1056300,4,0,2,0,0,0
1056400,10,0,0,0,2,0
1056500,4,0,72,50,1,0
1056600,2,0,3,0,3,0
1056700,0,0,0,0,0,0
1056800,6,0,12,0,1,0
1056900,37,0,4,0,1,0
1057000,4,0,1,0,3,0
1057100,7,0,3,0,1,0
1057200,11,0,2,0,0,0
1057300,3,0,9,0,0,0
1057400,6,0,3,0,3,0
1057500,4,0,12,0,0,0
1057600,4,0,2,0,2,0
1057700,5,0,3,0,2,0
1057800,5,0,4,0,0,0
1057900,4,0,5,0,2,0
1058000,3,0,2,0,1,0
1058100,6,0,4,0,4,0
1058200,1,0,4,0,0,0
1058300,9,0,3,0,1,0
1058400,7,0,2,0,1,0
1058500,9,0,6,0,1,0
1058600,9,0,1,0,1,0
1058700,8,0,3,0,2,0
1058800,4,0,10,0,0,0
1058900,4,0,2,0,1,0
1059000,4,0,8,0,0,0
1059100,6,0,9,0,0,0
1059200,1,0,4,0,1,0
1059300,8,0,4,0,1,0
1059400,5,0,5,0,1,0
1059500,1,0,2,0,0,0
1059600,2,0,3,0,1,0
1059700,5,0,5,0,1,0
1059800,2,0,7,0,0,0
1059900,2,0,1,0,0,0
1060000,14,0,7,0,1,0
1060100,3,0,4,0,1,0
1060200,4,0,2,0,0,0
1060300,5,0,4,0,1,0
1060400,6,0,6,0,1,0
1060500,7,0,5,0,1,0
1060600,8,0,3,0,1,0
1060700,5,0,5,0,1,0
1060800,5,0,30,0,2,0
1060900,4,0,48,49,0,0
1061000,2,0,4,0,0,0
1061100,3,0,3,0,0,0
1061200,9,0,5,0,1,0
1061300,9,0,6,0,1,0
1061400,33,0,2,3,1,0
1061500,6,0,3,0,0,0
1061600,6,0,5,0,2,0
1061700,7,0,4,0,2,0
1061800,2,0,5,0,1,0
1061900,5,0,1,0,1,0
1062000,3,0,8,0,0,0
1062100,4,0,5,0,0,0
1062200,13,0,7,0,3,0
1062300,3,0,5,0,1,0
1062400,7,0,3,0,0,0
1062500,7,0,6,0,2,0
1062600,3,1,5,0,0,1
1062700,4,0,2,0,2,0
1062800,2,0,2,0,2,0
1062900,7,0,1,0,0,0
1063000,8,0,8,0,0,0
1063100,12,0,7,0,2,0
1063200,4,0,4,0,2,0
1063300,9,0,2,0,1,0
1063400,8,0,6,0,2,0
1063500,7,0,6,0,0,0
1063600,4,0,4,0,2,0
1063700,7,0,8,0,2,0
1063800,2,0,34,22,0,0
1063900,5,0,32,40,0,0
1064000,4,0,4,0,1,0
1064100,8,0,4,0,0,0
1064200,0,0,7,0,0,0
1064300,36,0,5,6,0,0
1064400,3,0,4,0,0,0
1064500,0,0,1,0,0,0
1064600,7,0,1,0,1,0
1064700,7,0,5,0,1,0
1064800,5,0,5,0,2,0
1064900,4,0,0,0,0,0
1065000,3,0,8,0,1,0
1065100,3,0,0,0,0,0
1065200,4,0,7,0,1,0
1065300,1,0,2,0,0,0
1065400,10,0,7,0,1,0
1065500,6,0,0,0,2,0
1065600,3,0,5,0,2,0
1065700,1,0,4,0,0,0
1065800,1,0,6,0,1,0
1065900,6,0,2,0,0,0
1066000,6,0,3,0,2,0
1066100,2,0,4,0,1,0
1066200,1,0,31,5,2,0
1066300,3,0,40,59,3,0
1066400,1,0,0,0,0,0
1066500,4,0,5,0,0,0
1066600,5,0,4,0,1,0
1066700,1,0,2,0,0,0
1066800,34,0,2,6,0,0
1066900,10,0,2,0,3,0
1067000,2,0,5,0,1,0
1067100,5,0,1,0,1,0
1067200,3,0,2,0,0,0
1067300,2,0,3,0,1,0
1067400,6,0,2,0,0,0
1067500,11,0,5,0,0,0
1067600,4,0,6,0,1,0
1067700,5,0,1,0,0,0
1067800,3,0,7,0,0,0
1067900,11,0,9,0,1,0
1068000,0,0,2,0,0,0
1068100,2,0,1,0,0,0
1068200,9,0,2,0,2,0
1068300,3,0,5,0,1,0
1068400,2,0,2,0,0,0
1068500,5,0,2,0,0,0
1068600,6,0,7,0,2,0
1068700,2,0,2,0,1,0
1068800,1,0,1,0,1,0
1068900,6,0,6,0,1,0
1069000,0,0,3,0,1,0
1069100,4,0,1,0,1,0
1069200,2,0,1,0,1,0
1069300,2,0,3,0,0,0
1069400,8,0,2,0,4,0
1069500,5,0,4,0,1,0
1069600,5,0,5,0,0,0
1069700,0,0,3,0,0,0
1069800,4,0,2,0,0,0
1069900,7,0,8,0,3,0
1070000,3,0,1,0,0,0
1070100,9,0,2,0,0,0
1070200,7,0,7,0,2,0
1070300,2,0,3,0,0,0
1070400,2,0,3,0,1,0
1070500,5,0,1,0,0,0
1070600,1,0,4,0,1,0
1070700,7,0,2,0,1,0
1070800,8,0,3,0,1,0
1070900,2,0,5,0,0,0
1071000,4,0,3,0,0,0
1071100,4,0,2,0,1,0
1071200,8,0,3,0,1,0
1071300,2,0,7,0,1,0
1071400,0,0,2,0,1,0
1071500,4,0,3,0,3,0
1071600,3,0,6,0,1,0
1071700,4,0,1,0,0,0
1071800,6,0,3,0,0,0
1071900,3,0,4,0,2,0
1072000,5,0,3,0,2,0
1072100,0,0,4,0,0,0
1072200,1,0,2,0,0,0
1072300,4,0,2,0,0,0
1072400,13,0,7,0,3,0
1072500,5,0,0,0,0,0
1072600,9,0,3,0,0,0
1072700,7,0,3,0,2,0
1072800,4,0,7,0,2,0
1072900,2,0,2,0,1,0
1073000,4,0,0,0,2,0
1073100,3,0,4,0,0,0
1073200,7,0,5,0,1,0
1073300,0,0,2,0,0,0
1073400,4,0,1,0,2,0
1073500,4,0,4,0,0,0
1073600,3,0,6,0,2,0
1073700,2,0,2,0,1,0
1073800,3,0,2,0,2,0
1073900,1,0,5,0,0,0
1074000,2,0,2,0,0,0
1074100,6,0,2,0,0,0
1074200,3,0,3,0,1,0
1074300,1,0,3,0,0,0
1074400,5,0,2,0,4,0
1074500,0,0,6,0,0,0
1074600,0,0,0,0,0,0
1074700,5,0,2,0,1,0
1074800,7,0,6,0,1,0
1074900,0,0,7,0,1,0
1075000,2,0,0,0,0,0
1075100,4,1,6,0,0,1
1075200,7,0,2,0,0,0
1075300,5,0,7,0,1,0
1075400,4,0,4,0,1,0
1075500,7,0,3,0,1,0
1075600,2,0,1,0,1,0
1075700,6,0,6,0,0,0
1075800,2,0,4,0,1,0
1075900,3,0,0,0,1,0
1076000,2,0,66,69,1,0
1076100,10,0,3,0,1,0
1076200,2,0,2,0,1,0
1076300,5,0,3,0,1,0
1076400,2,0,2,0,0,0
1076500,2,0,9,0,1,0
1076600,22,0,52,88,1,0
1076700,14,0,14,6,0,0
1076800,0,0,3,0,0,0
1076900,10,0,5,0,2,0
1077000,3,0,4,0,1,0
1077100,2,0,1,0,0,0
1077200,33,0,0,1,0,0
1077300,4,0,3,0,0,0
1077400,2,0,68,52,2,0
1077500,0,0,1,0,1,0
1077600,0,0,0,0,0,0
1077700,1,0,1,0,0,0
1077800,6,0,1,0,1,0
1077900,7,0,6,0,2,0
1078000,2,0,0,0,0,0
1078100,6,0,1,0,0,0
1078200,3,0,2,0,2,0
1078300,6,0,1,0,1,0
1078400,1,0,3,0,0,0
1078500,36,0,2,4,0,0
1078600,6,0,0,0,0,0
1078700,5,0,5,0,1,0
1078800,4,0,4,0,1,0
1078900,0,0,1,0,0,0
1079000,0,0,0,0,0,0
1079100,3,0,4,0,1,0
1079200,0,0,3,0,0,0
1079300,6,0,6,0,0,0
1079400,0,0,0,0,1,0
1079500,1,0,4,0,0,0
1079600,0,0,0,0,0,0
1079700,5,0,1,0,0,0
1079800,3,0,6,0,0,0
1079900,0,0,2,0,0,0
1080000,1,0,0,0,0,0
1080100,9,0,4,0,1,0
1080200,3,0,2,0,1,0
1080300,2,0,1,0,0,0
1080400,4,0,1,0,3,0
1080500,4,0,1,0,0,0
1080600,6,0,1,0,1,0
1080700,4,0,0,0,1,0
1080800,3,0,5,0,1,0
1080900,0,0,3,0,1,0
1081000,5,0,6,0,0,0
1081100,3,0,3,0,0,0
1081200,3,0,2,0,0,0
1081300,0,0,2,0,0,0
1081400,3,0,4,0,0,0
1081500,0,0,1,0,0,0
1081600,5,0,4,0,1,0
1081700,0,0,0,0,0,0
1081800,1,0,1,0,1,0
1081900,5,0,68,79,0,0
1082000,2,0,0,0,1,0
1082100,1,0,1,0,0,0
1082200,5,0,2,0,1,0
1082300,3,0,0,0,1,0
1082400,33,0,3,10,0,0
1082500,1,0,2,0,0,0
1082600,4,0,5,0,1,0
1082700,1,0,5,0,0,0
1082800,1,0,2,0,0,0
1082900,4,0,1,0,0,0
1083000,1,0,2,0,0,0
1083100,3,0,4,0,0,0
1083200,5,0,3,0,1,0
1083300,1,0,1,0,0,0
1083400,0,0,2,0,0,0
1083500,1,0,2,0,0,0
1083600,5,0,3,0,1,0
1083700,0,0,1,0,0,0
1083800,4,0,1,0,0,0
1083900,2,0,2,0,0,0
1084000,2,0,3,0,1,0
1084100,0,0,1,0,0,0
1084200,6,0,2,0,0,0
1084300,1,0,49,49,4,0
1084400,5,0,14,6,1,0
1084500,2,0,0,0,0,0
1084600,6,0,2,0,1,0
1084700,0,0,1,0,1,0
1084800,0,0,4,0,2,0
1084900,32,0,0,1,0,0
1085000,5,0,2,0,2,0
1085100,0,0,2,0,0,0
1085200,6,0,0,0,0,0
1085300,5,0,7,0,0,0
1085400,3,0,1,0,0,0
1085500,3,0,2,0,0,0
1085600,4,0,1,0,1,0
1085700,0,0,3,0,0,0
1085800,0,0,2,0,0,0
1085900,4,0,0,0,1,0
1086000,1,0,4,0,1,0
1086100,3,0,0,0,0,0
1086200,5,0,5,0,0,0
1086300,5,0,3,0,2,0
1086400,1,0,0,0,1,0
1086500,2,0,0,0,0,0
1086600,7,0,5,0,1,0
1086700,6,0,1,0,0,0
1086800,2,0,3,0,0,0
1086900,4,0,2,0,0,0
1087000,1,0,4,0,0,0
1087100,0,0,1,0,0,0
1087200,3,0,3,0,0,0
1087300,2,0,2,0,3,0
1087400,1,0,0,0,0,0
1087500,3,0,2,0,0,0
1087600,6,0,7,0,0,0
1087700,1,0,0,0,0,0
1087800,3,0,5,0,0,0
1087900,3,0,2,0,1,0
1088000,4,0,0,0,0,0
1088100,1,0,3,0,2,0
1088200,1,0,1,0,0,0
1088300,2,0,4,0,0,0
1088400,0,0,1,0,0,0
1088500,5,0,1,0,2,0
1088600,4,0,1,0,0,0
1088700,1,0,3,0,0,0
1088800,0,0,0,0,0,0
1088900,1,0,2,0,3,0
1089000,4,0,0,0,0,0
1089100,3,0,2,0,1,0
1089200,5,0,3,0,2,0
1089300,2,0,0,0,2,0
1089400,1,0,1,0,1,0
1089500,4,0,2,0,1,0
1089600,1,0,0,0,0,0
1089700,2,0,2,0,1,0
1089800,1,0,3,0,0,0
1089900,1,0,4,0,0,0
1090000,0,0,0,0,0,0
1090100,1,0,1,0,0,0
1090200,6,0,3,0,2,0
1090300,3,0,4,0,0,0
1090400,1,0,1,0,0,0
1090500,4,0,1,0,0,0
1090600,4,0,5,0,0,0
1090700,1,0,0,0,0,0
1090800,7,0,3,0,1,0
1090900,0,0,1,0,1,0
1091000,0,0,0,0,0,0
1091100,2,0,0,0,1,0
1091200,2,0,1,0,0,0
1091300,4,0,1,0,1,0
1091400,2,0,0,0,0,0
1091500,1,0,5,0,1,0
1091600,0,0,2,0,0,0
1091700,1,0,4,0,0,0
1091800,0,0,0,0,1,0
1091900,4,0,0,0,0,0
1092000,3,0,6,0,0,0
1092100,2,0,3,0,0,0
1092200,1,0,0,0,0,0
1092300,5,0,3,0,1,0
1092400,0,0,0,0,0,0
1092500,2,0,2,0,0,0
1092600,2,0,1,0,0,0
1092700,4,0,4,0,0,0
1092800,3,0,1,0,1,0
1092900,6,0,2,0,1,0
1093000,2,0,2,0,1,0
1093100,4,0,0,0,1,0
1093200,0,0,0,0,1,0
1093300,4,0,1,0,0,0
1093400,1,0,5,0,0,0
1093500,1,0,4,0,1,0
1093600,1,0,1,0,0,0
1093700,2,0,2,0,0,0
1093800,0,0,1,0,0,0
1093900,0,0,1,0,0,0
1094000,2,0,1,0,0,0
1094100,1,0,3,0,0,0
1094200,5,0,1,0,0,0
1094300,3,0,3,0,0,0
1094400,0,0,0,0,1,0
1094500,3,0,0,0,0,0
1094600,6,0,2,0,1,0
1094700,4,0,6,0,0,0
1094800,0,0,1,0,0,0
1094900,0,0,0,0,0,0
1095000,4,0,3,0,1,0
1095100,1,0,2,0,0,0
1095200,1,0,1,0,0,0
1095300,3,0,0,0,0,0
1095400,4,0,7,0,0,0
1095500,0,0,3,0,0,0
1095600,2,0,0,0,0,0
1095700,1,0,1,0,2,0
1095800,6,0,1,0,1,0
1095900,3,0,2,0,2,0
1096000,5,0,3,0,1,0
1096100,1,0,1,0,0,0
1096200,3,0,0,0,0,0
1096300,2,0,1,0,2,0
1096400,6,0,2,0,0,0
1096500,2,0,6,0,0,0
1096600,1,0,1,0,0,0
1096700,4,0,3,0,0,0
1096800,3,0,0,0,1,0
1096900,2,0,2,0,0,0
1097000,0,0,1,0,0,0
1097100,1,0,2,0,0,0
1097200,1,0,3,0,0,0
1097300,1,0,0,0,0,0
1097400,0,0,3,0,0,0
1097500,6,0,2,0,0,0
1097600,0,0,5,0,0,0
1097700,0,0,0,0,0,0
1097800,3,0,4,0,0,0
1097900,5,0,0,0,1,0
1098000,1,0,2,0,2,0
1098100,0,0,0,0,0,0
1098200,3,0,1,0,0,0
1098300,1,0,6,0,0,0
1098400,1,0,0,0,1,0
1098500,1,0,2,0,0,0
1098600,1,0,0,0,0,0
1098700,4,0,4,0,0,0
1098800,0,0,3,0,1,0
1098900,0,0,0,0,0,0
1099000,0,0,0,0,0,0
1099100,1,0,4,0,0,0
1099200,2,0,1,0,0,0
1099300,1,0,2,0,1,0
1099400,0,0,0,0,0,0
1099500,2,0,2,0,1,0
1099600,0,0,1,0,0,0
1099700,2,0,1,0,0,0
1099800,0,0,0,0,0,0
1099900,2,0,3,0,0,0
1100000,3,0,0,0,1,0
1100100,1,0,4,0,1,0
1100200,0,0,1,0,0,0
1100300,0,0,2,0,0,0
1100400,0,0,0,0,0,0
1100500,3,0,3,0,1,0
1100600,1,0,3,0,0,0
1100700,3,0,3,0,0,0
1100800,0,0,2,0,0,0
1100900,2,0,0,0,0,0
1101000,2,0,4,0,0,0
1101100,4,0,4,0,0,0
1101200,2,0,0,0,0,0
1101300,4,0,2,0,0,0
1101400,0,0,3,0,0,0
1101500,1,0,1,0,0,0
1101600,3,0,2,0,0,0
1101700,2,0,0,0,0,0
1101800,9,0,7,0,3,0
1101900,0,0,0,0,0,0
1102000,3,0,0,0,0,0
1102100,1,0,2,0,0,0
1102200,0,0,1,0,0,0
1102300,4,0,2,0,0,0
1102400,1,0,1,0,0,0
1102500,1,0,1,0,0,0
1102600,1,0,2,0,0,0
1102700,0,0,5,0,0,0
1102800,0,0,2,0,0,0
1102900,2,0,2,0,0,0
1103000,2,0,0,0,0,0
1103100,2,0,4,0,0,0
1103200,0,0,0,0,0,0
1103300,4,0,2,0,1,0
1103400,2,0,1,0,0,0
1103500,1,0,4,0,0,0
1103600,2,0,2,0,0,0
1103700,2,0,1,0,0,0
1103800,0,0,2,0,0,0
1103900,5,0,0,0,0,0
1104000,2,0,6,0,1,0
1104100,0,0,0,0,0,0
1104200,3,0,2,0,0,0
1104300,1,0,3,0,0,0
1104400,1,0,1,0,1,0
1104500,1,0,0,0,2,0
1104600,3,0,3,0,0,0
1104700,2,0,2,0,0,0
1104800,0,0,0,0,0,0
1104900,1,0,3,0,0,0
1105000,1,0,0,0,1,0
1105100,3,0,1,0,0,0
1105200,2,0,2,0,1,0
1105300,3,0,1,0,1,0
1105400,2,0,2,0,1,0
1105500,0,0,1,0,0,0
1105600,2,0,1,0,0,0
1105700,0,0,2,0,0,0
1105800,3,0,1,0,0,0
1105900,2,0,6,0,0,0
1106000,0,0,0,0,2,0
1106100,4,0,0,0,0,0
1106200,3,0,3,0,2,0
1106300,2,0,3,0,0,0
1106400,2,0,2,0,0,0
1106500,1,0,1,0,0,0
1106600,1,0,5,0,0,0
1106700,0,0,1,0,0,0
1106800,2,0,3,0,1,0
1106900,4,0,5,0,0,0
1107000,0,0,0,0,0,0
1107100,5,0,6,0,0,0
1107200,1,0,1,0,0,0
1107300,1,0,1,0,0,0
1107400,3,0,1,0,0,0
1107500,0,0,4,0,0,0
1107600,0,0,1,0,1,0
1107700,3,0,2,0,1,0
1107800,0,0,0,0,0,0
1107900,1,0,0,0,0,0
1108000,2,0,2,0,0,0
1108100,5,0,2,0,2,0
1108200,0,0,2,0,0,0
1108300,1,0,1,0,0,0
1108400,4,0,4,0,0,0
1108500,0,0,0,0,0,0
1108600,3,0,5,0,0,0
1108700,1,0,2,0,0,0
1108800,0,0,1,0,0,0
1108900,2,0,0,0,0,0
1109000,0,0,4,0,0,0
1109100,1,0,1,0,0,0
1109200,2,0,0,0,0,0
1109300,4,0,4,0,0,0
1109400,1,0,1,0,0,0
1109500,2,0,2,0,0,0
1109600,2,0,1,0,0,0
1109700,4,0,1,0,0,0
1109800,3,0,2,0,1,0
1109900,0,0,1,0,0,0
1110000,0,0,1,0,0,0
1110100,1,0,1,0,2,0
1110200,1,0,4,0,0,0
1110300,0,0,0,0,1,0
1110400,2,0,0,0,0,0
1110500,0,0,1,0,1,0
1110600,1,0,65,69,0,0
1110700,4,0,2,0,1,0
1110800,0,0,1,0,0,0
1110900,0,0,0,0,0,0
1111000,3,0,4,0,1,0
1111100,33,0,1,13,0,0
1111200,1,0,1,0,0,0
1111300,2,0,0,0,1,0
1111400,1,0,1,0,0,0
1111500,0,0,1,0,0,0
1111600,3,0,3,0,0,0
1111700,1,0,5,0,1,0
1111800,0,0,0,0,0,0
1111900,0,0,0,0,0,0
1112000,2,0,1,0,0,0
1112100,4,0,2,0,1,0
1112200,0,0,3,0,0,0
1112300,1,0,1,0,0,0
1112400,3,0,2,0,0,0
1112500,0,0,2,0,0,0
1112600,0,0,1,0,0,0
1112700,0,0,0,0,0,0
1112800,2,0,1,0,0,0
1112900,3,0,6,0,0,0
1113000,0,0,0,0,0,0
1113100,1,0,0,0,0,0
1113200,2,0,3,0,0,0
1113300,6,0,3,0,0,0
1113400,0,0,3,0,0,0
1113500,1,0,1,0,0,0
1113600,4,0,1,0,1,0
1113700,0,0,1,0,0,0
1113800,3,0,3,0,0,0
1113900,0,0,0,0,0,0
1114000,1,0,4,0,0,0
1114100,1,0,2,0,0,0
1114200,1,0,2,0,0,0
1114300,0,0,1,0,0,0
1114400,0,0,1,0,1,0
1114500,1,0,2,0,0,0
1114600,3,0,0,0,0,0
1114700,0,0,2,0,1,0
1114800,3,0,3,0,1,0
1114900,2,0,1,0,0,0
1115000,1,0,1,0,0,0
1115100,3,0,4,0,0,0
1115200,0,0,0,0,0,0
1115300,1,0,1,0,0,0
1115400,2,0,3,0,0,0
1115500,0,0,2,0,0,0
1115600,1,0,1,0,0,0
1115700,5,0,2,0,1,0
1115800,0,0,1,0,0,0
1115900,3,0,3,0,0,0
1116000,4,0,1,0,0,0
1116100,3,0,1,0,1,0
1116200,0,0,17,0,0,0
1116300,4,0,46,44,2,0
1116400,0,0,3,0,0,0
1116500,0,0,4,0,0,0
1116600,0,0,0,0,0,0
1116700,0,0,1,0,0,0
1116800,34,0,1,5,0,0
1116900,0,0,2,0,0,0
1117000,0,0,0,0,0,0
1117100,1,0,0,0,0,0
1117200,0,7,12,10,24,7
1117300,0,0,1,0,0,0
1117400,1,0,0,0,0,0
1117500,3,0,4,0,0,0
1117600,0,36,58,71,11,36
1117700,1,57,83,95,17,57
1117800,1,42,78,132,10,42
1117900,0,11,17,323,1,11
1118000,2,45,31,57,19,45
1118100,0,0,22,0,0,0
1118200,0,0,11,0,0,0
1118300,0,0,54,30,0,0
1118400,0,0,34,3,2,0
1118500,0,0,60,24,0,0
1118600,0,0,29,8,4,0
1118700,0,7,8,0,5,7
1118800,0,8,8,0,1,8
1118900,27,4,18,0,4,4
1119000,21,1,6,0,5,1
1119100,34,5,11,0,4,5
1119200,11,0,1,0,1,0
1119300,18,0,1,0,2,0
1119400,33,0,15,0,10,0
1119500,6,0,10,0,4,0
1119600,5,0,5,0,2,0
1119700,21,0,1,0,2,0
1119800,35,1,15,0,8,1
1119900,5,0,3,0,0,0
1120000,4,0,3,0,0,0
1120100,26,0,13,0,5,0
1120200,28,0,4,0,4,0
1120300,24,0,9,0,6,0
1120400,16,0,14,0,4,0
1120500,55,0,47,0,7,0
1120600,14,0,6,0,1,0
1120700,19,0,7,0,5,0
1120800,29,0,11,0,3,0
1120900,54,0,19,0,5,0
1121000,48,1,26,0,3,1
1121100,0,0,3,0,0,0
1121200,65,0,15,0,4,0
1121300,25,0,11,0,8,0
1121400,15,0,12,0,3,0
1121500,29,0,3,0,3,0
1121600,62,0,8,0,8,0
1121700,25,0,17,0,5,0
1121800,1,0,4,0,0,0
1121900,14,0,18,0,2,0
1122000,39,0,33,0,7,0
1122100,49,0,11,0,10,0
1122200,9,0,23,0,1,0
1122300,58,0,18,2,4,0
1122400,16,0,11,0,2,0
1122500,11,0,20,0,1,0
1122600,13,0,15,0,7,0
1122700,51,1,77,72,9,1
1122800,15,0,2,0,1,0
1122900,13,0,20,0,1,0
1123000,55,0,47,0,9,0
1123100,42,0,45,4,5,0
1123200,1,0,1,0,0,0
1123300,3,0,77,104,4,0
1123400,35,0,38,2,7,0
1123500,43,4,70,24,6,4
1123600,7,0,2,1,2,0
1123700,0,0,4,0,0,0
1123800,107,0,40,21,7,0
1123900,28,1,70,13,9,1
1124000,6,0,18,26,2,0
1124100,28,0,0,0,0,0
1124200,19,2,33,0,8,2
1124300,39,1,40,0,7,1
1124400,12,0,3,0,3,0
1124500,32,0,11,0,6,0
1124600,29,0,3,0,3,0
1124700,27,0,4,0,4,0
1124800,12,0,11,0,2,0
1124900,38,1,11,0,4,1
1125000,16,0,13,0,4,0
1125100,52,0,17,0,8,0
1125200,4,0,2,0,0,0
1125300,11,0,14,0,5,0
1125400,58,0,55,4,6,0
1125500,19,1,25,0,3,1
1125600,23,0,30,5,4,0
1125700,14,0,16,0,1,0
1125800,30,2,48,0,8,2
1125900,19,2,27,0,5,2
1126000,33,4,12,0,8,4
1126100,6,0,20,0,3,0
1126200,42,0,40,0,3,0
1126300,0,0,0,0,0,0
1126400,25,0,26,0,8,0
1126500,20,0,10,0,1,0
1126600,15,0,20,0,4,0
1126700,51,0,18,0,7,0
1126800,18,0,5,0,8,0
1126900,10,0,17,0,3,0
1127000,1,0,4,0,0,0
1127100,26,0,30,0,2,0
1127200,6,1,17,0,3,1
1127300,23,0,33,10,3,0
1127400,27,0,3,0,4,0
1127500,1,0,4,0,0,0
1127600,2,0,26,0,0,0
1127700,16,0,20,0,4,0
1127800,23,1,23,0,8,1
1127900,0,0,29,1,0,0
1128000,10,0,13,0,2,0
1128100,2,0,31,0,0,0
1128200,0,0,2,0,0,0
1128300,24,0,23,0,8,0
1128400,4,0,2,0,0,0
1128500,0,0,3,0,1,0
1128600,6,0,60,20,5,0
1128700,9,0,61,11,3,0
1128800,0,0,23,0,0,0
1128900,33,0,24,0,2,0
1129000,0,0,0,0,0,0
1129100,61,0,15,0,5,0
1129200,8,1,15,0,2,1
1129300,19,3,51,27,5,3
1129400,8,0,25,33,2,0
1129500,7,8,26,36,25,8
1129600,23,0,6,0,2,0
1129700,9,1,14,0,4,1
1129800,5,0,20,0,5,0
1129900,0,28,55,72,10,28
1130000,0,64,84,97,13,64
1130100,26,33,86,165,12,33
1130200,0,6,12,220,3,6
1130300,0,38,64,137,7,38
1130400,2,22,41,65,10,22
1130500,0,0,27,0,0,0
1130600,0,0,1,0,0,0
1130700,4,0,112,148,0,0
1130800,0,0,20,0,0,0
1130900,3,1,105,154,5,1
1131000,0,1,93,57,2,1
1131100,0,0,0,0,1,0
1131200,9,6,73,94,5,6
1131300,19,4,83,57,12,4
1131400,12,7,58,0,7,7
1131500,17,4,11,0,4,4
1131600,11,2,54,0,5,2
1131700,17,2,72,66,10,2
1131800,19,0,77,16,8,0
1131900,0,0,1,0,0,0
1132000,9,0,16,0,4,0
1132100,26,1,9,0,4,1
1132200,25,0,21,0,8,0
1132300,19,1,8,0,6,1
1132400,19,0,2,0,3,0
1132500,36,0,35,0,0,0
1132600,33,1,35,0,5,1
1132700,5,0,5,0,1,0
1132800,9,0,52,1,1,0
1132900,42,1,69,3,5,1
1133000,15,0,55,0,2,0
1133100,13,0,38,2,4,0
1133200,4,2,45,2,1,2
1133300,5,0,92,107,4,0
1133400,21,5,95,103,3,5
1133500,15,0,14,5,4,0
1133600,16,2,45,0,3,2
1133700,19,1,78,81,10,1
1133800,14,1,68,45,6,1
1133900,27,1,54,10,2,1
1134000,8,0,28,0,1,0
1134100,18,0,67,6,1,0
1134200,10,1,64,86,3,1
1134300,16,1,30,0,5,1
1134400,17,1,97,162,9,1
1134500,7,1,97,35,1,1
1134600,31,3,38,0,7,3
1134700,0,0,34,10,0,0
1134800,1,0,14,0,0,0
1134900,41,3,100,144,6,3
1135000,14,1,87,10,6,1
1135100,1,0,29,0,0,0
1135200,16,0,74,61,3,0
1135300,15,1,79,25,8,1
1135400,17,1,89,36,2,1
1135500,10,2,63,24,3,2
1135600,12,0,15,0,2,0
1135700,21,2,55,28,4,2
1135800,20,2,86,52,9,2
1135900,21,1,83,74,6,1
1136000,0,0,17,19,0,0
1136100,5,0,24,0,1,0
1136200,15,0,70,53,3,0
1136300,7,0,70,45,5,0
1136400,19,0,30,0,4,0
1136500,6,0,48,8,2,0
1136600,16,1,29,0,5,1
1136700,15,0,41,0,5,0
1136800,13,0,45,2,2,0
1136900,25,1,98,84,3,1
1137000,11,0,56,38,2,0
1137100,3,1,44,9,4,1
1137200,24,1,31,0,5,1
1137300,13,2,55,24,3,2
1137400,21,2,40,37,9,2
1137500,6,2,64,44,2,2
1137600,16,0,32,1,5,0
1137700,3,0,16,0,2,0
1137800,15,0,83,18,4,0
1137900,3,0,21,0,3,0
1138000,11,0,36,0,5,0
1138100,10,1,22,0,5,1
1138200,22,1,86,117,4,1
1138300,17,2,89,68,4,2
1138400,1,0,29,4,0,0
1138500,0,0,54,10,0,0
1138600,0,0,2,0,0,0
1138700,15,1,102,144,7,1
1138800,9,3,95,123,5,3
1138900,14,6,40,0,5,6
1139000,4,1,39,20,9,1
1139100,10,1,71,6,6,1
1139200,12,2,72,24,4,2
1139300,10,2,20,0,2,2
1139400,15,1,39,0,4,1
1139500,20,0,79,8,4,0
1139600,3,0,7,0,0,0
1139700,23,0,46,0,4,0
1139800,0,0,55,5,0,0
1139900,16,1,64,43,5,1
1140000,0,0,43,0,0,0
1140100,2,1,36,0,2,1
1140200,2,3,41,0,5,3
1140300,12,2,90,22,9,2
1140400,1,0,105,124,1,0
1140500,4,1,61,29,3,1
1140600,0,0,79,108,0,0
1140700,8,0,27,0,3,0
1140800,9,2,79,9,5,2
1140900,1,3,33,0,8,3
1141000,9,4,41,7,10,4
1141100,11,7,75,92,7,7
1141200,3,0,69,28,1,0
1141300,0,0,62,48,0,0
1141400,2,0,30,3,0,0
1141500,9,0,81,86,8,0
1141600,3,0,25,0,0,0
1141700,11,1,42,0,3,1
1141800,9,1,65,5,9,1
1141900,8,1,107,127,6,1
1142000,1,0,12,1,2,0
1142100,9,0,61,0,3,0
1142200,3,0,92,69,2,0
1142300,3,1,47,3,1,1
1142400,4,0,78,66,4,0
1142500,0,0,43,0,0,0
1142600,4,0,40,0,2,0
1142700,10,2,92,23,4,2
1142800,6,1,41,12,6,1
1142900,8,2,23,0,3,2
1143000,4,0,62,16,4,0
1143100,0,0,11,0,0,0
1143200,4,0,23,0,2,0
1143300,1,0,41,0,0,0
1143400,2,0,23,0,2,0
1143500,10,0,42,0,11,0
1143600,23,0,36,9,1,0
1143700,3,1,35,0,2,1
1143800,24,0,27,0,3,0
1143900,0,0,21,0,0,0
1144000,4,0,78,22,12,0
1144100,6,0,74,28,6,0
1144200,7,0,77,36,2,0
1144300,0,0,53,16,0,0
1144400,4,1,42,0,3,1
1144500,2,0,52,0,2,0
1144600,9,6,64,20,8,6
1144700,6,3,60,35,5,3
1144800,1,0,21,0,0,0
1144900,7,0,37,0,1,0
1145000,0,0,7,0,0,0
1145100,2,0,24,0,0,0
1145200,25,0,29,0,1,0
1145300,6,1,31,7,9,1
1145400,2,0,26,0,0,0
1145500,37,0,13,0,5,0
1145600,11,0,17,0,3,0
1145700,1,0,70,29,1,0
1145800,1,0,45,0,0,0
1145900,3,0,38,0,2,0
1146000,10,1,71,5,6,1
1146100,2,1,90,48,5,1
1146200,3,2,45,25,3,2
1146300,2,2,92,88,3,2
1146400,0,0,7,4,0,0
1146500,6,1,84,74,8,1
1146600,3,0,70,7,5,0
1146700,1,4,40,29,0,4
1146800,0,1,88,62,3,1
1146900,7,1,58,37,2,1
1147000,3,1,34,10,2,1
1147100,1,0,27,0,0,0
1147200,3,1,56,27,8,1
1147300,3,2,28,0,7,2
1147400,0,0,49,0,0,0
1147500,20,0,51,0,5,0
1147600,14,0,15,0,2,0
1147700,15,0,20,0,5,0
1147800,3,0,91,78,4,0
1147900,3,2,37,5,3,2
1148000,4,1,23,0,4,1
1148100,3,0,67,15,4,0
1148200,6,2,44,0,4,2
1148300,1,0,7,0,0,0
1148400,25,0,43,0,1,0
1148500,24,0,64,68,3,0
1148600,7,0,53,58,3,0
1148700,0,0,5,0,0,0
1148800,25,0,25,0,9,0
1148900,8,2,84,78,7,2
1149000,4,2,48,0,6,2
1149100,1,0,44,20,0,0
1149200,2,0,80,45,6,0
1149300,4,0,72,74,4,0
1149400,1,0,21,0,0,0
1149500,3,0,55,0,5,0
1149600,9,0,61,23,1,0
1149700,4,4,81,72,5,4
1149800,5,1,35,1,2,1
1149900,5,1,71,50,2,1
1150000,1,1,21,0,4,1
1150100,11,0,42,1,2,0
1150200,11,0,67,64,1,0
1150300,1,0,59,30,3,0
1150400,1,1,45,19,5,1
1150500,6,0,33,0,2,0
1150600,7,3,74,13,3,3
1150700,2,0,28,0,3,0
1150800,1,3,51,0,4,3
1150900,19,1,44,4,4,1
1151000,5,0,51,0,0,0
1151100,3,0,21,0,0,0
1151200,19,0,11,0,5,0
1151300,8,0,58,0,5,0
1151400,8,3,37,0,4,3
1151500,1,1,22,0,0,1
1151600,24,0,20,0,0,0
1151700,22,0,47,11,8,0
1151800,3,0,58,0,1,0
1151900,0,0,25,2,1,0
1152000,1,0,42,13,0,0
1152100,37,0,23,1,7,0
1152200,4,0,62,17,3,0
1152300,2,1,47,0,1,1
1152400,1,1,21,0,2,1
1152500,20,0,92,103,11,0
1152600,5,0,46,5,2,0
1152700,2,1,46,8,3,1
1152800,2,0,36,0,1,0
1152900,3,0,63,17,1,0
1153000,15,1,88,112,5,1
1153100,1,4,34,0,4,4
1153200,0,1,33,16,5,1
1153300,0,0,4,0,0,0
1153400,12,0,55,0,7,0
1153500,6,0,36,4,0,0
1153600,26,0,40,0,4,0
1153700,20,0,69,40,1,0
1153800,0,0,2,0,0,0
1153900,9,0,48,8,7,0
1154000,0,0,8,0,1,0
1154100,5,3,109,128,3,3
1154200,3,3,44,47,2,3
1154300,10,0,12,0,0,0
1154400,2,0,43,0,0,0
1154500,21,0,49,0,4,0
1154600,2,0,41,0,3,0
1154700,3,0,24,0,0,0
1154800,3,0,32,0,2,0
1154900,9,0,27,0,10,0
1155000,6,2,29,0,6,2
1155100,1,0,42,8,1,0
1155200,17,0,17,0,1,0
1155300,0,0,27,0,0,0
1155400,28,0,56,0,2,0
1155500,0,0,49,1,1,0
1155600,5,0,43,1,3,0
1155700,3,0,22,0,1,0
1155800,5,2,41,0,4,2
1155900,18,0,25,0,3,0
1156000,8,0,66,16,3,0
1156100,14,0,37,19,5,0
1156200,1,0,24,0,2,0
1156300,12,0,25,0,8,0
1156400,5,0,58,9,3,0
1156500,9,1,84,78,7,1
1156600,3,1,19,0,5,1
1156700,5,2,40,0,2,2
1156800,2,0,34,0,4,0
1156900,2,0,12,0,1,0
1157000,6,0,85,9,1,0
1157100,3,0,19,0,3,0
1157200,0,0,26,0,0,0
1157300,9,0,33,0,5,0
1157400,1,0,40,0,2,0
1157500,0,0,18,0,1,0
1157600,0,0,21,0,0,0
1157700,3,2,53,17,3,2
1157800,3,0,7,0,0,0
1157900,7,0,26,0,0,0
1158000,8,2,25,0,2,2
1158100,20,2,42,0,10,2
1158200,1,0,27,1,0,0
1158300,1,0,52,4,1,0
1158400,30,0,14,0,2,0
1158500,1,0,43,19,0,0
1158600,8,0,22,0,5,0
1158700,5,0,51,3,8,0
1158800,3,3,39,0,2,3
1158900,1,3,53,0,4,3
1159000,0,0,30,0,1,0
1159100,12,0,24,0,1,0
1159200,33,0,7,0,3,0
1159300,3,1,38,0,0,1
1159400,0,0,14,0,0,0
1159500,9,0,14,0,3,0
1159600,22,1,43,12,11,1
1159700,0,0,54,12,0,0
1159800,0,0,5,0,0,0
1159900,20,0,47,0,4,0
1160000,0,0,20,0,3,0
1160100,6,0,63,4,2,0
1160200,0,0,13,0,2,0
1160300,7,1,94,80,3,1
1160400,0,0,60,23,2,0
1160500,39,0,37,0,1,0
1160600,20,0,40,4,3,0
1160700,9,0,0,0,1,0
1160800,2,1,29,0,1,1
1160900,13,0,53,15,4,0
1161000,25,0,44,99,3,0
1161100,6,1,16,0,4,1
1161200,15,0,18,0,1,0
1161300,0,0,35,0,0,0
1161400,15,7,37,25,30,7
1161500,17,0,44,0,0,0
1161600,2,1,35,0,3,1
1161700,1,0,2,0,0,0
1161800,0,50,84,89,11,50
1161900,3,48,82,111,13,48
1162000,0,58,63,191,12,58
1162100,0,11,32,208,5,11
1162200,1,9,57,152,2,9
1162300,0,12,52,272,12,12
1162400,1,10,61,122,1,10
1162500,1,0,57,110,1,0
1162600,0,0,66,23,0,0
1162700,2,0,56,3,0,0
1162800,0,0,64,0,0,0
1162900,0,1,102,203,0,1
1163000,2,0,84,77,6,0
1163100,0,15,51,54,11,15
1163200,1,10,48,0,6,10
1163300,0,0,2,0,0,0
1163400,15,2,35,0,7,2
1163500,22,2,86,37,6,2
1163600,1,0,59,52,4,0
1163700,0,0,19,0,0,0
1163800,13,0,54,0,5,0
1163900,17,0,60,2,2,0
1164000,17,0,31,0,2,0
1164100,11,0,32,0,3,0
1164200,25,1,46,0,2,1
1164300,18,0,43,3,4,0
1164400,9,0,43,2,2,0
1164500,6,1,57,16,4,1
1164600,8,0,55,11,4,0
1164700,3,0,46,0,3,0
1164800,7,1,98,15,3,1
1164900,8,2,42,0,2,2
1165000,3,0,80,64,4,0
1165100,4,0,91,144,7,0
1165200,1,0,69,75,1,0
1165300,10,3,57,16,4,3
1165400,10,4,72,71,3,4
1165500,1,1,75,78,0,1
1165600,18,0,66,52,2,0
1165700,13,2,49,17,2,2
1165800,27,4,56,4,8,4
1165900,0,0,83,140,1,0
1166000,10,0,93,95,7,0
1166100,10,1,82,73,5,1
1166200,0,0,12,0,0,0
1166300,6,0,103,40,2,0
1166400,17,2,85,35,3,2
1166500,14,3,50,32,2,3
1166600,15,1,93,46,2,1
1166700,8,1,71,48,3,1
1166800,12,0,46,7,8,0
1166900,0,1,111,161,1,1
1167000,2,1,67,28,3,1
1167100,0,0,107,177,0,0
1167200,9,1,80,39,2,1
1167300,11,11,77,4,12,11
1167400,12,1,32,0,1,1
1167500,0,0,59,22,1,0
1167600,19,3,72,53,12,3
1167700,8,0,97,155,3,0
1167800,15,2,72,110,6,2
1167900,1,0,71,22,1,0
1168000,12,1,71,63,3,1
1168100,2,2,87,74,0,2
1168200,19,0,79,38,9,0
1168300,0,1,49,33,3,1
1168400,9,1,54,6,0,1
1168500,5,3,69,4,6,3
1168600,27,3,69,46,5,3
1168700,3,0,43,0,4,0
1168800,1,0,72,34,1,0
1168900,9,0,97,105,3,0
1169000,7,1,78,35,2,1
1169100,0,0,15,0,0,0
1169200,9,0,42,0,1,0
1169300,14,2,103,107,6,2
1169400,4,1,58,31,4,1
1169500,8,2,42,0,4,2
1169600,1,0,84,70,0,0
1169700,7,0,95,126,4,0
1169800,0,1,81,60,6,1
1169900,0,0,39,12,0,0
1170000,9,1,65,0,4,1
1170100,8,8,99,174,9,8
1170200,1,3,84,46,0,3
1170300,15,1,88,146,11,1
1170400,2,0,58,27,1,0
1170500,7,0,46,0,5,0
1170600,2,0,76,1,0,0
1170700,10,2,96,99,6,2
1170800,8,4,73,46,10,4
1170900,1,0,54,40,0,0
1171000,0,0,82,25,0,0
1171100,9,0,55,0,6,0
1171200,7,0,60,8,3,0
1171300,2,1,38,0,0,1
1171400,5,4,96,140,3,4
1171500,7,1,94,86,6,1
1171600,6,2,41,14,9,2
1171700,3,0,78,53,2,0
1171800,8,1,42,0,4,1
1171900,3,0,92,83,0,0
1172000,10,2,70,68,3,2
1172100,3,1,78,88,8,1
1172200,10,0,72,62,3,0
1172300,5,0,59,6,4,0
1172400,15,0,69,75,13,0
1172500,2,0,50,65,2,0
1172600,8,1,83,67,4,1
1172700,1,0,77,54,0,0
1172800,0,0,51,8,2,0
1172900,0,0,42,4,0,0
1173000,15,2,73,14,15,2
1173100,4,2,62,8,0,2
1173200,4,3,57,55,5,3
1173300,1,0,49,14,0,0
1173400,7,0,61,0,2,0
1173500,12,2,74,12,1,2
1173600,1,0,58,0,1,0
1173700,9,1,69,22,3,1
1173800,2,0,67,2,1,0
1173900,3,0,82,45,4,0
1174000,0,0,67,25,2,0
1174100,2,0,72,50,0,0
1174200,1,2,97,165,2,2
1174300,0,0,40,18,1,0
1174400,8,1,63,58,13,1
1174500,2,0,47,0,2,0
1174600,1,0,38,0,1,0
1174700,11,1,44,0,10,1
1174800,5,3,71,26,6,3
1174900,0,1,26,0,0,1
1175000,11,0,20,0,3,0
1175100,7,0,22,0,9,0
1175200,9,0,37,1,3,0
1175300,7,0,6,0,3,0
1175400,9,0,47,0,1,0
1175500,6,0,76,3,3,0
1175600,11,0,27,0,1,0
1175700,2,0,55,17,2,0
1175800,1,0,38,4,0,0
1175900,3,0,76,82,1,0
1176000,7,2,74,19,5,2
1176100,0,0,11,0,0,0
1176200,0,0,59,1,1,0
1176300,2,0,36,48,4,0
1176400,6,1,101,151,6,1
1176500,6,4,75,43,4,4
1176600,3,0,82,10,0,0
1176700,0,0,7,1,0,0
1176800,16,0,71,0,3,0
1176900,4,1,56,0,6,1
1177000,1,0,74,4,2,0
1177100,7,1,48,0,4,1
1177200,0,0,27,0,2,0
1177300,6,2,80,48,5,2
1177400,0,0,25,0,1,0
1177500,6,0,25,0,8,0
1177600,6,0,24,0,2,0
1177700,0,0,43,0,0,0
1177800,29,0,67,14,5,0
1177900,0,0,13,0,0,0
1178000,1,0,34,0,0,0
1178100,4,1,38,0,2,1
1178200,4,0,78,9,7,0
1178300,4,1,73,45,1,1
1178400,4,0,56,0,2,0
1178500,10,1,70,0,2,1
1178600,0,0,45,9,0,0
1178700,5,3,70,0,5,3
1178800,0,1,52,19,1,1
1178900,7,4,97,104,11,4
1179000,2,1,40,2,1,1
1179100,0,0,92,73,0,0
1179200,9,0,53,3,2,0
1179300,6,0,53,0,3,0
1179400,0,0,44,0,0,0
1179500,2,2,36,0,4,2
1179600,9,0,104,126,6,0
1179700,2,0,55,1,2,0
1179800,10,1,59,1,2,1
1179900,0,0,26,0,0,0
1180000,6,0,82,98,1,0
1180100,6,0,53,0,3,0
1180200,4,3,94,163,7,3
1180300,4,0,52,3,3,0
1180400,1,2,38,0,3,2
1180500,2,0,45,0,3,0
1180600,19,0,10,0,3,0
1180700,37,0,15,6,0,0
1180800,8,0,97,105,0,0
1180900,7,0,78,46,2,0
1181000,0,0,2,0,0,0
1181100,4,2,38,2,17,2
1181200,20,5,53,42,9,5
1181300,5,1,97,150,3,1
1181400,1,1,43,31,0,1
1181500,0,0,60,13,1,0
1181600,0,37,88,125,13,37
1181700,0,54,81,70,17,54
1181800,0,60,64,201,6,60
1181900,0,1,38,307,0,1
1182000,0,37,55,158,12,37
1182100,0,6,62,171,0,6
1182200,0,0,62,245,0,0
1182300,0,1,63,132,2,1
1182400,0,1,75,185,0,1
1182500,2,0,86,156,3,0
1182600,3,0,83,154,5,0
1182700,1,0,85,169,2,0
1182800,4,1,82,119,3,1
1182900,3,2,64,38,6,2
1183000,1,1,34,0,1,1
1183100,9,25,47,2,14,25
1183200,2,0,52,14,2,0
1183300,0,0,45,0,0,0
1183400,26,0,95,98,7,0
1183500,12,0,54,16,2,0
1183600,1,1,58,34,1,1
1183700,1,0,61,0,0,0
1183800,23,0,38,0,7,0
1183900,17,1,59,14,4,1
1184000,6,0,83,23,0,0
1184100,11,1,76,7,1,1
1184200,7,0,77,55,2,0
1184300,4,0,21,0,1,0
1184400,5,0,73,54,0,0
1184500,18,0,97,140,6,0
1184600,3,1,38,1,3,1
1184700,2,0,60,5,3,0
1184800,2,0,71,8,4,0
1184900,5,0,111,68,0,0
1185000,0,0,74,36,1,0
1185100,10,1,54,0,7,1
1185200,6,4,56,28,4,4
1185300,5,0,65,20,0,0
1185400,16,1,76,42,12,1
1185500,1,0,100,132,0,0
1185600,3,1,84,43,0,1
1185700,11,0,88,112,5,0
1185800,0,0,40,0,0,0
1185900,8,0,54,59,2,0
1186000,8,1,93,177,7,1
1186100,10,6,94,108,6,6
1186200,4,0,96,138,4,0
1186300,7,2,96,169,4,2
1186400,8,3,85,88,3,3
1186500,0,0,22,0,0,0
1186600,14,2,103,117,5,2
1186700,3,2,96,133,4,2
1186800,3,2,98,142,2,2
1186900,12,2,72,50,5,2
1187000,16,4,26,0,13,4
1187100,6,2,71,79,3,2
1187200,1,0,97,148,3,0
1187300,17,3,92,138,8,3
1187400,6,1,96,52,4,1
1187500,2,0,75,1,1,0
1187600,4,0,65,37,5,0
1187700,4,0,86,68,4,0
1187800,16,5,84,138,10,5
1187900,16,1,102,89,4,1
1188000,12,4,77,60,6,4
1188100,8,3,39,0,8,3
1188200,4,3,98,131,2,3
1188300,13,2,93,125,2,2
1188400,7,0,99,142,3,0
1188500,1,1,84,67,2,1
1188600,1,0,48,22,0,0
1188700,11,1,95,117,5,1
1188800,16,6,90,120,5,6
1188900,8,1,60,0,6,1
1189000,0,0,59,49,0,0
1189100,5,1,97,137,2,1
1189200,1,1,99,179,2,1
1189300,5,0,93,126,7,0
1189400,1,0,74,21,1,0
1189500,6,2,56,0,5,2
1189600,9,6,95,129,9,6
1189700,9,4,87,152,12,4
1189800,8,0,90,142,11,0
1189900,5,2,45,7,6,2
1190000,0,0,48,19,0,0
1190100,12,0,51,0,3,0
1190200,5,0,106,176,6,0
1190300,6,0,100,117,0,0
1190400,10,0,64,73,5,0
1190500,6,1,43,11,6,1
1190600,1,0,62,0,1,0
1190700,7,2,85,12,7,2
1190800,3,1,98,94,2,1
1190900,0,0,96,120,1,0
1191000,0,0,49,0,0,0
1191100,3,0,97,111,3,0
1191200,1,1,75,42,1,1
1191300,2,4,91,103,4,4
1191400,4,9,66,80,7,9
1191500,12,5,106,121,8,5
1191600,2,1,96,129,4,1
1191700,7,0,93,103,2,0
1191800,4,0,100,131,0,0
1191900,2,0,97,160,3,0
1192000,1,0,98,82,2,0
1192100,10,1,85,163,15,1
1192200,5,5,84,26,7,5
1192300,6,6,88,71,5,6
1192400,0,0,33,0,3,0
1192500,14,1,99,127,7,1
1192600,4,0,73,37,3,0
1192700,1,0,44,3,1,0
1192800,7,0,42,0,4,0
1192900,5,0,102,132,2,0
1193000,2,0,75,64,6,0
1193100,5,1,81,53,5,1
1193200,1,0,45,10,1,0
1193300,7,1,63,39,5,1
1193400,1,0,27,0,4,0
1193500,10,2,92,45,5,2
1193600,1,0,95,138,4,0
1193700,2,1,68,55,3,1
1193800,2,0,44,0,9,0
1193900,0,0,89,110,3,0
1194000,0,0,56,10,0,0
1194100,6,0,91,146,7,0
1194200,3,3,97,129,3,3
1194300,4,7,87,57,10,7
1194400,2,2,17,0,5,2
1194500,5,2,64,9,2,2
1194600,5,2,99,37,8,2
1194700,1,0,94,122,1,0
1194800,0,0,85,86,0,0
1194900,3,0,52,26,1,0
1195000,1,0,74,73,1,0
1195100,3,2,88,46,3,2
1195200,2,2,91,27,1,2
1195300,3,0,41,43,3,0
1195400,1,1,61,11,0,1
1195500,9,0,83,51,7,0
1195600,1,0,49,9,0,0
1195700,4,1,62,10,3,1
1195800,1,0,50,0,3,0
1195900,2,0,63,90,3,0
1196000,7,0,88,67,4,0
1196100,3,0,61,26,1,0
1196200,4,2,59,23,4,2
1196300,2,0,69,13,1,0
1196400,5,2,75,1,4,2
1196500,1,0,59,13,0,0
1196600,2,0,73,12,4,0
1196700,3,1,98,90,3,1
1196800,0,0,56,25,0,0
1196900,2,0,93,129,0,0
1197000,0,2,94,68,6,2
1197100,3,1,68,19,3,1
1197200,0,2,80,6,2,2
1197300,1,1,81,48,1,1
1197400,5,2,100,149,3,2
1197500,3,0,62,42,3,0
1197600,2,1,74,34,1,1
1197700,8,2,60,16,6,2
1197800,1,0,99,129,1,0
1197900,3,2,76,55,3,2
1198000,2,1,72,14,10,1
1198100,0,1,27,4,0,1
1198200,4,0,50,42,3,0
1198300,7,2,92,116,8,2
1198400,2,2,42,29,1,2
1198500,1,0,39,0,1,0
1198600,4,0,69,9,0,0
1198700,4,1,49,6,0,1
1198800,0,0,52,1,1,0
1198900,1,0,98,95,2,0
1199000,2,2,69,69,3,2
1199100,2,0,48,0,0,0
1199200,1,0,19,0,0,0
1199300,5,0,39,1,1,0
1199400,2,0,79,43,5,0
1199500,3,2,96,107,1,2
1199600,0,0,45,12,0,0
1199700,1,0,20,0,1,0
1199800,3,0,90,26,8,0
1199900,2,0,71,8,4,0
1200000,1,1,52,26,2,1
1200100,0,0,44,14,0,0
1200200,0,0,101,113,1,0
1200300,4,1,76,24,2,1
1200400,1,2,33,0,4,2
1200500,6,2,59,0,1,2
1200600,3,0,84,41,2,0
1200700,2,0,78,87,2,0
1200800,0,0,96,102,0,0
1200900,3,0,77,17,0,0
1201000,0,0,50,0,1,0
1201100,0,0,70,44,4,0
1201200,2,0,83,17,1,0
1201300,4,4,78,54,11,4
1201400,1,3,98,195,1,3
1201500,2,1,98,130,3,1
1201600,3,0,76,62,2,0
1201700,0,0,22,0,0,0
1201800,2,0,20,0,3,0
1201900,8,1,94,124,8,1
1202000,3,2,91,168,8,2
1202100,2,0,93,6,0,0
1202200,1,0,9,3,0,0
1202300,0,0,28,0,0,0
1202400,7,0,80,41,6,0
1202500,3,0,92,134,1,0
1202600,1,1,68,14,5,1
1202700,7,0,24,0,0,0
1202800,2,0,96,4,2,0
1202900,5,0,88,93,2,0
1203000,6,1,64,0,1,1
1203100,5,0,77,13,4,0
1203200,2,0,81,61,1,0
1203300,3,0,85,25,2,0
1203400,1,0,80,27,7,0
1203500,3,4,62,47,2,4
1203600,4,1,34,0,4,1
1203700,0,1,72,3,4,1
1203800,3,1,90,55,3,1
1203900,4,1,102,98,1,1
1204000,2,0,53,12,0,0
1204100,2,1,65,0,4,1
1204200,3,1,46,7,4,1
1204300,0,0,15,0,1,0
1204400,8,2,93,58,7,2
1204500,1,0,96,116,2,0
1204600,1,0,41,0,0,0
1204700,1,0,48,3,1,0
1204800,2,0,64,56,1,0
1204900,3,1,79,22,6,1
1205000,1,0,51,0,0,0
1205100,4,0,73,17,4,0
1205200,4,0,71,0,4,0
1205300,2,0,94,81,0,0
1205400,3,1,77,57,2,1
1205500,1,0,101,92,0,0
1205600,0,1,58,0,2,1
1205700,2,2,67,0,4,2
1205800,0,0,72,48,1,0
1205900,5,2,94,108,6,2
1206000,2,1,52,29,0,1
1206100,1,0,32,0,1,0
1206200,1,0,49,1,0,0
1206300,5,0,62,0,5,0
1206400,0,0,98,91,3,0
1206500,0,0,26,0,0,0
1206600,4,1,61,10,4,1
1206700,3,1,88,60,3,1
1206800,3,0,71,70,3,0
1206900,2,0,57,3,0,0
1207000,0,0,39,0,4,0
1207100,1,1,97,148,7,1
1207200,1,1,99,95,1,1
1207300,1,0,35,0,0,0
1207400,0,0,59,0,3,0
1207500,3,0,80,29,2,0
1207600,3,0,83,97,6,0
1207700,1,1,62,77,5,1
1207800,0,0,17,0,1,0
1207900,3,0,68,0,2,0
1208000,2,1,92,32,3,1
1208100,4,0,24,0,1,0
1208200,0,0,38,0,0,0
1208300,6,1,74,0,2,1
1208400,8,0,38,23,7,0
1208500,0,0,35,8,1,0
1208600,4,0,54,8,4,0
1208700,5,0,77,47,4,0
1208800,4,0,40,0,1,0
1208900,1,0,48,0,0,0
1209000,9,1,45,0,0,1
1209100,4,0,107,123,2,0
1209200,1,0,98,86,2,0
1209300,0,0,29,0,0,0
1209400,0,0,62,0,1,0
1209500,6,0,54,7,0,0
1209600,0,0,35,0,0,0
1209700,3,0,73,39,7,0
1209800,3,1,60,0,1,1
1209900,4,0,65,40,2,0
1210000,2,1,53,10,1,1
1210100,0,0,31,0,1,0
1210200,6,0,70,0,4,0
1210300,3,0,33,0,2,0
1210400,2,0,54,0,6,0
1210500,1,0,18,0,1,0
1210600,9,1,55,8,3,1
1210700,15,0,52,0,3,0
1210800,2,0,58,0,1,0
1210900,1,1,33,0,1,1
1211000,8,0,99,142,2,0
1211100,6,0,73,10,2,0
1211200,1,0,75,19,0,0
1211300,1,0,29,13,0,0
1211400,0,0,108,123,1,0
1211500,1,1,70,16,3,1
1211600,3,1,59,0,6,1
1211700,1,0,75,14,3,0
1211800,3,1,91,21,3,1
1211900,1,0,50,2,2,0
1212000,0,1,73,1,0,1
1212100,1,1,52,0,5,1
1212200,1,0,49,0,2,0
1212300,1,0,56,7,2,0
1212400,10,0,42,32,3,0
1212500,2,0,51,0,0,0
1212600,1,0,47,0,0,0
1212700,6,0,60,0,1,0
1212800,4,0,57,17,4,0
1212900,3,1,28,0,4,1
1213000,11,0,42,6,2,0
1213100,6,0,48,0,0,0
1213200,18,0,65,0,2,0
1213300,0,0,25,0,0,0
1213400,13,0,59,2,0,0
1213500,9,0,55,28,4,0
1213600,0,0,60,0,0,0
1213700,7,4,103,97,8,4
1213800,2,0,58,4,1,0
1213900,1,0,46,0,1,0
1214000,2,0,54,0,0,0
1214100,1,0,92,77,1,0
1214200,2,0,55,37,5,0
1214300,0,0,57,0,1,0
1214400,0,0,46,3,0,0
1214500,0,0,50,0,1,0
1214600,0,1,65,0,2,1
1214700,1,3,40,0,3,3
1214800,6,0,92,28,0,0
1214900,5,0,28,2,1,0
1215000,1,0,31,0,2,0
1215100,6,0,16,0,1,0
1215200,2,0,91,68,3,0
1215300,1,0,75,62,4,0
1215400,3,0,32,0,2,0
1215500,13,0,52,0,1,0
1215600,2,2,45,0,4,2
1215700,5,1,30,0,3,1
1215800,7,0,52,25,2,0
1215900,4,0,15,0,1,0
1216000,0,0,51,20,3,0
1216100,5,0,42,0,3,0
1216200,14,0,67,4,3,0
1216300,9,0,40,4,4,0
1216400,15,0,29,0,1,0
1216500,7,1,56,0,2,1
1216600,7,0,27,0,0,0
1216700,5,0,48,27,2,0
1216800,3,0,26,0,0,0
1216900,7,0,73,38,3,0
1217000,2,0,47,15,0,0
1217100,3,0,73,22,0,0
1217200,0,0,54,1,0,0
1217300,1,0,79,10,2,0
1217400,3,0,78,26,2,0
1217500,0,3,81,115,7,3
1217600,0,0,96,94,2,0
1217700,1,2,48,0,4,2
1217800,1,0,17,0,1,0
1217900,5,0,55,0,1,0
1218000,0,0,71,25,5,0
1218100,1,0,60,19,4,0
1218200,1,0,9,0,0,0
1218300,16,0,29,0,5,0
1218400,10,0,58,26,3,0
1218500,4,0,42,0,1,0
1218600,5,0,26,0,1,0
1218700,1,0,35,0,3,0
1218800,5,0,25,0,0,0
1218900,3,0,63,31,0,0
1219000,4,0,56,9,1,0
1219100,0,0,5,0,0,0
1219200,4,0,60,8,3,0
1219300,6,1,101,61,5,1
1219400,3,0,45,0,0,0
1219500,4,0,5,0,0,0
1219600,9,0,65,1,7,0
1219700,1,0,13,0,2,0
1219800,14,1,93,21,1,1
1219900,4,0,23,0,2,0
1220000,5,1,41,0,1,1
1220100,14,0,49,0,5,0
1220200,4,0,51,2,0,0
1220300,12,0,27,9,2,0
1220400,4,0,30,0,0,0
1220500,2,0,40,0,5,0
1220600,1,1,17,0,0,1
1220700,13,0,30,0,1,0
1220800,12,0,88,86,3,0
1220900,10,0,69,29,1,0
1221000,0,0,5,0,0,0
1221100,5,3,57,0,0,3
1221200,20,0,45,0,4,0
1221300,14,3,71,0,2,3
1221400,2,0,48,2,1,0
1221500,4,0,38,0,6,0
1221600,1,1,30,6,5,1
1221700,2,0,93,0,1,0
1221800,1,0,55,18,1,0
1221900,0,0,33,0,1,0
1222000,10,0,35,0,2,0
1222100,2,1,50,0,2,1
1222200,1,2,53,0,0,2
1222300,9,0,25,0,7,0
1222400,7,0,29,0,2,0
1222500,30,0,39,0,5,0
1222600,19,0,41,0,4,0
1222700,16,0,33,0,0,0
1222800,14,0,48,0,3,0
1222900,0,0,14,0,4,0
1223000,8,0,53,19,2,0
1223100,2,0,67,8,5,0
1223200,5,0,26,11,6,0
1223300,9,0,57,0,6,0
1223400,2,0,86,11,2,0
1223500,0,0,67,21,1,0
1223600,2,0,37,1,2,0
1223700,0,0,32,0,1,0
1223800,3,1,60,8,2,1
1223900,11,1,61,14,5,1
1224000,1,0,35,0,3,0
1224100,1,0,31,0,0,0
1224200,6,0,29,0,0,0
1224300,24,0,21,0,4,0
1224400,15,0,59,0,4,0
1224500,0,0,40,0,0,0
1224600,3,1,41,0,4,1
1224700,10,0,39,0,5,0
1224800,11,0,6,0,3,0
1224900,1,0,29,0,1,0
1225000,18,0,60,0,1,0
1225100,10,0,38,0,2,0
1225200,19,0,31,0,3,0
1225300,6,0,65,30,5,0
1225400,9,0,47,0,1,0
1225500,8,0,40,0,3,0
1225600,10,0,59,9,2,0
1225700,16,1,34,0,5,1
1225800,8,0,37,0,2,0
1225900,4,1,59,0,1,1
1226000,5,0,25,0,1,0
1226100,7,0,32,0,4,0
1226200,1,0,34,0,1,0
1226300,0,0,26,0,6,0
1226400,8,1,40,0,2,1
1226500,23,0,21,0,3,0
1226600,2,0,20,0,4,0
1226700,9,0,18,0,4,0
1226800,19,0,55,0,1,0
1226900,2,0,57,41,1,0
1227000,2,0,18,0,3,0
1227100,0,0,23,0,1,0
1227200,1,1,81,28,5,1
1227300,6,0,24,0,3,0
1227400,6,0,61,0,0,0
1227500,21,0,41,14,2,0
1227600,8,1,62,0,4,1
1227700,0,0,12,0,1,0
1227800,11,0,46,0,3,0
1227900,3,0,48,0,3,0
1228000,5,0,46,0,3,0
1228100,14,0,71,17,1,0
1228200,2,0,29,0,1,0
1228300,4,0,40,0,2,0
1228400,13,0,52,0,4,0
1228500,10,1,49,5,5,1
1228600,9,0,17,0,5,0
1228700,13,1,51,0,8,1
1228800,13,0,18,0,3,0
1228900,4,0,30,0,2,0
1229000,4,0,38,0,0,0
1229100,16,0,53,9,1,0
1229200,13,1,60,0,3,1
1229300,9,0,29,0,2,0
1229400,10,0,57,0,3,0
1229500,11,0,23,0,1,0
1229600,16,0,18,0,0,0
1229700,8,0,25,0,6,0
1229800,5,0,59,0,0,0
1229900,3,0,14,0,2,0
1230000,16,0,61,9,3,0
1230100,12,0,31,0,4,0
1230200,21,1,34,0,3,1
1230300,19,0,14,0,3,0
1230400,9,0,61,8,7,0
1230500,12,0,27,0,7,0
1230600,4,1,33,0,0,1
1230700,16,0,53,0,1,0
1230800,17,0,50,0,1,0
1230900,2,0,35,5,4,0
1231000,20,0,24,0,1,0
1231100,20,0,39,0,4,0
1231200,20,0,23,0,1,0
1231300,12,1,72,25,8,1
1231400,4,0,7,0,1,0
1231500,19,0,44,0,6,0
1231600,6,0,23,0,2,0
1231700,7,0,29,0,1,0
1231800,11,0,14,0,4,0
1231900,4,0,70,21,6,0
1232000,13,0,26,0,1,0
1232100,19,0,20,0,3,0
1232200,2,0,52,0,3,0
1232300,5,1,46,0,3,1
1232400,4,0,29,0,3,0
1232500,13,0,30,0,5,0
1232600,8,0,43,0,0,0
1232700,22,0,30,0,3,0
1232800,19,0,43,0,3,0
1232900,5,0,15,0,0,0
1233000,6,0,44,0,6,0
1233100,22,0,17,0,5,0
1233200,9,0,56,1,3,0
1233300,5,0,17,0,3,0
1233400,9,0,40,4,2,0
1233500,11,0,18,0,1,0
1233600,7,1,52,9,0,1
1233700,10,0,28,0,2,0
1233800,24,0,59,0,9,0
1233900,4,0,23,0,3,0
1234000,5,0,19,0,0,0
1234100,12,0,29,0,4,0
1234200,10,0,40,0,5,0
1234300,0,0,28,0,1,0
1234400,9,0,37,0,1,0
1234500,20,0,28,0,5,0
1234600,6,0,45,0,9,0
1234700,10,0,25,0,1,0
1234800,12,0,48,0,5,0
1234900,9,0,37,0,1,0
1235000,28,0,35,0,2,0
1235100,14,0,33,0,5,0
1235200,8,0,24,0,7,0
1235300,12,0,59,0,2,0
1235400,5,1,37,4,5,1
1235500,34,0,24,0,6,0
1235600,3,0,29,0,2,0
1235700,12,1,44,5,6,1
1235800,18,0,32,24,3,0
1235900,14,0,41,0,7,0
1236000,7,0,33,0,0,0
1236100,14,0,22,0,4,0
1236200,15,0,28,0,6,0
1236300,10,0,26,0,8,0
1236400,3,0,36,0,2,0
1236500,21,1,72,0,2,1
1236600,6,0,27,0,2,0
1236700,13,0,12,0,1,0
1236800,9,0,13,0,1,0
1236900,14,0,42,0,3,0
1237000,9,0,51,0,9,0
1237100,8,0,71,74,1,0
1237200,16,0,38,0,3,0
1237300,5,0,48,0,5,0
1237400,1,0,5,0,1,0
1237500,14,0,17,0,2,0
1237600,51,0,40,60,4,0
1237700,9,0,39,24,1,0
1237800,8,0,6,0,3,0
1237900,21,0,40,6,6,0
1238000,11,0,30,0,3,0
1238100,7,0,36,0,0,0
1238200,3,0,17,0,3,0
1238300,7,0,57,0,0,0
1238400,3,0,25,0,6,0
1238500,7,0,50,0,0,0
1238600,7,0,44,5,1,0
1238700,12,0,16,0,4,0
1238800,1,0,37,0,1,0
1238900,1,0,30,0,0,0
1239000,8,0,9,0,0,0
1239100,2,1,37,0,1,1
1239200,9,0,30,0,1,0
1239300,10,0,21,0,2,0
1239400,1,0,35,0,1,0
1239500,1,0,24,0,0,0
1239600,9,0,19,0,0,0
1239700,9,0,41,0,2,0
1239800,10,0,29,0,6,0
1239900,7,0,41,0,1,0
1240000,16,0,23,0,0,0
1240100,14,0,37,0,4,0
1240200,0,0,33,0,2,0
1240300,5,0,25,0,4,0
1240400,6,0,35,0,1,0
1240500,18,0,44,14,4,0
1240600,12,0,30,0,1,0
1240700,1,0,33,0,0,0
1240800,9,0,23,0,1,0
1240900,2,1,32,0,1,1
1241000,20,0,27,0,5,0
1241100,2,0,20,0,3,0
1241200,1,0,39,0,0,0
1241300,16,0,30,0,0,0
1241400,1,1,27,0,3,1
1241500,7,0,36,0,1,0
1241600,20,0,30,0,1,0
1241700,7,0,23,0,2,0
1241800,21,0,50,0,5,0
1241900,1,0,17,0,1,0
1242000,14,0,35,0,4,0
1242100,7,0,5,0,3,0
1242200,1,0,51,0,2,0
1242300,0,0,29,0,0,0
1242400,23,0,61,2,6,0
1242500,6,0,15,0,1,0
1242600,3,0,17,0,0,0
1242700,24,0,32,0,0,0
1242800,11,0,47,1,5,0
1242900,6,0,10,0,3,0
1243000,13,0,31,0,2,0
1243100,13,0,13,0,2,0
1243200,15,0,38,0,4,0
1243300,0,0,43,0,1,0
1243400,8,0,24,0,3,0
1243500,11,0,37,0,1,0
1243600,7,0,45,0,4,0
1243700,14,0,38,0,2,0
1243800,5,0,4,0,4,0
1243900,14,0,42,0,2,0
1244000,7,0,19,0,1,0
1244100,14,0,23,0,5,0
1244200,15,0,28,0,1,0
1244300,20,0,33,0,2,0
1244400,0,0,11,0,1,0
1244500,10,0,44,0,4,0
1244600,4,0,24,0,0,0
1244700,19,0,30,0,5,0
1244800,0,0,8,0,0,0
1244900,5,0,32,0,0,0
1245000,20,0,32,0,5,0
1245100,2,0,43,0,1,0
1245200,5,0,18,0,0,0
1245300,11,0,19,0,3,0
1245400,3,0,42,0,6,0
1245500,2,0,52,0,1,0
1245600,8,0,22,0,2,0
1245700,4,0,22,0,0,0
1245800,1,0,9,0,0,0
1245900,6,0,35,0,3,0
1246000,1,0,23,0,2,0
1246100,9,0,35,0,1,0
1246200,1,0,8,0,2,0
1246300,4,0,45,0,0,0
1246400,6,0,24,0,0,0
1246500,3,0,24,0,3,0
1246600,4,0,27,0,0,0
1246700,5,0,55,0,1,0
1246800,10,0,21,0,0,0
1246900,13,0,37,0,6,0
1247000,4,0,9,0,1,0
1247100,0,0,46,0,1,0
1247200,1,0,29,0,0,0
1247300,9,0,25,0,1,0
1247400,5,0,24,0,1,0
1247500,1,0,88,70,1,0
1247600,0,0,33,0,0,0
1247700,9,1,16,0,4,1
1247800,7,0,32,0,2,0
1247900,1,0,40,0,1,0
1248000,32,0,27,28,0,0
1248100,3,0,12,0,6,0
1248200,0,0,36,0,0,0
1248300,4,0,14,0,0,0
1248400,1,0,34,0,2,0
1248500,1,0,10,0,0,0
1248600,6,0,47,3,1,0
1248700,7,0,21,0,0,0
1248800,5,0,13,0,2,0
1248900,5,0,25,0,1,0
1249000,6,0,35,0,2,0
1249100,4,0,22,0,4,0
1249200,9,0,34,0,0,0
1249300,7,0,23,0,3,0
1249400,8,1,37,0,0,1
1249500,5,0,24,0,4,0
1249600,4,0,53,0,0,0
1249700,9,0,8,0,0,0
1249800,7,0,26,0,1,0
1249900,0,0,15,0,0,0
1250000,6,0,52,0,0,0
1250100,10,0,21,0,2,0
1250200,6,0,14,0,5,0
1250300,5,0,33,0,0,0
1250400,16,0,19,0,4,0
1250500,1,0,31,0,0,0
1250600,26,0,16,0,1,0
1250700,9,0,24,0,5,0
1250800,3,1,49,0,5,1
1250900,11,0,57,1,2,0
1251000,2,0,5,0,0,0
1251100,13,0,11,0,2,0
1251200,7,0,26,0,1,0
1251300,3,0,36,0,5,0
1251400,9,0,16,0,1,0
1251500,6,0,10,0,3,0
1251600,2,0,27,0,2,0
1251700,9,0,8,0,0,0
1251800,7,0,30,0,3,0
1251900,6,0,14,0,1,0
1252000,6,0,13,0,0,0
1252100,8,0,32,0,3,0
1252200,10,0,31,0,1,0
1252300,8,0,30,0,0,0
1252400,12,0,33,0,3,0
1252500,3,0,36,0,2,0
1252600,20,0,15,0,3,0
1252700,11,0,20,0,2,0
1252800,3,0,17,0,0,0
1252900,9,0,33,0,3,0
1253000,2,0,35,0,1,0
1253100,2,0,12,0,0,0
1253200,6,0,36,0,1,0
1253300,12,0,9,0,1,0
1253400,2,0,18,0,1,0
1253500,4,0,28,0,2,0
1253600,7,0,9,0,0,0
1253700,2,0,20,0,2,0
1253800,10,0,13,0,1,0
1253900,11,0,25,0,0,0
1254000,5,0,10,0,2,0
1254100,4,0,30,0,0,0
1254200,1,0,16,0,2,0
1254300,12,0,31,0,2,0
1254400,5,0,28,0,2,0
1254500,1,0,20,0,1,0
1254600,8,0,30,0,2,0
1254700,21,0,42,0,5,0
1254800,0,0,12,0,2,0
1254900,1,0,31,0,0,0
1255000,13,0,12,0,1,0
1255100,15,0,17,0,6,0
1255200,4,0,31,0,1,0
1255300,9,0,21,0,1,0
1255400,14,0,12,0,6,0
1255500,2,0,14,0,0,0
1255600,4,0,23,0,1,0
1255700,11,0,34,0,2,0
1255800,3,0,16,0,2,0
1255900,0,0,29,0,0,0
1256000,7,0,16,0,4,0
1256100,10,0,29,0,3,0
1256200,6,0,16,0,0,0
1256300,6,0,16,0,0,0
1256400,17,0,21,0,5,0
1256500,7,0,30,0,0,0
1256600,8,0,24,0,2,0
1256700,9,0,8,0,2,0
1256800,10,0,24,0,3,0
1256900,4,0,24,0,2,0
1257000,8,0,18,0,0,0
1257100,7,0,23,0,2,0
1257200,3,0,15,0,1,0
1257300,11,0,36,0,2,0
1257400,9,0,17,0,3,0
1257500,13,0,24,0,1,0
1257600,22,0,23,0,5,0
1257700,3,0,37,0,1,0
1257800,5,0,10,0,5,0
1257900,15,0,10,0,2,0
1258000,1,1,33,0,3,1
1258100,11,0,29,0,3,0
1258200,6,0,23,0,3,0
1258300,4,0,8,0,0,0
1258400,15,0,18,0,6,0
1258500,13,0,24,0,2,0
1258600,9,0,27,0,3,0
1258700,2,0,13,0,0,0
1258800,14,0,21,0,2,0
1258900,7,0,33,0,6,0
1259000,3,0,11,0,0,0
1259100,15,0,6,0,4,0
1259200,18,0,18,0,7,0
1259300,5,1,37,0,0,1
1259400,13,0,15,0,5,0
1259500,10,0,22,0,4,0
1259600,2,0,13,0,1,0
1259700,25,0,24,0,4,0
1259800,16,0,29,0,1,0
1259900,16,0,16,0,6,0
1260000,13,0,18,0,0,0
1260100,10,1,27,0,2,1
1260200,8,0,23,0,4,0
1260300,22,0,25,0,3,0
1260400,8,0,22,0,4,0
1260500,14,0,13,0,3,0
1260600,16,0,23,0,4,0
1260700,7,0,14,0,4,0
1260800,7,0,15,0,1,0
1260900,12,0,36,0,2,0
1261000,5,0,19,0,5,0
1261100,14,0,13,0,4,0
1261200,4,0,26,0,0,0
1261300,8,0,17,0,2,0
1261400,3,0,21,0,1,0
1261500,1,0,38,0,2,0
1261600,10,1,10,0,2,1
1261700,9,0,6,0,1,0
1261800,4,0,21,0,1,0
1261900,19,0,26,0,0,0
1262000,8,0,19,0,1,0
1262100,3,1,16,0,4,1
1262200,14,0,15,0,2,0
1262300,7,0,33,0,3,0
1262400,5,0,22,0,2,0
1262500,14,0,13,0,2,0
1262600,8,0,37,0,0,0
1262700,5,0,13,0,1,0
1262800,7,0,32,0,2,0
1262900,11,0,12,0,2,0
1263000,7,0,36,0,1,0
1263100,15,0,10,0,5,0
1263200,9,0,22,0,3,0
1263300,3,0,9,0,1,0
1263400,10,0,27,0,1,0
1263500,4,0,14,0,2,0
1263600,9,0,16,0,2,0
1263700,6,0,16,0,0,0
1263800,9,0,25,0,8,0
1263900,7,0,13,0,1,0
1264000,14,0,24,0,2,0
1264100,14,0,32,0,5,0
1264200,8,0,16,0,1,0
1264300,15,0,23,0,4,0
1264400,1,0,19,0,4,0
1264500,11,0,30,0,3,0
1264600,19,0,11,0,3,0
1264700,11,0,14,0,3,0
1264800,25,0,17,0,3,0
1264900,14,0,37,0,3,0
1265000,10,0,14,0,3,0
1265100,6,0,12,0,2,0
1265200,15,0,27,0,1,0
1265300,4,0,26,0,4,0
1265400,7,0,8,0,0,0
1265500,3,0,23,0,2,0
1265600,14,0,17,0,0,0
1265700,2,0,22,0,2,0
1265800,11,0,9,0,3,0
1265900,5,0,15,0,0,0
1266000,19,0,28,0,2,0
1266100,7,0,24,0,2,0
1266200,10,0,12,0,4,0
1266300,17,0,24,0,0,0
1266400,11,0,10,0,3,0
1266500,12,0,13,0,4,0
1266600,19,0,34,0,3,0
1266700,11,0,28,0,8,0
1266800,0,0,14,0,0,0
1266900,9,0,13,0,3,0
1267000,10,0,11,0,1,0
1267100,19,1,29,0,1,1
1267200,7,0,25,0,3,0
1267300,10,0,15,0,2,0
1267400,10,0,12,0,3,0
1267500,9,0,17,0,0,0
1267600,7,0,10,0,2,0
1267700,15,0,22,0,1,0
1267800,12,0,25,0,5,0
1267900,3,0,8,0,1,0
1268000,13,0,25,0,4,0
1268100,5,0,64,71,2,0
1268200,5,0,26,6,1,0
1268300,9,0,30,0,2,0
1268400,6,0,19,0,2,0
1268500,11,0,12,0,1,0
1268600,11,0,8,0,1,0
1268700,44,0,31,4,3,0
1268800,12,0,17,0,1,0
1268900,7,0,13,0,1,0
1269000,11,0,18,0,4,0
1269100,13,0,27,0,4,0
1269200,8,0,12,0,3,0
1269300,14,0,8,0,1,0
1269400,11,0,17,0,3,0
1269500,16,0,17,0,1,0
1269600,11,0,16,0,0,0
1269700,10,0,18,0,2,0
1269800,11,0,10,0,2,0
1269900,21,0,11,0,5,0
1270000,2,0,25,0,2,0
1270100,12,0,5,0,3,0
1270200,9,0,26,0,0,0
1270300,6,0,12,0,4,0
1270400,5,0,17,0,1,0
1270500,12,0,19,0,2,0
1270600,10,0,12,0,2,0
1270700,13,0,72,56,6,0
1270800,10,0,17,0,2,0
1270900,9,0,13,0,0,0
1271000,21,0,14,0,2,0
1271100,11,0,9,0,4,0
1271200,57,0,14,6,2,0
1271300,17,0,20,0,1,0
1271400,7,0,6,0,1,0
1271500,15,0,12,0,1,0
1271600,17,0,19,0,3,0
1271700,8,0,9,0,1,0
1271800,20,0,21,0,1,0
1271900,11,0,17,0,1,0
1272000,8,0,9,0,4,0
1272100,16,0,10,0,3,0
1272200,16,0,19,0,4,0
1272300,20,0,12,0,4,0
1272400,26,0,8,0,1,0
1272500,2,0,8,0,2,0
1272600,13,0,15,0,4,0
1272700,19,0,38,0,4,0
1272800,21,0,63,68,4,0
1272900,4,0,3,0,0,0
1273000,3,0,7,0,2,0
1273100,30,0,30,0,6,0
1273200,34,0,2,8,1,0
1273300,6,0,21,0,2,0
1273400,17,0,8,0,3,0
1273500,14,0,22,0,11,0
1273600,3,0,4,0,0,0
1273700,19,0,14,0,3,0
1273800,11,0,19,0,3,0
1273900,8,0,24,0,2,0
1274000,22,0,9,0,5,0
1274100,4,0,15,0,4,0
1274200,5,0,5,0,2,0
1274300,20,0,11,0,1,0
1274400,6,0,15,0,2,0
1274500,10,0,11,0,0,0
1274600,14,0,21,0,2,0
1274700,19,0,13,0,4,0
1274800,9,0,11,0,3,0
1274900,10,0,22,0,1,0
1275000,14,0,19,0,3,0
1275100,1,0,7,0,2,0
1275200,13,0,71,37,2,0
1275300,10,0,11,0,6,0
1275400,9,0,30,0,4,0
1275500,8,0,4,0,3,0
1275600,17,0,7,0,3,0
1275700,30,0,20,0,2,0
1275800,19,0,24,7,2,0
1275900,21,0,16,0,2,0
1276000,8,0,16,0,3,0
1276100,14,0,14,0,6,0
1276200,16,0,5,0,8,0
1276300,7,0,8,0,4,0
1276400,4,0,5,0,0,0
1276500,29,1,8,0,2,1
1276600,14,1,18,0,3,1
1276700,16,0,11,0,1,0
1276800,15,0,12,0,2,0
1276900,11,0,11,0,2,0
1277000,18,0,15,0,2,0
1277100,20,0,11,0,3,0
1277200,15,0,14,0,6,0
1277300,2,0,5,0,0,0
1277400,10,0,16,0,4,0
1277500,29,0,9,0,4,0
1277600,13,1,20,0,3,1
1277700,11,0,7,0,1,0
1277800,18,0,8,0,2,0
1277900,12,1,20,0,4,1
1278000,9,0,5,0,1,0
1278100,17,0,18,0,2,0
1278200,12,0,6,0,5,0
1278300,7,0,10,0,0,0
1278400,17,0,13,0,1,0
1278500,11,0,12,0,3,0
1278600,12,0,22,0,5,0
1278700,5,0,9,0,0,0
1278800,14,0,12,0,3,0
1278900,3,0,10,0,4,0
1279000,4,0,14,0,2,0
1279100,13,0,8,0,1,0
1279200,16,0,5,0,3,0
1279300,5,0,4,0,4,0
1279400,24,0,12,0,1,0
1279500,16,0,5,0,4,0
1279600,14,0,16,0,6,0
1279700,22,0,7,0,2,0
1279800,20,0,13,0,6,0
1279900,8,1,17,0,0,1
1280000,16,0,12,0,0,0
1280100,9,0,12,0,7,0
1280200,4,0,7,0,0,0
1280300,26,0,14,0,3,0
1280400,5,0,11,0,3,0
1280500,9,0,6,0,1,0
1280600,16,0,8,0,0,0
1280700,16,0,8,0,5,0
1280800,11,0,5,0,2,0
1280900,11,0,10,0,0,0
1281000,5,0,15,0,1,0
1281100,14,0,13,0,8,0
1281200,14,1,14,0,2,1
1281300,8,0,7,0,1,0
1281400,19,0,7,0,5,0
1281500,18,0,14,0,0,0
1281600,10,0,16,0,2,0
1281700,9,0,5,0,4,0
1281800,15,1,14,0,4,1
1281900,18,0,15,0,2,0
1282000,3,0,4,0,1,0
1282100,7,0,6,0,2,0
1282200,19,0,20,0,3,0
1282300,4,0,19,0,3,0
1282400,10,0,5,0,1,0
1282500,13,0,7,0,1,0
1282600,7,0,16,0,3,0
1282700,2,0,9,0,2,0
1282800,14,0,8,0,3,0
1282900,10,0,10,0,1,0
1283000,22,0,12,0,2,0
1283100,20,0,13,0,8,0
1283200,11,0,15,0,4,0
1283300,12,0,4,0,1,0
1283400,21,0,55,60,3,0
1283500,20,0,26,9,6,0
1283600,10,0,7,0,0,0
1283700,16,0,16,0,0,0
1283800,15,0,19,0,2,0
1283900,9,0,14,0,2,0
1284000,35,0,4,8,0,0
1284100,10,0,16,0,1,0
1284200,9,0,6,0,4,0
1284300,13,0,6,0,0,0
1284400,9,0,15,0,1,0
1284500,17,0,7,0,1,0
1284600,15,0,7,0,0,0
1284700,11,0,18,0,2,0
1284800,11,0,7,0,3,0
1284900,16,1,5,0,2,1
1285000,5,0,8,0,4,0
1285100,15,0,6,0,3,0
1285200,20,0,15,0,2,0
1285300,13,0,13,0,7,0
1285400,12,0,10,0,3,0
1285500,30,0,14,0,2,0
1285600,17,2,21,0,8,2
1285700,3,0,2,0,0,0
1285800,9,0,7,0,1,0
1285900,12,0,9,0,0,0
1286000,7,0,13,0,4,0
1286100,8,0,7,0,1,0
1286200,9,0,8,0,3,0
1286300,14,0,5,0,2,0
1286400,10,0,11,0,3,0
1286500,8,0,6,0,1,0
1286600,12,0,7,0,0,0
1286700,12,0,20,0,1,0
1286800,7,0,14,0,2,0
1286900,11,0,8,0,1,0
1287000,8,0,9,0,3,0
1287100,16,0,8,0,1,0
1287200,17,0,7,0,2,0
1287300,8,0,15,0,3,0
1287400,4,0,5,0,1,0
1287500,24,0,14,0,3,0
1287600,13,0,12,0,4,0
1287700,9,0,4,0,0,0
1287800,12,0,8,0,1,0
1287900,14,0,15,0,3,0
1288000,10,0,12,0,3,0
1288100,15,0,5,0,3,0
1288200,12,0,5,0,2,0
1288300,14,0,14,0,5,0
1288400,10,0,14,0,6,0
1288500,9,0,11,0,2,0
1288600,5,0,43,20,2,0
1288700,18,0,40,39,1,0
1288800,12,0,9,0,3,0
1288900,7,0,4,0,2,0
1289000,15,0,72,66,4,0
1289100,7,0,12,0,0,0
1289200,34,0,14,6,1,0
1289300,17,0,13,0,2,0
1289400,7,0,10,0,2,0
1289500,47,0,9,3,2,0
1289600,10,0,3,0,1,0
1289700,17,0,16,0,1,0
1289800,14,0,10,0,2,0
1289900,4,0,7,0,1,0
1290000,7,0,11,0,2,0
1290100,11,0,3,0,3,0
1290200,14,0,12,0,3,0
1290300,4,0,7,0,2,0
1290400,13,0,10,0,3,0
1290500,5,0,3,0,0,0
1290600,15,0,7,0,2,0
1290700,16,0,9,0,3,0
1290800,17,0,14,0,4,0
1290900,14,0,8,0,2,0
1291000,12,0,16,0,1,0
1291100,7,0,8,0,3,0
1291200,13,0,8,0,3,0
1291300,5,1,7,0,3,1
1291400,5,0,5,0,4,0
1291500,8,0,6,0,3,0
1291600,4,0,13,0,2,0
1291700,3,0,5,0,0,0
1291800,15,0,9,0,1,0
1291900,7,0,8,0,2,0
1292000,13,0,7,0,3,0
1292100,11,0,8,0,3,0
1292200,10,0,8,0,3,0
1292300,4,0,10,0,1,0
1292400,7,0,17,0,1,0
1292500,14,0,9,0,1,0
1292600,10,0,14,0,2,0
1292700,5,0,4,0,0,0
1292800,27,0,6,0,3,0
1292900,7,0,12,0,3,0
1293000,3,0,6,0,1,0
1293100,7,0,7,0,2,0
1293200,6,0,19,0,1,0
1293300,3,0,3,0,2,0
1293400,2,0,6,0,0,0
1293500,15,0,12,0,3,0
1293600,6,0,6,0,0,0
1293700,4,0,11,0,2,0
1293800,3,0,4,0,1,0
1293900,17,0,17,0,0,0
1294000,3,0,1,0,0,0
1294100,17,0,14,0,0,0
1294200,19,0,21,0,1,0
1294300,3,0,8,0,1,0
1294400,12,0,4,0,1,0
1294500,18,0,12,0,2,0
1294600,16,0,12,0,1,0
1294700,3,0,33,8,2,0
1294800,12,0,47,62,3,0
1294900,7,0,5,0,3,0
1295000,3,0,3,0,2,0
1295100,6,0,3,0,0,0
1295200,12,0,13,0,2,0
1295300,39,0,17,9,0,0
1295400,16,0,7,0,4,0
1295500,11,0,3,0,2,0
1295600,3,0,4,0,2,0
1295700,26,0,15,0,3,0
1295800,8,0,11,0,2,0
1295900,4,0,10,0,1,0
1296000,20,0,8,0,5,0
1296100,4,0,6,0,3,0
1296200,10,0,6,0,0,0
1296300,18,0,9,0,5,0
1296400,15,0,5,0,1,0
1296500,9,0,9,0,1,0
1296600,9,0,7,0,1,0
1296700,10,0,10,0,0,0
1296800,6,0,10,0,1,0
1296900,8,0,5,0,2,0
1297000,13,0,7,0,1,0
1297100,7,0,49,50,1,0
1297200,8,0,24,17,1,0
1297300,14,0,14,0,3,0
1297400,3,0,14,0,6,0
1297500,5,0,5,0,0,0
1297600,38,0,4,8,1,0
1297700,18,0,10,0,3,0
1297800,6,0,16,0,1,0
1297900,15,0,3,0,1,0
1298000,8,0,7,0,1,0
1298100,14,0,8,0,5,0
1298200,13,0,2,0,3,0
1298300,13,0,10,0,2,0
1298400,3,0,11,0,2,0
1298500,0,0,4,0,2,0
1298600,9,0,6,0,1,0
1298700,24,0,15,0,1,0
1298800,7,0,6,0,0,0
1298900,11,0,2,0,1,0
1299000,14,0,6,0,1,0
1299100,18,0,10,0,6,0
1299200,3,0,4,0,1,0
1299300,6,0,7,0,1,0
1299400,18,0,9,0,0,0
1299500,8,0,9,0,2,0
1299600,7,0,7,0,4,0
1299700,11,0,4,0,0,0
1299800,3,0,7,0,3,0
1299900,3,0,63,58,4,0
1300000,7,0,11,0,4,0
1300100,7,0,67,67,2,0
1300200,8,0,6,0,2,0
1300300,1,0,5,0,0,0
1300400,38,0,10,5,2,0
1300500,7,0,1,0,1,0
1300600,28,0,10,0,0,0
1300700,18,0,12,6,3,0
1300800,4,0,12,0,0,0
1300900,12,0,62,53,1,0
1301000,10,0,3,0,3,0
1301100,7,0,13,0,1,0
1301200,11,0,3,0,1,0
1301300,8,0,4,0,2,0
1301400,38,0,70,131,0,0
1301500,9,0,8,0,2,0
1301600,6,0,3,0,0,0
1301700,10,0,13,0,4,0
1301800,2,0,7,0,2,0
1301900,38,0,10,17,1,0
1302000,11,0,4,0,2,0
1302100,4,0,8,0,1,0
1302200,0,0,5,0,0,0
1302300,4,0,3,0,0,0
1302400,6,0,8,0,3,0
1302500,1,0,4,0,1,0
1302600,0,0,2,0,0,0
1302700,15,0,7,0,1,0
1302800,2,0,8,0,1,0
1302900,5,0,3,0,1,0
1303000,11,0,7,0,0,0
1303100,6,0,20,0,0,0
1303200,11,0,4,0,2,0
1303300,2,0,3,0,1,0
1303400,7,0,5,0,1,0
1303500,10,0,3,0,0,0
1303600,4,0,16,0,2,0
1303700,4,0,69,61,0,0
1303800,4,0,3,0,1,0
1303900,12,0,4,0,3,0
1304000,10,0,8,0,2,0
1304100,3,0,5,0,0,0
1304200,27,0,3,0,1,0
1304300,25,0,11,13,5,0
1304400,3,0,6,0,2,0
1304500,1,0,3,0,0,0
1304600,2,0,2,0,0,0
1304700,4,0,6,0,4,0
1304800,1,0,3,0,0,0
1304900,8,0,7,0,0,0
1305000,6,0,12,0,1,0
1305100,9,0,2,0,1,0
1305200,2,0,2,0,2,0
1305300,11,0,8,0,1,0
1305400,24,0,11,0,2,0
1305500,1,0,8,0,2,0
1305600,1,0,3,0,0,0
1305700,3,0,5,0,4,0
1305800,10,0,7,0,1,0
1305900,0,0,57,54,0,0
1306000,3,0,13,1,0,0
1306100,6,0,4,0,2,0
1306200,3,0,9,0,1,0
1306300,2,0,3,0,0,0
1306400,35,0,7,2,1,0
1306500,13,0,1,0,2,0
1306600,5,0,7,0,1,0
1306700,9,0,6,0,3,0
1306800,9,0,2,0,1,0
1306900,0,0,15,0,4,0
1307000,10,0,5,0,2,0
1307100,9,0,3,0,1,0
1307200,3,0,2,0,1,0
1307300,6,0,6,0,0,0
1307400,8,0,7,0,0,0
1307500,6,0,6,0,1,0
1307600,8,0,9,0,3,0
1307700,4,0,2,0,0,0
1307800,7,0,2,0,1,0
1307900,16,0,12,0,1,0
1308000,4,0,3,0,1,0
1308100,4,0,2,0,1,0
1308200,6,0,5,0,2,0
1308300,14,0,8,0,2,0
1308400,2,0,13,0,0,0
1308500,4,0,3,0,1,0
1308600,7,0,4,0,3,0
1308700,7,0,6,0,0,0
1308800,5,0,4,0,0,0
1308900,3,0,7,0,1,0
1309000,4,0,10,0,2,0
1309100,5,0,2,0,3,0
1309200,7,0,4,0,0,0
1309300,10,0,6,0,0,0
1309400,6,0,2,0,1,0
1309500,6,0,74,79,0,0
1309600,14,0,8,0,6,0
1309700,2,0,3,0,0,0
1309800,5,0,1,0,1,0
1309900,6,0,1,0,2,0
1310000,33,0,16,1,0,0
1310100,2,0,2,0,0,0
1310200,6,0,3,0,0,0
1310300,2,0,4,0,0,0
1310400,14,0,5,0,2,0
1310500,5,0,7,0,1,0
1310600,5,0,4,0,1,0
1310700,9,0,1,0,1,0
1310800,9,0,11,0,1,0
1310900,4,0,7,0,2,0
1311000,0,0,1,0,0,0
1311100,5,0,8,0,0,0
1311200,16,0,6,0,1,0
1311300,3,0,4,0,1,0
1311400,12,0,1,0,3,0
1311500,4,0,3,0,2,0
1311600,6,0,4,0,3,0
1311700,9,0,0,0,1,0
1311800,7,0,13,0,1,0
1311900,2,0,2,0,1,0
1312000,3,0,2,0,1,0
1312100,15,0,10,0,1,0
1312200,4,0,5,0,4,0
1312300,4,0,2,0,0,0
1312400,5,0,3,0,2,0
1312500,10,0,11,0,1,0
1312600,5,0,5,0,1,0
1312700,9,0,1,0,0,0
1312800,7,0,10,0,0,0
1312900,6,0,4,0,0,0
1313000,13,0,10,0,3,0
1313100,2,0,3,0,1,0
1313200,3,0,4,0,1,0
1313300,2,0,2,0,2,0
1313400,7,0,6,0,1,0
1313500,4,0,14,0,1,0
1313600,1,0,4,0,1,0
1313700,9,0,3,0,1,0
1313800,11,0,5,0,3,0
1313900,1,0,5,0,0,0
1314000,6,0,2,0,2,0
1314100,5,0,7,0,0,0
1314200,4,0,6,0,1,0
1314300,5,0,4,0,2,0
1314400,9,0,7,0,0,0
1314500,6,0,0,0,1,0
1314600,3,0,3,0,0,0
1314700,11,0,6,0,3,0
1314800,11,0,3,0,0,0
1314900,7,0,9,0,0,0
1315000,4,0,4,0,1,0
1315100,9,0,6,0,2,0
1315200,8,0,10,0,2,0
1315300,4,0,2,0,1,0
1315400,7,0,4,0,1,0
1315500,13,0,21,0,2,0
1315600,6,0,1,0,0,0
1315700,1,0,7,0,1,0
1315800,0,0,2,0,0,0
1315900,7,0,3,0,0,0
1316000,11,0,11,0,1,0
1316100,2,0,2,0,0,0
1316200,9,0,2,0,3,0
1316300,4,0,3,0,1,0
1316400,0,0,3,0,2,0
1316500,4,0,6,0,2,0
1316600,4,0,2,0,0,0
1316700,8,0,2,0,1,0
1316800,2,0,5,0,0,0
1316900,9,0,3,0,1,0
1317000,7,0,9,0,1,0
1317100,2,0,4,0,0,0
1317200,5,0,1,0,0,0
1317300,9,0,11,0,2,0
1317400,3,0,7,0,0,0
1317500,7,0,2,0,0,0
1317600,2,0,4,0,2,0
1317700,3,0,2,0,0,0
1317800,15,0,9,0,1,0
1317900,4,0,3,0,2,0
1318000,10,0,3,0,0,0
1318100,0,0,6,0,0,0
1318200,7,0,8,0,2,0
1318300,6,0,5,0,0,0
1318400,1,0,2,0,1,0
1318500,11,0,4,0,0,0
1318600,12,0,5,0,3,0
1318700,5,0,11,0,1,0
1318800,1,0,1,0,0,0
1318900,7,0,3,0,2,0
1319000,5,0,8,0,2,0
1319100,7,0,0,0,3,0
1319200,3,0,0,0,2,0
1319300,4,0,10,0,1,0
1319400,1,0,3,0,2,0
1319500,2,0,10,0,1,0
1319600,7,0,3,0,2,0
1319700,4,0,15,0,1,0
1319800,5,0,60,55,0,0
1319900,9,0,64,59,1,0
1320000,2,0,5,0,2,0
1320100,2,0,1,0,1,0
1320200,6,0,3,0,1,0
1320300,67,0,2,7,1,0
1320400,3,0,9,9,2,0
1320500,2,0,0,0,1,0
1320600,3,0,3,0,1,0
1320700,5,0,4,0,1,0
1320800,7,0,5,0,4,0
1320900,3,0,2,0,1,0
1321000,4,0,5,0,0,0
1321100,3,0,1,0,0,0
1321200,5,0,6,0,0,0
1321300,5,0,2,0,1,0
1321400,3,0,5,0,1,0
1321500,10,0,2,0,0,0
1321600,9,0,8,0,1,0
1321700,5,0,2,0,0,0
1321800,2,0,4,0,0,0
1321900,5,0,1,0,1,0
1322000,8,0,5,0,0,0
1322100,3,0,8,0,1,0
1322200,0,0,0,0,1,0
1322300,1,0,2,0,0,0
1322400,6,0,3,0,1,0
1322500,6,0,2,0,1,0
1322600,11,0,4,0,0,0
1322700,0,0,12,0,0,0
1322800,3,0,3,0,4,0
1322900,4,0,0,0,0,0
1323000,4,0,4,0,1,0
1323100,8,0,1,0,1,0
1323200,9,0,2,0,1,0
1323300,9,0,6,0,1,0
1323400,1,0,1,0,2,0
1323500,7,0,3,0,3,0
1323600,3,0,1,0,0,0
1323700,8,0,6,0,0,0
1323800,1,0,6,0,0,0
1323900,4,0,5,0,1,0
1324000,9,0,8,0,0,0
1324100,0,0,5,0,2,0
1324200,4,0,2,0,1,0
1324300,1,0,2,0,1,0
1324400,5,0,3,0,1,0
1324500,10,0,5,0,0,0
1324600,2,0,6,0,0,0
1324700,0,0,2,0,0,0
1324800,5,0,4,0,1,0
1324900,4,0,6,0,2,0
1325000,1,0,2,0,0,0
1325100,1,0,1,0,0,0
1325200,9,0,7,0,0,0
1325300,6,0,1,0,1,0
1325400,1,0,5,0,0,0
1325500,3,0,1,0,1,0
1325600,6,0,5,0,1,0
1325700,3,0,5,0,0,0
1325800,6,0,6,0,2,0
1325900,0,0,1,0,0,0
1326000,6,0,2,0,1,0
1326100,7,0,65,68,1,0
1326200,8,0,3,0,0,0
1326300,3,0,4,0,1,0
1326400,4,0,4,0,2,0
1326500,4,0,4,0,2,0
1326600,41,0,2,5,0,0
1326700,5,0,4,0,2,0
1326800,12,0,6,0,0,0
1326900,3,0,7,0,0,0
1327000,3,7,10,8,25,7
1327100,2,0,4,0,0,0
1327200,2,0,0,0,0,0
1327300,8,0,5,0,2,0
1327400,3,0,8,0,0,0
1327500,0,55,96,143,17,55
1327600,0,71,79,134,21,71
1327700,5,44,50,200,10,44
1327800,12,28,29,168,10,28
1327900,5,3,8,0,1,3
1328000,3,0,2,0,0,0
1328100,0,0,0,0,0,0
1328200,2,0,31,0,0,0
1328300,4,0,78,37,2,0
1328400,1,0,80,12,3,0
1328500,1,0,24,32,0,0
1328600,0,0,4,0,0,0
1328700,2,0,2,0,1,0
1328800,1,12,36,0,11,12
1328900,0,20,17,0,2,20
1329000,0,25,10,0,6,25
1329100,25,4,7,0,3,4
1329200,72,0,11,0,9,0
1329300,43,0,14,0,9,0
1329400,2,0,0,0,0,0
1329500,7,0,4,0,1,0
1329600,27,0,15,0,5,0
1329700,32,3,19,0,6,3
1329800,5,0,6,0,1,0
1329900,14,0,4,0,3,0
1330000,26,0,4,0,3,0
1330100,1,0,15,0,2,0
1330200,16,0,2,0,1,0
1330300,37,0,33,0,7,0
1330400,13,1,8,0,1,1
1330500,8,0,7,0,0,0
1330600,5,0,17,0,2,0
1330700,22,0,36,0,7,0
1330800,40,0,39,0,4,0
1330900,14,1,19,0,4,1
1331000,0,0,5,0,0,0
1331100,36,0,27,0,5,0
1331200,23,0,88,101,1,0
1331300,27,1,36,0,7,1
1331400,0,0,3,0,0,0
1331500,56,1,22,0,9,1
1331600,51,0,23,0,6,0
1331700,32,0,13,32,0,0
1331800,30,0,2,0,1,0
1331900,31,0,8,0,2,0
1332000,22,1,64,0,8,1
1332100,16,0,14,0,7,0
1332200,17,1,78,77,0,1
1332300,1,0,2,0,1,0
1332400,47,1,71,4,3,1
1332500,21,0,14,0,3,0
1332600,0,0,2,0,0,0
1332700,57,0,2,7,3,0
1332800,32,0,11,5,3,0
1332900,0,0,5,0,0,0
1333000,39,3,61,10,7,3
1333100,4,0,3,0,0,0
1333200,38,8,58,48,32,8
1333300,7,0,10,0,0,0
1333400,7,0,7,0,3,0
1333500,27,0,21,0,5,0
1333600,22,25,67,10,10,25
1333700,0,72,85,135,15,72
1333800,9,33,82,155,9,33
1333900,0,12,24,227,2,12
1334000,6,7,63,199,0,7
1334100,5,9,65,142,4,9
1334200,3,14,60,162,6,14
1334300,3,34,15,1,4,34
1334400,8,0,28,0,3,0
1334500,12,0,82,107,6,0
1334600,0,1,50,0,0,1
1334700,9,1,50,12,0,1
1334800,7,0,61,37,4,0
1334900,2,0,44,6,0,0
1335000,2,0,87,51,0,0
1335100,30,0,59,43,3,0
1335200,8,1,8,0,2,1
1335300,12,3,38,0,2,3
1335400,10,2,84,55,7,2
1335500,17,1,36,40,8,1
1335600,9,1,34,0,3,1
1335700,43,7,56,11,18,7
1335800,11,2,74,6,1,2
1335900,19,2,45,0,3,2
1336000,15,1,86,83,2,1
1336100,4,0,68,3,2,0
1336200,1,0,19,0,1,0
1336300,21,0,35,0,3,0
1336400,15,1,22,0,4,1
1336500,39,2,55,7,5,2
1336600,15,0,51,25,5,0
1336700,11,0,25,0,2,0
1336800,21,0,24,0,1,0
1336900,17,0,29,0,1,0
1337000,12,0,81,23,1,0
1337100,13,0,56,7,6,0
1337200,10,0,31,0,0,0
1337300,11,2,17,0,4,2
1337400,17,0,91,124,3,0
1337500,25,1,92,87,8,1
1337600,5,0,91,128,4,0
1337700,0,0,2,0,0,0
1337800,0,0,6,0,0,0
1337900,20,0,48,6,1,0
1338000,14,0,90,111,3,0
1338100,28,2,89,120,11,2
1338200,40,9,74,95,5,9
1338300,7,3,34,0,5,3
1338400,14,1,53,33,2,1
1338500,5,1,76,99,6,1
1338600,7,1,26,0,1,1
1338700,26,4,83,60,8,4
1338800,8,1,44,8,3,1
1338900,36,0,21,0,2,0
1339000,0,0,32,0,1,0
1339100,2,0,59,38,1,0
1339200,14,0,86,107,0,0
1339300,20,3,88,46,4,3
1339400,0,0,6,0,0,0
1339500,18,1,58,0,8,1
1339600,11,2,23,0,4,2
1339700,30,4,109,102,4,4
1339800,13,1,96,157,4,1
1339900,5,0,56,2,4,0
1340000,0,0,75,22,0,0
1340100,14,0,52,2,2,0
1340200,11,0,90,110,4,0
1340300,18,3,91,87,9,3
1340400,12,5,50,62,6,5
1340500,8,3,48,41,2,3
1340600,12,2,50,5,11,2
1340700,12,0,70,42,5,0
1340800,10,2,92,104,8,2
1340900,1,1,53,55,2,1
1341000,16,3,84,53,7,3
1341100,9,2,44,7,3,2
1341200,18,2,73,10,10,2
1341300,12,3,77,47,2,3
1341400,8,0,40,4,5,0
1341500,5,0,86,32,2,0
1341600,3,0,85,59,4,0
1341700,5,0,20,0,4,0
1341800,9,1,94,118,9,1
1341900,11,3,28,3,4,3
1342000,4,1,75,41,2,1
1342100,13,1,77,45,8,1
1342200,14,2,49,43,6,2
1342300,0,0,11,0,0,0
1342400,10,1,46,0,2,1
1342500,17,2,32,0,12,2
1342600,8,0,99,31,4,0
1342700,0,0,76,23,0,0
1342800,7,0,68,4,1,0
1342900,0,0,49,30,0,0
1343000,5,0,57,15,1,0
1343100,8,3,83,28,6,3
1343200,4,2,46,3,4,2
1343300,13,11,58,0,6,11
1343400,10,1,38,0,7,1
1343500,7,1,110,90,2,1
1343600,0,0,58,43,0,0
1343700,11,4,42,24,3,4
1343800,9,1,53,10,11,1
1343900,8,3,62,78,1,3
1344000,6,0,25,0,4,0
1344100,9,2,44,0,7,2
1344200,0,0,55,15,0,0
1344300,8,0,35,4,3,0
1344400,4,0,62,71,2,0
1344500,3,0,29,0,0,0
1344600,0,0,1,0,0,0
1344700,9,0,45,0,5,0
1344800,19,1,71,28,2,1
1344900,10,2,56,25,5,2
1345000,11,0,87,92,1,0
1345100,0,0,7,0,0,0
1345200,4,0,68,31,3,0
1345300,4,1,95,178,5,1
1345400,12,5,95,83,5,5
1345500,3,0,56,28,2,0
1345600,0,0,28,0,0,0
1345700,9,3,46,0,7,3
1345800,5,1,82,48,3,1
1345900,9,3,93,34,5,3
1346000,3,2,47,26,2,2
1346100,5,0,21,0,2,0
1346200,6,0,52,26,1,0
1346300,17,1,61,13,6,1
1346400,8,1,67,60,7,1
1346500,2,0,5,0,0,0
1346600,2,0,12,0,2,0
1346700,7,0,58,0,5,0
1346800,5,1,93,43,3,1
1346900,2,0,30,7,0,0
1347000,20,0,57,29,1,0
1347100,8,0,33,0,2,0
1347200,6,1,68,9,3,1
1347300,4,1,83,6,4,1
1347400,7,2,68,56,8,2
1347500,3,1,45,2,3,1
1347600,2,1,25,0,2,1
1347700,13,0,43,0,7,0
1347800,6,2,111,110,2,2
1347900,5,0,82,3,3,0
1348000,1,0,32,0,0,0
1348100,5,0,42,0,1,0
1348200,8,0,60,14,4,0
1348300,16,6,85,50,7,6
1348400,1,3,40,23,2,3
1348500,2,0,36,0,0,0
1348600,13,1,51,35,4,1
1348700,2,0,85,49,0,0
1348800,0,0,67,43,2,0
1348900,4,0,75,35,4,0
1349000,5,1,70,30,3,1
1349100,2,0,38,12,2,0
1349200,12,4,92,118,8,4
1349300,4,4,96,43,4,4
1349400,1,4,11,4,1,4
1349500,7,0,33,0,3,0
1349600,8,0,78,11,0,0
1349700,10,0,101,76,4,0
1349800,0,0,6,0,0,0
1349900,1,0,70,26,1,0
1350000,23,0,75,31,9,0
1350100,3,0,55,19,4,0
1350200,1,1,44,0,3,1
1350300,5,2,43,0,7,2
1350400,3,2,59,3,4,2
1350500,4,1,52,7,3,1
1350600,4,0,43,0,1,0
1350700,3,0,57,37,3,0
1350800,5,0,37,0,4,0
1350900,1,0,62,31,2,0
1351000,4,0,47,8,3,0
1351100,5,1,101,115,3,1
1351200,6,1,55,8,1,1
1351300,7,3,61,6,4,3
1351400,0,0,27,0,1,0
1351500,11,0,15,0,0,0
1351600,12,0,97,97,1,0
1351700,22,0,42,40,3,0
1351800,3,0,45,1,4,0
1351900,4,0,14,0,4,0
1352000,6,0,81,16,3,0
1352100,3,2,69,0,3,2
1352200,1,0,34,0,0,0
1352300,0,0,5,0,1,0
1352400,9,0,57,0,3,0
1352500,3,0,35,0,3,0
1352600,0,0,12,0,1,0
1352700,7,0,55,0,6,0
1352800,0,0,31,0,0,0
1352900,21,0,49,12,4,0
1353000,0,0,55,6,0,0
1353100,2,2,39,5,1,2
1353200,3,0,22,0,1,0
1353300,6,0,39,13,7,0
1353400,18,0,52,0,4,0
1353500,5,0,47,40,7,0
1353600,12,0,58,18,1,0
1353700,2,0,41,0,0,0
1353800,5,1,72,6,6,1
1353900,3,0,64,47,1,0
1354000,9,1,82,57,8,1
1354100,0,0,18,0,0,0
1354200,0,0,32,0,0,0
1354300,9,0,88,67,8,0
1354400,3,0,28,0,1,0
1354500,4,0,48,0,4,0
1354600,1,0,10,0,1,0
1354700,6,2,41,0,9,2
1354800,7,1,29,0,5,1
1354900,0,0,10,0,0,0
1355000,32,0,46,6,2,0
1355100,0,0,29,0,0,0
1355200,1,0,29,0,1,0
1355300,2,0,20,0,1,0
1355400,8,0,90,48,7,0
1355500,1,0,86,39,4,0
1355600,1,0,19,0,0,0
1355700,12,0,16,0,1,0
1355800,3,0,32,0,1,0
1355900,3,1,70,8,4,1
1356000,1,1,34,7,1,1
1356100,2,0,40,0,2,0
1356200,7,0,42,0,0,0
1356300,10,0,38,0,1,0
1356400,15,0,39,0,4,0
1356500,9,0,37,0,1,0
1356600,1,0,24,0,3,0
1356700,7,2,46,0,5,2
1356800,4,0,31,6,7,0
1356900,11,0,74,64,7,0
1357000,0,0,58,25,0,0
1357100,0,0,7,0,0,0
1357200,23,0,52,0,4,0
1357300,6,0,45,0,3,0
1357400,1,1,73,10,5,1
1357500,11,0,26,0,2,0
1357600,5,2,35,0,4,2
1357700,10,0,36,0,2,0
1357800,12,0,35,0,2,0
1357900,1,0,29,3,0,0
1358000,7,0,37,0,2,0
1358100,0,0,31,0,1,0
1358200,5,0,60,28,7,0
1358300,3,0,53,27,3,0
1358400,0,1,22,0,2,1
1358500,22,0,55,0,1,0
1358600,8,0,18,0,1,0
1358700,5,0,32,0,2,0
1358800,0,0,24,0,0,0
1358900,2,0,19,0,3,0
1359000,23,0,60,36,6,0
1359100,0,0,32,0,0,0
1359200,1,0,16,0,2,0
1359300,2,0,54,0,0,0
1359400,6,0,50,0,4,0
1359500,1,0,17,0,0,0
1359600,1,0,15,0,0,0
1359700,1,0,21,0,1,0
1359800,25,0,78,13,7,0
1359900,3,0,46,3,0,0
1360000,3,0,20,0,2,0
1360100,2,0,24,0,0,0
1360200,4,0,17,0,1,0
1360300,7,2,104,52,8,2
1360400,1,0,2,0,1,0
1360500,1,0,53,0,1,0
1360600,8,0,39,0,0,0
1360700,3,0,37,0,0,0
1360800,0,0,8,0,1,0
1360900,8,0,48,0,0,0
1361000,5,0,38,0,4,0
1361100,3,1,33,0,7,1
1361200,14,0,30,0,3,0
1361300,14,0,33,0,3,0
1361400,3,0,6,0,1,0
1361500,11,0,11,0,3,0
1361600,1,0,47,0,5,0
1361700,3,0,73,41,6,0
1361800,1,0,53,16,2,0
1361900,1,0,23,0,0,0
1362000,15,1,64,0,4,1
1362100,5,0,21,0,1,0
1362200,1,1,38,7,2,1
1362300,4,0,17,0,0,0
1362400,32,0,67,0,1,0
1362500,2,0,15,0,2,0
1362600,2,0,36,0,0,0
1362700,10,0,8,0,1,0
1362800,5,0,57,0,6,0
1362900,21,1,25,0,1,1
1363000,3,0,28,0,5,0
1363100,1,0,12,0,4,0
1363200,15,0,42,0,1,0
1363300,15,0,39,0,3,0
1363400,0,0,18,0,0,0
1363500,7,0,25,0,2,0
1363600,6,0,98,117,0,0
1363700,7,0,98,120,2,0
1363800,0,2,27,5,0,2
1363900,4,0,10,0,1,0
1364000,16,0,37,0,3,0
1364100,32,0,32,45,0,0
1364200,7,0,68,75,4,0
1364300,0,0,17,0,1,0
1364400,0,0,9,0,1,0
1364500,1,0,45,21,0,0
1364600,14,1,44,0,3,1
1364700,0,0,3,0,0,0
1364800,1,0,24,0,1,0
1364900,14,0,23,0,5,0
1365000,17,0,33,0,3,0
1365100,2,0,17,0,1,0
1365200,1,0,3,0,0,0
1365300,1,0,48,24,6,0
1365400,4,0,99,189,1,0
1365500,3,1,56,45,1,1
1365600,2,0,11,0,1,0
1365700,22,0,42,0,2,0
1365800,3,0,61,0,2,0
1365900,33,0,54,69,2,0
1366000,2,0,4,0,0,0
1366100,8,0,44,0,9,0
1366200,14,0,17,0,3,0
1366300,4,0,44,0,0,0
1366400,20,0,28,0,2,0
1366500,13,0,4,0,1,0
1366600,2,0,11,0,1,0
1366700,2,0,45,0,2,0
1366800,5,0,40,0,2,0
1366900,6,1,54,0,8,1
1367000,0,0,4,0,0,0
1367100,21,0,18,0,6,0
1367200,12,0,47,12,2,0
1367300,13,0,30,0,5,0
1367400,0,0,2,0,0,0
1367500,3,0,35,0,7,0
1367600,4,2,60,0,2,2
1367700,2,0,64,0,1,0
1367800,1,0,3,0,1,0
1367900,1,0,11,0,1,0
1368000,5,0,47,3,3,0
1368100,20,0,38,0,5,0
1368200,0,0,17,0,0,0
1368300,13,0,11,0,3,0
1368400,2,0,23,0,0,0
1368500,2,1,20,0,3,1
1368600,4,0,17,0,0,0
1368700,1,0,36,0,2,0
1368800,0,0,56,0,0,0
1368900,18,0,21,0,1,0
1369000,0,0,7,0,0,0
1369100,1,0,46,0,2,0
1369200,3,0,29,0,3,0
1369300,1,0,50,6,2,0
1369400,1,0,35,0,0,0
1369500,12,0,29,0,3,0
1369600,0,0,37,0,1,0
1369700,3,0,45,0,0,0
1369800,3,2,35,0,1,2
1369900,4,0,13,0,3,0
1370000,3,0,65,0,2,0
1370100,14,0,9,0,0,0
1370200,1,0,22,0,0,0
1370300,0,0,11,0,2,0
1370400,1,0,41,0,2,0
1370500,2,0,39,0,2,0
1370600,0,0,16,0,0,0
1370700,21,0,32,0,1,0
1370800,30,0,44,0,3,0
1370900,4,0,39,0,5,0
1371000,3,0,37,0,0,0
1371100,16,0,25,0,0,0
1371200,5,0,73,42,2,0
1371300,6,2,49,0,2,2
1371400,1,1,24,0,0,1
1371500,14,0,13,0,2,0
1371600,3,1,42,0,2,1
1371700,12,1,22,0,1,1
1371800,0,0,11,0,1,0
1371900,20,0,18,0,2,0
1372000,2,0,28,0,2,0
1372100,10,0,28,0,1,0
1372200,2,0,18,0,0,0
1372300,8,0,32,0,0,0
1372400,10,0,21,0,3,0
1372500,6,0,26,0,2,0
1372600,10,1,43,0,2,1
1372700,3,0,32,1,0,0
1372800,0,0,33,0,1,0
1372900,15,0,51,14,5,0
1373000,10,0,24,0,2,0
1373100,2,0,48,0,1,0
1373200,8,0,35,0,2,0
1373300,27,0,14,0,3,0
1373400,5,0,23,0,4,0
1373500,1,0,34,0,0,0
1373600,8,0,17,0,0,0
1373700,4,0,35,0,4,0
1373800,12,0,28,0,8,0
1373900,3,0,15,0,2,0
1374000,0,0,5,0,2,0
1374100,22,0,37,0,8,0
1374200,15,0,21,3,4,0
1374300,8,0,7,0,1,0
1374400,0,0,18,0,1,0
1374500,0,0,32,0,0,0
1374600,26,0,45,0,8,0
1374700,1,0,29,0,2,0
1374800,13,0,3,0,2,0
1374900,7,0,49,1,1,0
1375000,9,1,18,0,5,1
1375100,1,0,40,0,1,0
1375200,8,0,39,9,3,0
1375300,2,0,47,1,2,0
1375400,12,0,10,0,2,0
1375500,2,0,18,0,0,0
1375600,1,0,4,0,0,0
1375700,8,0,19,0,4,0
1375800,4,0,45,0,0,0
1375900,3,0,15,0,0,0
1376000,5,0,18,0,1,0
1376100,5,0,62,35,0,0
1376200,4,0,66,33,2,0
1376300,15,1,44,58,5,1
1376400,1,0,27,0,1,0
1376500,2,0,5,0,0,0
1376600,0,0,5,0,0,0
1376700,45,0,40,15,3,0
1376800,37,0,33,6,2,0
1376900,10,0,39,0,1,0
1377000,20,0,17,0,0,0
1377100,4,0,56,1,7,0
1377200,1,0,1,0,0,0
1377300,4,0,58,0,1,0
1377400,7,0,14,0,4,0
1377500,19,0,18,0,3,0
1377600,2,0,44,0,0,0
1377700,12,0,15,0,3,0
1377800,14,0,32,0,1,0
1377900,13,0,16,0,3,0
1378000,3,0,25,0,1,0
1378100,17,0,29,0,0,0
1378200,10,0,41,0,7,0
1378300,1,1,13,0,2,1
1378400,17,0,5,0,6,0
1378500,10,0,38,0,0,0
1378600,15,0,29,0,1,0
1378700,3,0,36,0,0,0
1378800,4,0,23,0,3,0
1378900,20,1,60,0,8,1
1379000,0,0,8,0,0,0
1379100,9,0,29,0,2,0
1379200,15,0,23,0,5,0
1379300,11,0,16,0,1,0
1379400,15,0,27,0,1,0
1379500,5,0,20,0,1,0
1379600,6,0,51,10,6,0
1379700,12,0,12,0,2,0
1379800,1,0,16,0,0,0
1379900,28,0,22,0,5,0
1380000,3,0,27,0,3,0
1380100,1,0,11,0,1,0
1380200,14,0,10,0,0,0
1380300,28,0,44,0,7,0
1380400,7,0,37,0,2,0
1380500,1,0,8,0,1,0
1380600,23,0,25,0,7,0
1380700,23,0,47,0,2,0
1380800,9,0,3,0,0,0
1380900,6,0,0,0,1,0
1381000,3,0,44,0,5,0
1381100,4,0,31,0,2,0
1381200,1,0,11,0,1,0
1381300,0,0,14,0,0,0
1381400,34,0,16,0,6,0
1381500,0,0,15,0,0,0
1381600,19,0,15,0,0,0
1381700,20,0,16,0,4,0
1381800,2,0,33,0,3,0
1381900,1,0,24,0,3,0
1382000,1,0,13,0,0,0
1382100,10,0,42,0,3,0
1382200,4,0,14,0,1,0
1382300,13,0,30,0,2,0
1382400,13,0,22,0,0,0
1382500,20,0,28,0,3,0
1382600,13,0,1,0,2,0
1382700,2,0,30,0,0,0
1382800,9,0,24,0,1,0
1382900,3,0,5,0,0,0
1383000,11,0,35,0,2,0
1383100,4,0,18,0,0,0
1383200,1,0,8,0,0,0
1383300,1,0,1,0,0,0
1383400,1,0,49,0,0,0
1383500,2,0,15,0,0,0
1383600,5,0,22,0,1,0
1383700,11,0,18,0,5,0
1383800,1,0,4,0,0,0
1383900,6,0,7,0,1,0
1384000,6,0,28,0,2,0
1384100,11,0,20,0,2,0
1384200,0,0,15,0,0,0
1384300,11,0,25,0,1,0
1384400,1,0,8,0,0,0
1384500,13,0,28,0,1,0
1384600,6,1,39,0,3,1
1384700,9,0,28,0,2,0
1384800,7,0,11,0,2,0
1384900,14,0,6,0,2,0
1385000,2,0,26,0,2,0
1385100,0,0,7,0,3,0
1385200,20,0,15,0,3,0
1385300,6,0,92,64,3,0
1385400,25,0,17,0,1,0
1385500,5,0,8,0,0,0
1385600,12,0,29,0,0,0
1385700,5,1,28,0,2,1
1385800,44,0,39,36,3,0
1385900,13,0,14,0,1,0
1386000,21,0,19,0,3,0
1386100,10,0,2,0,2,0
1386200,19,0,27,0,2,0
1386300,10,0,15,0,1,0
1386400,0,0,15,0,0,0
1386500,5,1,32,0,6,1
1386600,7,0,15,0,4,0
1386700,16,0,8,0,2,0
1386800,6,0,31,0,4,0
1386900,1,0,11,0,2,0
1387000,7,0,29,0,1,0
1387100,3,0,16,0,0,0
1387200,4,0,12,0,0,0
1387300,15,0,21,0,4,0
1387400,16,0,17,0,1,0
1387500,3,0,18,0,1,0
1387600,1,0,7,0,1,0
1387700,4,0,33,0,3,0
1387800,10,0,19,0,0,0
1387900,1,0,12,0,1,0
1388000,1,0,7,0,0,0
1388100,2,0,21,0,1,0
1388200,8,0,23,0,3,0
1388300,7,0,11,0,2,0
1388400,2,0,8,0,1,0
1388500,16,0,15,0,2,0
1388600,12,0,17,0,2,0
1388700,14,0,13,0,2,0
1388800,8,0,12,0,3,0
1388900,17,0,27,0,3,0
1389000,3,0,24,0,0,0
1389100,8,0,19,0,3,0
1389200,10,0,8,0,3,0
1389300,13,0,14,0,1,0
1389400,16,0,26,0,4,0
1389500,2,0,13,0,1,0
1389600,3,0,23,0,3,0
1389700,12,0,12,0,0,0
1389800,14,0,22,0,8,0
1389900,0,0,5,0,0,0
1390000,1,0,4,0,0,0
1390100,10,0,26,0,0,0
1390200,2,0,23,0,1,0
1390300,5,0,5,0,0,0
1390400,3,0,7,0,0,0
1390500,19,0,18,0,3,0
1390600,10,0,19,0,3,0
1390700,10,0,17,0,1,0
1390800,3,0,13,0,1,0
1390900,5,0,18,0,2,0
1391000,21,0,31,0,2,0
1391100,2,0,14,0,0,0
1391200,7,0,24,0,3,0
1391300,2,0,15,0,0,0
1391400,2,0,9,0,0,0
1391500,1,0,1,0,0,0
1391600,7,0,14,0,1,0
1391700,11,0,27,0,3,0
1391800,14,0,10,0,1,0
1391900,11,0,2,0,2,0
1392000,15,0,3,0,4,0
1392100,13,0,20,0,2,0
1392200,7,0,3,0,3,0
1392300,7,0,18,0,2,0
1392400,12,0,16,0,2,0
1392500,17,0,27,0,4,0
1392600,12,0,27,0,4,0
1392700,16,0,15,0,1,0
1392800,2,0,16,0,4,0
1392900,5,0,14,0,0,0
1393000,14,0,21,0,4,0
1393100,13,0,9,0,0,0
1393200,13,0,11,0,1,0
1393300,10,0,6,0,1,0
1393400,14,0,21,0,1,0
1393500,1,0,10,0,0,0
1393600,13,0,14,0,3,0
1393700,23,0,8,0,4,0
1393800,12,0,18,0,4,0
1393900,23,0,23,0,1,0
1394000,7,0,16,0,1,0
1394100,12,0,8,0,2,0
1394200,13,0,14,0,3,0
1394300,15,1,23,0,9,1
1394400,9,0,20,0,1,0
1394500,10,0,4,0,0,0
1394600,21,0,16,0,2,0
1394700,2,0,10,0,0,0
1394800,7,0,24,0,4,0
1394900,17,0,9,0,2,0
1395000,8,0,9,0,1,0
1395100,14,0,5,0,2,0
1395200,14,0,16,0,6,0
1395300,20,0,12,0,3,0
1395400,6,0,10,0,1,0
1395500,2,0,11,0,3,0
1395600,13,0,15,0,2,0
1395700,9,0,25,0,3,0
1395800,15,0,6,0,1,0
1395900,30,0,12,0,3,0
1396000,8,0,11,0,1,0
1396100,15,0,14,0,3,0
1396200,0,0,15,0,1,0
1396300,17,0,26,0,6,0
1396400,22,0,14,0,2,0
1396500,9,0,8,0,2,0
1396600,3,0,11,0,0,0
1396700,21,0,27,0,5,0
1396800,7,0,15,0,3,0
1396900,8,0,11,0,2,0
1397000,8,0,67,63,3,0
1397100,21,0,35,0,4,0
1397200,7,0,5,0,3,0
1397300,4,0,8,0,2,0
1397400,3,0,5,0,0,0
1397500,47,0,20,43,5,0
1397600,0,0,9,0,3,0
1397700,12,0,11,0,1,0
1397800,1,0,9,0,1,0
1397900,22,7,29,7,30,7
1398000,14,0,5,0,2,0
1398100,7,0,13,0,1,0
1398200,4,0,0,0,2,0
1398300,7,0,22,0,2,0
1398400,0,59,99,112,14,59
1398500,2,59,88,111,12,59
1398600,5,60,46,212,6,60
1398700,4,20,31,256,10,20
1398800,3,16,42,140,9,16
1398900,0,0,2,0,0,0
1399000,0,0,24,0,0,0
1399100,0,0,58,16,1,0
1399200,1,0,61,20,0,0
1399300,1,0,89,25,4,0
1399400,0,0,35,31,0,0
1399500,7,0,34,0,5,0
1399600,9,6,18,0,5,6
1399700,14,6,33,0,7,6
1399800,18,0,25,0,3,0
1399900,46,3,37,0,8,3
1400000,24,2,34,0,5,2
1400100,29,0,29,0,2,0
1400200,29,0,32,0,9,0
1400300,24,0,15,0,7,0
1400400,19,1,22,0,4,1
1400500,10,0,19,0,2,0
1400600,14,0,26,0,3,0
1400700,47,2,23,0,9,2
1400800,19,0,35,0,4,0
1400900,9,0,16,0,2,0
1401000,24,1,25,0,5,1
1401100,25,0,12,0,4,0
1401200,14,0,15,0,3,0
1401300,21,0,37,0,1,0
1401400,32,0,42,0,5,0
1401500,14,1,65,2,2,1
1401600,14,0,48,17,3,0
1401700,20,0,31,0,6,0
1401800,16,2,28,0,7,2
1401900,8,0,65,7,4,0
1402000,43,5,68,66,11,5
1402100,9,0,35,3,1,0
1402200,7,1,41,0,1,1
1402300,49,0,50,0,7,0
1402400,19,4,26,0,9,4
1402500,5,2,24,0,4,2
1402600,32,1,23,0,2,1
1402700,40,0,47,13,4,0
1402800,41,3,45,16,5,3
1402900,2,0,59,3,1,0
1403000,0,0,74,54,0,0
1403100,20,0,48,29,3,0
1403200,28,4,42,0,6,4
1403300,2,1,31,0,1,1
1403400,11,0,79,87,3,0
1403500,27,5,93,105,7,5
1403600,8,3,46,19,4,3
1403700,0,0,7,0,0,0
1403800,2,0,50,0,3,0
1403900,24,2,91,109,7,2
1404000,31,0,60,40,12,0
1404100,0,0,8,0,0,0
1404200,3,0,34,17,0,0
1404300,32,2,90,141,8,2
1404400,13,1,49,0,6,1
1404500,2,0,11,0,0,0
1404600,0,0,39,17,1,0
1404700,25,0,50,0,8,0
1404800,17,3,65,0,5,3
1404900,9,0,9,0,2,0
1405000,18,2,14,0,2,2
1405100,29,0,88,14,3,0
1405200,13,0,37,0,4,0
1405300,2,0,9,0,2,0
1405400,17,0,68,45,1,0
1405500,12,1,35,0,4,1
1405600,19,2,58,16,4,2
1405700,9,0,46,17,1,0
1405800,39,0,24,0,5,0
1405900,26,2,78,25,7,2
1406000,2,0,52,15,1,0
1406100,7,2,40,0,3,2
1406200,9,0,47,3,2,0
1406300,4,1,64,4,0,1
1406400,7,0,20,0,5,0
1406500,17,2,69,8,5,2
1406600,14,1,61,9,5,1
1406700,12,3,57,71,4,3
1406800,2,0,69,16,1,0
1406900,19,2,53,70,7,2
1407000,0,0,35,2,0,0
1407100,14,3,50,0,6,3
1407200,10,3,31,0,2,3
1407300,7,1,57,6,1,1
1407400,15,0,29,0,1,0
1407500,20,0,81,52,3,0
1407600,1,0,42,1,0,0
1407700,9,0,20,0,0,0
1407800,10,0,76,55,2,0
1407900,14,1,56,0,7,1
1408000,5,1,52,0,2,1
1408100,13,2,77,40,4,2
1408200,7,0,49,3,4,0
1408300,1,1,63,29,0,1
1408400,7,2,27,0,5,2
1408500,11,0,34,0,4,0
1408600,16,2,68,0,11,2
1408700,9,0,20,0,1,0
1408800,11,0,30,0,6,0
1408900,34,0,26,0,4,0
1409000,14,0,57,34,5,0
1409100,4,0,30,6,0,0
1409200,3,1,43,2,0,1
1409300,11,0,47,34,7,0
1409400,18,1,52,0,4,1
1409500,13,3,66,62,3,3
1409600,6,0,76,9,2,0
1409700,6,1,50,17,3,1
1409800,13,0,67,13,1,0
1409900,7,1,52,1,4,1
1410000,5,4,41,1,3,4
1410100,10,0,39,0,3,0
1410200,7,0,46,2,8,0
1410300,4,0,43,23,5,0
1410400,1,1,52,4,1,1
1410500,5,0,17,0,0,0
1410600,9,0,38,0,2,0
1410700,22,0,67,18,8,0
1410800,7,1,35,0,4,1
1410900,0,0,46,4,0,0
1411000,6,0,6,0,2,0
1411100,6,0,46,0,1,0
1411200,5,1,49,4,9,1
1411300,0,0,42,1,1,0
1411400,6,2,43,0,6,2
1411500,1,0,14,0,1,0
1411600,37,1,55,8,9,1
1411700,3,0,8,0,3,0
1411800,3,0,40,0,0,0
1411900,9,0,34,0,2,0
1412000,21,0,6,0,4,0
1412100,17,1,59,30,5,1
1412200,4,0,5,0,1,0
1412300,12,0,33,0,3,0
1412400,16,2,19,0,2,2
1412500,24,1,92,53,8,1
1412600,9,1,23,0,1,1
1412700,24,0,24,0,0,0
1412800,9,0,78,44,4,0
1412900,4,1,53,22,2,1
1413000,6,4,38,2,4,4
1413100,4,0,23,0,0,0
1413200,15,1,62,20,11,1
1413300,12,1,47,1,9,1
1413400,2,0,15,0,0,0
1413500,6,0,18,0,2,0
1413600,8,0,7,0,2,0
1413700,14,0,44,21,13,0
1413800,2,0,51,0,1,0
1413900,11,0,18,0,2,0
1414000,29,0,14,0,3,0
1414100,2,0,9,0,0,0
1414200,15,0,28,0,4,0
1414300,9,1,23,0,2,1
1414400,9,1,30,0,4,1
1414500,6,0,31,0,1,0
1414600,3,0,47,1,3,0
1414700,4,0,65,11,4,0
1414800,5,0,35,6,0,0
1414900,15,0,37,1,2,0
1415000,8,0,60,42,2,0
1415100,16,0,29,0,0,0
1415200,0,3,31,0,2,3
1415300,3,2,33,0,2,2
1415400,13,0,62,18,4,0
1415500,3,0,53,1,2,0
1415600,19,0,32,0,4,0
1415700,13,0,52,6,1,0
1415800,11,0,28,0,4,0
1415900,4,1,28,0,3,1
1416000,9,0,43,0,1,0
1416100,8,3,81,72,5,3
1416200,7,1,25,3,1,1
1416300,6,0,24,0,1,0
1416400,28,0,40,0,1,0
1416500,13,0,19,0,1,0
1416600,8,0,54,0,2,0
1416700,7,1,22,0,2,1
1416800,10,0,46,0,5,0
1416900,26,0,22,0,4,0
1417000,2,0,49,6,2,0
1417100,7,0,63,6,6,0
1417200,5,0,6,0,2,0
1417300,6,0,31,0,8,0
1417400,19,0,28,0,5,0
1417500,0,0,43,0,2,0
1417600,3,0,4,0,0,0
1417700,3,1,63,27,4,1
1417800,4,0,12,0,2,0
1417900,12,0,48,30,6,0
1418000,10,1,18,0,3,1
1418100,5,0,14,0,2,0
1418200,14,0,4,0,2,0
1418300,6,0,27,0,3,0
1418400,2,1,39,0,2,1
1418500,4,0,47,4,2,0
1418600,4,0,9,0,1,0
1418700,30,0,26,0,2,0
1418800,2,0,36,1,0,0
1418900,4,0,54,0,3,0
1419000,9,0,31,0,4,0
1419100,7,1,15,0,0,1
1419200,5,0,23,0,6,0
1419300,20,0,37,0,3,0
1419400,21,2,77,45,8,2
1419500,0,0,8,0,0,0
1419600,13,0,33,0,1,0
1419700,9,0,49,0,1,0
1419800,4,0,60,40,3,0
1419900,1,2,42,0,2,2
1420000,6,0,4,0,0,0
1420100,12,0,30,0,6,0
1420200,4,0,36,0,5,0
1420300,4,1,46,6,5,1
1420400,1,0,0,0,1,0
1420500,13,0,37,0,4,0
1420600,15,0,34,0,6,0
1420700,7,0,12,0,0,0
1420800,3,0,11,0,3,0
1420900,9,0,36,0,3,0
1421000,7,0,30,0,3,0
1421100,13,1,35,0,7,1
1421200,3,0,14,0,0,0
1421300,27,1,21,0,1,1
1421400,27,0,64,36,6,0
1421500,12,0,6,0,0,0
1421600,23,0,48,0,3,0
1421700,7,0,17,0,3,0
1421800,9,0,53,0,2,0
1421900,11,1,33,0,4,1
1422000,11,3,34,0,3,3
1422100,12,0,16,0,7,0
1422200,11,0,24,0,3,0
1422300,31,0,27,0,3,0
1422400,6,0,31,0,3,0
1422500,16,0,33,2,3,0
1422600,5,0,8,0,3,0
1422700,11,0,35,0,8,0
1422800,12,1,16,0,3,1
1422900,3,0,12,0,1,0
1423000,20,1,42,0,8,1
1423100,24,0,11,0,2,0
1423200,14,0,25,0,3,0
1423300,6,0,18,0,2,0
1423400,8,0,34,0,0,0
1423500,11,0,11,0,2,0
1423600,6,0,43,0,4,0
1423700,4,0,26,0,2,0
1423800,5,0,27,0,0,0
1423900,7,1,43,0,5,1
1424000,5,0,10,0,1,0
1424100,5,1,28,0,4,1
1424200,23,1,20,0,3,1
1424300,8,0,28,0,0,0
1424400,18,0,16,0,3,0
1424500,13,0,9,0,4,0
1424600,21,0,37,0,8,0
1424700,7,0,42,0,4,0
1424800,5,0,45,0,1,0
1424900,13,0,30,0,6,0
1425000,15,1,33,0,7,1
1425100,9,1,23,0,5,1
1425200,9,0,18,0,2,0
1425300,6,0,30,0,2,0
1425400,17,0,57,10,5,0
1425500,12,0,10,0,4,0
1425600,3,0,9,0,0,0
1425700,29,0,15,0,4,0
1425800,20,0,20,0,6,0
1425900,5,1,29,0,1,1
1426000,11,0,16,0,4,0
1426100,3,0,44,0,0,0
1426200,27,0,41,0,8,0
1426300,2,2,18,0,4,2
1426400,5,0,10,0,1,0
1426500,6,0,14,0,2,0
1426600,17,0,96,47,7,0
1426700,16,0,8,0,1,0
1426800,11,0,7,0,0,0
1426900,6,0,43,0,6,0
1427000,4,0,21,0,2,0
1427100,8,1,18,0,4,1
1427200,10,1,26,0,4,1
1427300,6,0,9,0,3,0
1427400,22,0,32,0,0,0
1427500,20,0,14,0,4,0
1427600,6,0,21,0,0,0
1427700,3,0,7,0,1,0
1427800,13,0,30,0,3,0
1427900,8,1,45,0,4,1
1428000,8,0,13,0,1,0
1428100,8,0,17,0,2,0
1428200,23,0,47,0,5,0
1428300,1,0,60,55,1,0
1428400,10,0,29,3,3,0
1428500,6,0,20,0,2,0
1428600,4,0,41,0,4,0
1428700,6,1,34,0,2,1
1428800,14,0,32,0,4,0
1428900,3,0,11,0,2,0
1429000,21,0,13,0,3,0
1429100,6,0,11,0,0,0
1429200,11,0,28,0,7,0
1429300,4,0,9,0,2,0
1429400,5,2,28,0,4,2
1429500,22,0,30,0,1,0
1429600,9,0,24,0,5,0
1429700,21,0,5,0,1,0
1429800,14,0,11,0,2,0
1429900,6,0,57,13,5,0
1430000,2,0,25,1,0,0
1430100,8,1,57,0,5,1
1430200,21,0,13,0,3,0
1430300,3,0,15,0,2,0
1430400,35,0,35,0,5,0
1430500,4,0,29,0,1,0
1430600,8,0,29,0,0,0
1430700,9,0,10,0,2,0
1430800,20,0,24,0,3,0
1430900,24,0,48,5,10,0
1431000,0,0,6,0,0,0
1431100,10,0,15,0,1,0
1431200,37,0,12,0,4,0
1431300,9,1,47,0,5,1
1431400,3,0,17,0,0,0
1431500,13,0,18,0,1,0
1431600,22,0,30,0,11,0
1431700,5,0,22,0,4,0
1431800,3,0,20,0,0,0
1431900,8,0,47,0,5,0
1432000,21,0,30,0,5,0
1432100,2,0,13,0,2,0
1432200,10,0,13,0,2,0
1432300,11,0,32,0,4,0
1432400,8,0,38,0,5,0
1432500,9,0,7,0,5,0
1432600,1,0,9,0,0,0
1432700,9,0,16,0,2,0
1432800,12,0,11,0,2,0
1432900,4,0,48,0,2,0
1433000,1,0,20,0,2,0
1433100,11,0,24,0,1,0
1433200,7,0,22,0,4,0
1433300,0,0,13,0,1,0
1433400,5,0,57,6,2,0
1433500,1,0,28,0,4,0
1433600,4,0,32,0,0,0
1433700,0,0,80,84,5,0
1433800,15,0,23,0,0,0
1433900,4,0,37,4,2,0
1434000,13,0,11,0,2,0
1434100,1,0,42,0,1,0
1434200,42,0,39,20,4,0
1434300,13,0,18,0,1,0
1434400,7,0,13,0,5,0
1434500,4,0,53,0,2,0
1434600,20,0,11,0,4,0
1434700,23,0,18,0,7,0
1434800,11,0,22,0,4,0
1434900,1,0,33,4,3,0
1435000,5,0,30,0,1,0
1435100,12,1,34,0,3,1
1435200,3,0,24,0,5,0
1435300,12,0,39,0,4,0
1435400,12,0,22,0,5,0
1435500,20,0,9,0,4,0
1435600,2,0,9,0,1,0
1435700,2,0,30,0,1,0
1435800,5,0,26,0,3,0
1435900,4,0,37,0,1,0
1436000,3,0,32,0,7,0
1436100,1,0,3,0,0,0
1436200,23,0,13,0,1,0
1436300,7,0,28,0,3,0
1436400,16,0,32,0,3,0
1436500,3,0,14,0,1,0
1436600,13,0,15,0,1,0
1436700,4,0,36,0,1,0
1436800,5,0,56,9,3,0
1436900,6,0,24,3,2,0
1437000,22,0,12,0,1,0
1437100,4,1,40,0,2,1
1437200,19,0,15,0,3,0
1437300,16,0,15,0,1,0
1437400,12,0,41,0,4,0
1437500,0,1,22,0,0,1
1437600,4,1,20,0,6,1
1437700,19,0,15,0,2,0
1437800,4,0,15,0,3,0
1437900,2,0,9,0,0,0
1438000,6,0,23,0,4,0
1438100,12,0,14,0,2,0
1438200,5,0,12,0,3,0
1438300,2,0,24,0,0,0
1438400,3,0,49,3,1,0
1438500,2,0,37,53,2,0
1438600,3,0,23,0,2,0
1438700,3,0,37,0,0,0
1438800,15,0,7,0,1,0
1438900,3,0,15,0,0,0
1439000,43,0,23,26,5,0
1439100,5,0,26,0,0,0
1439200,5,0,37,5,1,0
1439300,4,0,20,0,4,0
1439400,21,0,40,0,4,0
1439500,10,0,15,0,2,0
1439600,3,0,32,0,0,0
1439700,2,0,7,0,1,0
1439800,19,0,22,0,7,0
1439900,2,0,14,0,0,0
1440000,15,0,16,0,5,0
1440100,3,0,21,0,0,0
1440200,13,0,20,0,4,0
1440300,8,0,8,0,2,0
1440400,5,0,27,0,3,0
1440500,1,0,4,0,0,0
1440600,6,0,43,0,0,0
1440700,5,0,14,0,0,0
1440800,15,0,6,0,6,0
1440900,23,0,28,0,1,0
1441000,12,0,34,0,3,0
1441100,3,0,15,0,1,0
1441200,14,0,21,0,3,0
1441300,3,0,3,0,0,0
1441400,7,0,54,4,5,0
1441500,5,0,10,0,2,0
1441600,4,0,74,77,1,0
1441700,9,0,11,0,1,0
1441800,6,0,39,0,2,0
1441900,2,0,29,0,0,0
1442000,15,0,9,0,4,0
1442100,39,0,12,13,0,0
1442200,15,0,12,0,2,0
1442300,7,0,34,7,1,0
1442400,1,0,9,0,1,0
1442500,16,7,24,1,33,7
1442600,6,0,31,0,4,0
1442700,0,0,28,0,2,0
1442800,3,0,16,0,1,0
1442900,10,0,11,0,5,0
1443000,0,33,98,143,16,33
1443100,0,63,82,105,17,63
1443200,7,65,31,183,19,65
1443300,7,27,31,249,7,27
1443400,2,9,52,209,4,9
1443500,0,6,42,96,5,6
1443600,0,0,28,5,0,0
1443700,0,0,33,0,1,0
1443800,0,0,90,34,2,0
1443900,1,1,71,15,1,1
1444000,0,1,57,32,2,1
1444100,2,0,100,114,6,0
1444200,0,4,9,0,6,4
1444300,18,10,39,0,7,10
1444400,15,2,69,0,3,2
1444500,16,7,30,0,6,7
1444600,33,0,18,5,0,0
1444700,24,1,37,0,8,1
1444800,14,0,41,0,3,0
1444900,18,0,4,0,2,0
1445000,17,0,19,0,3,0
1445100,5,0,14,0,1,0
1445200,24,0,73,15,5,0
1445300,13,1,20,0,1,1
1445400,6,0,47,11,1,0
1445500,31,0,56,85,5,0
1445600,13,0,55,0,6,0
1445700,14,0,74,57,3,0
1445800,0,0,0,0,0,0
1445900,8,0,49,0,1,0
1446000,8,0,65,14,2,0
1446100,30,4,54,45,6,4
1446200,5,3,48,0,7,3
1446300,20,8,72,6,6,8
1446400,12,4,84,30,7,4
1446500,2,0,57,23,1,0
1446600,2,0,49,9,5,0
1446700,8,0,12,0,2,0
1446800,2,0,33,0,1,0
1446900,31,1,48,0,6,1
1447000,16,3,39,0,6,3
1447100,30,5,23,0,7,5
1447200,11,1,85,37,7,1
1447300,7,0,59,18,0,0
1447400,3,0,41,6,1,0
1447500,7,0,17,0,4,0
1447600,15,0,59,5,2,0
1447700,14,1,42,0,5,1
1447800,17,3,74,10,7,3
1447900,9,3,101,50,4,3
1448000,11,0,83,46,2,0
1448100,0,0,53,38,2,0
1448200,4,0,22,0,1,0
1448300,9,1,53,0,5,1
1448400,8,2,30,2,3,2
1448500,30,5,72,48,11,5
1448600,3,2,27,4,2,2
1448700,10,0,23,0,2,0
1448800,7,0,36,0,0,0
1448900,1,0,41,0,1,0
1449000,21,0,34,10,5,0
1449100,2,0,34,0,4,0
1449200,15,0,54,0,5,0
1449300,7,1,70,7,3,1
1449400,15,0,34,0,2,0
1449500,23,0,38,5,8,0
1449600,12,0,22,3,5,0
1449700,2,1,62,26,3,1
1449800,8,4,83,108,6,4
1449900,12,2,42,29,4,2
1450000,8,3,71,43,3,3
1450100,0,0,58,9,1,0
1450200,16,4,42,0,12,4
1450300,3,0,46,0,0,0
1450400,28,2,31,0,8,2
1450500,14,1,29,0,12,1
1450600,9,2,56,5,8,2
1450700,8,3,47,25,2,3
1450800,20,0,72,0,6,0
1450900,10,0,20,0,2,0
1451000,7,0,6,0,0,0
1451100,2,0,42,0,2,0
1451200,23,0,75,0,0,0
1451300,6,0,48,42,5,0
1451400,11,1,45,0,2,1
1451500,14,0,57,0,2,0
1451600,6,1,53,0,3,1
1451700,10,1,58,0,6,1
1451800,1,0,3,0,0,0
1451900,35,0,44,0,4,0
1452000,15,0,43,14,6,0
1452100,3,0,41,4,3,0
1452200,1,0,17,0,0,0
1452300,8,0,57,0,3,0
1452400,15,1,75,15,9,1
1452500,15,1,44,0,4,1
1452600,8,0,24,0,0,0
1452700,13,1,37,0,8,1
1452800,6,0,21,0,3,0
1452900,1,0,74,21,3,0
1453000,11,0,78,28,6,0
1453100,7,0,15,0,0,0
1453200,10,0,29,0,4,0
1453300,7,1,23,0,4,1
1453400,5,0,85,120,7,0
1453500,7,1,50,24,6,1
1453600,9,0,36,0,1,0
1453700,0,0,15,0,3,0
1453800,29,0,43,0,7,0
1453900,20,0,58,0,8,0
1454000,3,2,35,0,1,2
1454100,10,0,58,85,5,0
1454200,9,0,59,29,2,0
1454300,26,0,36,0,6,0
1454400,1,0,60,29,2,0
1454500,4,1,31,0,2,1
1454600,0,0,11,0,1,0
1454700,49,1,50,18,9,1
1454800,6,3,60,0,3,3
1454900,6,1,43,18,3,1
1455000,16,0,29,0,0,0
1455100,22,0,27,0,5,0
1455200,2,1,32,0,3,1
1455300,2,0,17,0,0,0
1455400,13,0,34,0,7,0
1455500,27,0,55,46,5,0
1455600,9,0,32,9,2,0
1455700,1,0,15,0,0,0
1455800,11,0,28,0,2,0
1455900,37,0,55,0,7,0
1456000,7,1,73,51,9,1
1456100,2,0,11,0,1,0
1456200,5,0,48,0,1,0
1456300,1,0,17,0,0,0
1456400,26,1,67,0,7,1
1456500,3,0,50,28,2,0
1456600,3,2,91,111,4,2
1456700,6,0,92,115,2,0
1456800,3,2,40,0,3,2
1456900,0,0,5,0,1,0
1457000,1,0,40,1,0,0
1457100,34,0,41,7,6,0
1457200,12,1,58,3,7,1
1457300,2,2,26,0,5,2
1457400,5,0,33,0,1,0
1457500,13,2,36,0,12,2
1457600,14,0,29,0,2,0
1457700,21,0,51,25,4,0
1457800,4,0,17,0,8,0
1457900,3,0,29,0,1,0
1458000,9,0,24,0,1,0
1458100,5,0,40,16,6,0
1458200,14,2,39,0,4,2
1458300,0,0,27,0,0,0
1458400,27,0,21,0,2,0
1458500,26,1,22,0,2,1
1458600,0,0,17,0,1,0
1458700,5,0,55,0,3,0
1458800,14,1,52,8,6,1
1458900,24,1,49,10,7,1
1459000,8,0,24,0,0,0
1459100,12,1,29,1,5,1
1459200,13,0,43,2,5,0
1459300,4,0,59,38,2,0
1459400,28,2,45,0,4,2
1459500,2,0,9,0,0,0
1459600,2,0,17,0,1,0
1459700,17,0,25,0,3,0
1459800,13,0,86,24,10,0
1459900,11,0,25,1,0,0
1460000,7,0,20,0,2,0
1460100,15,0,53,2,3,0
1460200,16,0,40,0,4,0
1460300,5,2,47,0,7,2
1460400,4,0,36,0,4,0
1460500,1,0,53,8,0,0
1460600,17,1,69,29,6,1
1460700,1,0,66,20,3,0
1460800,2,0,13,0,0,0
1460900,4,0,22,0,2,0
1461000,6,1,83,26,7,1
1461100,5,1,70,22,7,1
1461200,0,0,6,0,0,0
1461300,4,0,23,0,2,0
1461400,1,0,50,6,1,0
1461500,16,0,63,1,9,0
1461600,11,0,11,0,0,0
1461700,3,0,15,0,2,0
1461800,24,0,25,0,3,0
1461900,9,0,43,0,2,0
1462000,4,1,49,43,2,1
1462100,4,0,9,0,0,0
1462200,2,0,23,0,0,0
1462300,9,1,57,0,2,1
1462400,9,0,25,0,3,0
1462500,2,0,54,4,0,0
1462600,16,0,51,2,5,0
1462700,23,0,22,0,2,0
1462800,4,0,10,0,0,0
1462900,4,0,49,16,2,0
1463000,4,1,47,12,3,1
1463100,3,2,61,22,4,2
1463200,2,0,12,0,0,0
1463300,3,0,50,20,1,0
1463400,29,0,7,0,7,0
1463500,1,0,44,1,2,0
1463600,2,0,18,0,2,0
1463700,2,0,27,0,1,0
1463800,6,0,25,0,6,0
1463900,8,3,52,32,5,3
1464000,9,0,24,0,3,0
1464100,0,0,35,0,1,0
1464200,0,0,10,0,0,0
1464300,22,0,17,0,3,0
1464400,1,0,15,0,1,0
1464500,7,0,51,0,2,0
1464600,2,0,37,7,1,0
1464700,3,0,70,16,2,0
1464800,5,0,9,0,0,0
1464900,7,0,19,0,0,0
1465000,1,0,39,0,1,0
1465100,1,0,68,5,2,0
1465200,8,0,44,40,1,0
1465300,2,0,35,0,2,0
1465400,0,0,26,0,1,0
1465500,3,0,32,0,2,0
1465600,4,0,44,1,0,0
1465700,3,0,10,0,1,0
1465800,3,0,26,0,2,0
1465900,2,0,21,0,0,0
1466000,3,0,16,0,0,0
1466100,0,0,24,0,0,0
1466200,15,0,54,0,1,0
1466300,3,0,27,0,2,0
1466400,4,0,20,0,0,0
1466500,5,0,24,0,3,0
1466600,2,0,68,0,5,0
1466700,8,1,21,0,3,1
1466800,1,2,55,14,0,2
1466900,2,0,32,4,0,0
1467000,4,0,36,0,1,0
1467100,4,0,35,0,1,0
1467200,4,0,30,0,1,0
1467300,10,0,29,0,2,0
1467400,6,0,28,0,2,0
1467500,5,0,5,0,0,0
1467600,0,0,27,0,7,0
1467700,1,0,32,0,0,0
1467800,4,0,22,0,1,0
1467900,0,0,3,0,0,0
1468000,3,0,16,0,0,0
1468100,4,0,76,41,0,0
1468200,5,0,8,0,1,0
1468300,6,0,28,0,1,0
1468400,19,0,28,0,3,0
1468500,3,0,59,6,4,0
1468600,6,0,93,162,5,0
1468700,12,0,19,0,1,0
1468800,7,1,50,12,5,1
1468900,1,1,52,26,1,1
1469000,8,3,37,0,2,3
1469100,11,0,25,0,6,0
1469200,33,0,50,64,1,0
1469300,15,0,12,0,2,0
1469400,2,0,11,0,0,0
1469500,7,0,26,0,0,0
1469600,23,0,15,0,1,0
1469700,17,0,37,0,2,0
1469800,3,0,16,0,3,0
1469900,0,0,14,0,0,0
1470000,9,0,74,25,6,0
1470100,24,0,35,0,4,0
1470200,21,0,1,0,3,0
1470300,16,0,23,0,1,0
1470400,21,0,59,0,4,0
1470500,5,0,68,0,2,0
1470600,0,0,27,0,1,0
1470700,8,2,35,27,3,2
1470800,8,0,31,0,5,0
1470900,3,0,34,0,2,0
1471000,5,0,16,0,3,0
1471100,18,2,23,0,3,2
1471200,4,0,14,0,0,0
1471300,0,0,12,0,0,0
1471400,1,0,11,0,2,0
1471500,7,0,22,0,4,0
1471600,7,0,11,0,0,0
1471700,2,0,50,0,3,0
1471800,2,0,5,0,1,0
1471900,24,0,58,1,3,0
1472000,5,0,12,0,0,0
1472100,11,0,54,0,5,0
1472200,3,0,39,0,4,0
1472300,22,0,72,0,7,0
1472400,13,0,12,0,2,0
1472500,3,0,19,0,1,0
1472600,13,0,49,0,5,0
1472700,7,0,37,0,6,0
1472800,6,0,13,0,1,0
1472900,2,0,11,0,4,0
1473000,3,0,32,0,2,0
1473100,13,0,16,0,3,0
1473200,1,0,7,0,0,0
1473300,4,0,21,0,2,0
1473400,0,0,6,0,0,0
1473500,5,0,20,0,0,0
1473600,7,0,30,0,2,0
1473700,11,0,30,1,2,0
1473800,1,0,5,0,1,0
1473900,7,0,25,0,3,0
1474000,5,1,67,7,1,1
1474100,7,0,69,60,2,0
1474200,8,0,15,1,2,0
1474300,5,3,37,0,1,3
1474400,10,0,11,0,1,0
1474500,10,0,32,0,4,0
1474600,17,1,60,52,7,1
1474700,19,0,5,0,4,0
1474800,1,0,17,0,2,0
1474900,25,0,1,0,2,0
1475000,2,0,37,0,3,0
1475100,8,0,41,9,3,0
1475200,4,0,4,0,0,0
1475300,5,1,32,0,1,1
1475400,1,0,25,0,1,0
1475500,27,0,4,0,6,0
1475600,9,0,10,0,1,0
1475700,2,0,36,0,0,0
1475800,2,0,20,0,0,0
1475900,2,0,29,0,2,0
1476000,3,0,20,0,2,0
1476100,3,0,58,0,3,0
1476200,1,0,23,0,1,0
1476300,4,0,22,0,1,0
1476400,14,1,31,0,3,1
1476500,1,0,47,2,2,0
1476600,2,0,9,0,0,0
1476700,4,0,39,0,2,0
1476800,1,0,13,0,1,0
1476900,14,0,13,0,0,0
1477000,5,0,35,0,1,0
1477100,1,0,32,0,0,0
1477200,2,0,13,0,1,0
1477300,2,0,26,0,1,0
1477400,5,0,25,0,0,0
1477500,1,0,7,0,0,0
1477600,0,0,19,0,0,0
1477700,6,0,32,0,1,0
1477800,9,0,30,0,1,0
1477900,9,0,10,0,0,0
1478000,6,0,26,0,1,0
1478100,1,0,36,2,1,0
1478200,4,0,50,1,2,0
1478300,19,0,14,0,1,0
1478400,2,0,20,0,1,0
1478500,10,0,35,0,0,0
1478600,4,3,40,0,2,3
1478700,11,0,6,0,0,0
1478800,4,0,46,0,3,0
1478900,18,0,9,0,2,0
1479000,3,0,14,0,0,0
1479100,6,0,6,0,0,0
1479200,0,0,35,0,2,0
1479300,19,0,74,60,1,0
1479400,3,0,42,0,5,0
1479500,3,0,14,0,1,0
1479600,5,0,23,0,3,0
1479700,3,0,39,0,4,0
1479800,12,0,30,0,1,0
1479900,40,0,22,18,0,0
1480000,3,0,27,0,1,0
1480100,3,0,13,0,2,0
1480200,7,0,19,0,2,0
1480300,14,0,29,0,3,0
1480400,2,0,14,0,0,0
1480500,2,0,10,0,0,0
1480600,4,0,30,0,0,0
1480700,2,0,27,0,5,0
1480800,1,0,21,0,1,0
1480900,14,0,17,0,3,0
1481000,13,0,17,0,3,0
1481100,4,0,31,0,0,0
1481200,1,0,13,0,0,0
1481300,4,0,46,3,2,0
1481400,9,0,31,0,4,0
1481500,5,1,24,0,2,1
1481600,0,0,22,0,0,0
1481700,9,0,48,0,2,0
1481800,9,0,15,0,2,0
1481900,8,0,10,0,1,0
1482000,2,0,15,0,1,0
1482100,26,0,26,0,5,0
1482200,3,0,23,0,0,0
1482300,1,0,4,0,0,0
1482400,5,0,21,0,2,0
1482500,17,0,28,0,5,0
1482600,7,0,18,0,1,0
1482700,10,0,7,0,2,0
1482800,1,0,17,0,1,0
1482900,19,0,64,1,2,0
1483000,5,0,23,0,3,0
1483100,8,0,32,0,2,0
1483200,2,0,4,0,2,0
1483300,6,0,34,0,1,0
1483400,6,0,36,0,1,0
1483500,4,0,13,0,1,0
1483600,7,0,15,0,1,0
1483700,8,0,10,0,2,0
1483800,2,0,27,0,2,0
1483900,6,0,13,0,1,0
1484000,1,0,18,0,1,0
1484100,3,0,52,42,2,0
1484200,7,0,66,64,6,0
1484300,10,0,13,0,0,0
1484400,3,0,18,0,1,0
1484500,1,0,19,0,0,0
1484600,35,0,38,64,3,0
1484700,3,0,19,0,2,0
1484800,0,0,36,0,2,0
1484900,10,0,14,0,0,0
1485000,3,0,18,0,0,0
1485100,1,0,22,0,1,0
1485200,5,0,22,0,1,0
1485300,23,0,17,0,0,0
1485400,1,0,19,0,3,0
1485500,0,0,16,0,1,0
1485600,3,0,11,0,1,0
1485700,12,0,32,0,1,0
1485800,2,0,10,0,3,0
1485900,7,0,24,0,1,0
1486000,10,0,0,0,0,0
1486100,8,0,29,0,4,0
1486200,11,0,19,0,2,0
1486300,11,0,15,0,2,0
1486400,3,0,13,0,1,0
1486500,0,0,34,0,1,0
1486600,8,0,18,0,0,0
1486700,8,0,11,0,0,0
1486800,4,0,17,0,3,0
1486900,6,0,31,0,2,0
1487000,8,0,17,0,2,0
1487100,1,0,21,0,2,0
1487200,7,0,12,0,3,0
1487300,7,0,16,0,2,0
1487400,4,0,17,0,3,0
1487500,8,0,13,0,2,0
1487600,9,0,20,0,4,0
1487700,12,0,15,0,4,0
1487800,7,0,8,0,5,0
1487900,18,0,10,0,2,0
1488000,8,0,22,0,2,0
1488100,7,0,16,0,1,0
1488200,9,0,8,0,2,0
1488300,16,0,26,0,0,0
1488400,2,0,31,0,0,0
1488500,10,0,22,0,3,0
1488600,11,0,23,0,1,0
1488700,9,0,12,0,3,0
1488800,9,0,15,0,4,0
1488900,3,0,6,0,1,0
1489000,11,0,34,0,4,0
1489100,5,0,9,0,4,0
1489200,14,0,16,0,5,0
1489300,12,0,16,0,0,0
1489400,4,0,9,0,1,0
1489500,3,0,23,0,2,0
1489600,9,0,6,0,1,0
1489700,19,0,12,0,6,0
1489800,4,0,10,0,1,0
1489900,6,0,17,0,2,0
1490000,10,0,18,0,5,0
1490100,8,0,19,0,2,0
1490200,9,0,7,0,3,0
1490300,9,0,7,0,2,0
1490400,21,0,11,0,5,0
1490500,10,0,18,0,3,0
1490600,2,0,24,0,1,0
1490700,6,0,9,0,0,0
1490800,10,0,20,0,3,0
1490900,24,0,13,0,5,0
1491000,8,0,15,0,2,0
1491100,2,0,6,0,2,0
1491200,7,0,16,0,1,0
1491300,2,0,13,0,0,0
1491400,22,0,7,0,7,0
1491500,7,0,26,0,0,0
1491600,4,0,11,0,1,0
1491700,23,0,24,0,1,0
1491800,10,0,20,0,5,0
1491900,3,0,20,0,1,0
1492000,3,0,7,0,1,0
1492100,28,0,14,0,3,0
1492200,3,0,16,0,1,0
1492300,9,0,16,0,4,0
1492400,10,0,11,0,3,0
1492500,5,0,10,0,1,0
1492600,6,0,4,0,3,0
1492700,11,0,8,0,4,0
1492800,5,0,22,0,1,0
1492900,14,0,8,0,4,0
1493000,1,0,5,0,3,0
1493100,37,0,18,0,4,0
1493200,9,1,25,0,3,1
1493300,11,0,4,0,0,0
1493400,27,0,27,0,3,0
1493500,9,0,13,0,3,0
1493600,8,0,13,0,2,0
1493700,11,0,8,0,1,0
1493800,13,0,11,0,6,0
1493900,14,0,18,0,3,0
1494000,13,0,8,0,2,0
1494100,10,0,6,0,1,0
1494200,23,0,16,0,4,0
1494300,13,0,66,58,8,0
1494400,11,0,26,16,2,0
1494500,13,0,5,0,4,0
1494600,11,0,9,0,4,0
1494700,8,0,16,0,3,0
1494800,36,0,19,19,1,0
1494900,11,0,10,0,6,0
1495000,9,0,8,0,3,0
1495100,23,0,8,0,2,0
1495200,22,0,17,0,6,0
1495300,21,0,11,0,3,0
1495400,13,0,20,0,4,0
1495500,5,0,7,0,4,0
1495600,12,0,12,0,6,0
1495700,21,0,26,0,1,0
1495800,10,1,13,0,2,1
1495900,17,0,2,0,2,0
1496000,15,0,14,0,3,0
1496100,8,0,31,0,7,0
1496200,10,0,2,0,0,0
1496300,14,0,20,0,3,0
1496400,5,0,8,0,5,0
1496500,8,0,13,0,1,0
1496600,9,0,5,0,1,0
1496700,12,0,13,0,0,0
1496800,13,0,8,0,1,0
1496900,7,0,19,0,2,0
1497000,10,0,7,0,7,0
1497100,14,0,6,0,2,0
1497200,9,0,7,0,2,0
1497300,19,0,25,0,2,0
1497400,19,0,15,0,4,0
1497500,7,0,7,0,1,0
1497600,5,0,8,0,2,0
1497700,19,0,10,0,3,0
1497800,16,0,33,0,2,0
1497900,8,0,8,0,0,0
1498000,14,1,9,0,1,1
1498100,14,0,12,0,1,0
1498200,9,0,8,0,2,0
1498300,13,0,17,0,0,0
1498400,5,0,6,0,1,0
1498500,12,0,14,0,4,0
1498600,9,0,6,0,2,0
1498700,10,0,9,0,2,0
1498800,12,0,5,0,1,0
1498900,23,0,17,0,4,0
1499000,14,0,5,0,1,0
1499100,8,0,12,0,1,0
1499200,9,0,9,0,3,0
1499300,16,0,10,0,2,0
1499400,10,1,23,0,0,1
1499500,16,1,13,0,4,1
1499600,14,0,6,0,3,0
1499700,15,0,14,0,0,0
1499800,9,0,10,0,2,0
1499900,13,0,16,0,0,0
1500000,9,0,9,0,2,0
1500100,8,0,11,0,1,0
1500200,15,0,5,0,1,0
1500300,18,0,15,0,6,0
1500400,9,0,4,0,5,0
1500500,14,0,13,0,8,0
1500600,14,0,6,0,2,0
1500700,20,0,5,0,5,0
1500800,4,0,18,0,1,0
1500900,5,0,11,0,3,0
1501000,14,0,11,0,3,0
1501100,10,0,11,0,2,0
1501200,9,0,8,0,2,0
1501300,12,0,9,0,4,0
1501400,5,0,16,0,1,0
1501500,13,0,3,0,1,0
1501600,7,0,10,0,0,0
1501700,15,0,4,0,3,0
1501800,9,0,6,0,2,0
1501900,6,0,16,0,3,0
1502000,13,0,8,0,1,0
1502100,13,0,6,0,2,0
1502200,10,0,6,0,3,0
1502300,28,0,8,0,1,0
1502400,21,0,23,0,5,0
1502500,0,0,6,0,0,0
1502600,13,0,12,0,2,0
1502700,17,0,12,0,4,0
1502800,13,0,13,0,3,0
1502900,4,0,7,0,2,0
1503000,10,0,5,0,5,0
1503100,15,0,70,65,3,0
1503200,2,0,11,0,1,0
1503300,15,0,7,0,2,0
1503400,4,0,6,0,2,0
1503500,8,0,9,0,4,0
1503600,9,0,10,0,5,0
1503700,56,0,19,2,3,0
1503800,23,0,10,0,2,0
1503900,6,0,11,0,3,0
1504000,15,0,11,0,5,0
1504100,10,0,9,0,0,0
1504200,13,0,11,0,3,0
1504300,10,0,9,0,0,0
1504400,6,0,9,0,6,0
1504500,6,0,5,0,2,0
1504600,13,0,7,0,1,0
1504700,4,0,12,0,0,0
1504800,13,0,1,0,3,0
1504900,10,0,10,0,2,0
1505000,7,0,13,0,2,0
1505100,13,0,6,0,2,0
1505200,10,0,14,0,4,0
1505300,3,0,5,0,2,0
1505400,18,0,11,0,2,0
1505500,11,0,6,0,3,0
1505600,9,0,12,0,3,0
1505700,25,0,9,0,2,0
1505800,6,0,2,0,2,0
1505900,7,0,8,0,0,0
1506000,14,0,16,0,1,0
1506100,17,0,24,0,6,0
1506200,3,0,10,0,0,0
1506300,5,0,2,0,4,0
1506400,12,0,4,0,1,0
1506500,8,0,15,0,3,0
1506600,7,0,7,0,2,0
1506700,6,0,5,0,0,0
1506800,9,0,10,0,2,0
1506900,14,0,7,0,4,0
1507000,10,0,8,0,0,0
1507100,20,0,2,0,4,0
1507200,7,0,12,0,3,0
1507300,5,0,8,0,0,0
1507400,4,0,11,0,3,0
1507500,5,0,12,0,1,0
1507600,6,0,14,0,1,0
1507700,17,0,10,0,3,0
1507800,1,0,8,0,1,0
1507900,9,0,6,0,1,0
1508000,29,0,7,0,1,0
1508100,8,0,22,0,4,0
1508200,2,0,4,0,0,0
1508300,15,0,4,0,3,0
1508400,5,0,20,0,0,0
1508500,10,0,4,0,2,0
1508600,0,0,6,0,1,0
1508700,17,0,7,0,1,0
1508800,12,0,21,0,2,0
1508900,7,0,9,0,3,0
1509000,5,0,0,0,0,0
1509100,2,0,5,0,2,0
1509200,27,0,6,0,7,0
1509300,4,0,14,0,2,0
1509400,0,0,4,0,1,0
1509500,7,0,5,0,1,0
1509600,14,0,22,0,2,0
1509700,6,0,8,0,5,0
1509800,6,0,5,0,1,0
1509900,13,0,13,0,1,0
1510000,12,0,4,0,1,0
1510100,12,0,13,0,2,0
1510200,10,0,4,0,1,0
1510300,21,0,14,0,1,0
1510400,8,0,17,0,0,0
1510500,10,0,7,0,1,0
1510600,8,1,7,0,1,1
1510700,13,0,6,0,5,0
1510800,19,0,10,0,3,0
1510900,2,0,9,0,0,0
1511000,4,0,3,0,4,0
1511100,11,0,18,0,2,0
1511200,5,0,19,0,1,0
1511300,16,0,4,0,1,0
1511400,7,1,13,0,6,1
1511500,12,0,4,0,0,0
1511600,13,0,7,0,3,0
1511700,11,0,11,0,3,0
1511800,6,0,5,0,0,0
1511900,3,0,7,0,2,0
1512000,9,0,14,0,3,0
1512100,6,0,6,0,3,0
1512200,7,0,69,52,2,0
1512300,14,0,6,0,1,0
1512400,8,0,15,0,0,0
1512500,8,0,6,0,1,0
1512600,17,0,15,0,2,0
1512700,35,0,5,8,1,0
1512800,5,0,3,0,1,0
1512900,14,0,12,0,1,0
1513000,9,0,13,0,1,0
1513100,8,0,6,0,0,0
1513200,8,0,7,0,3,0
1513300,18,0,3,0,4,0
1513400,12,0,6,0,2,0
1513500,4,0,9,0,2,0
1513600,7,0,5,0,1,0
1513700,1,0,11,0,1,0
1513800,3,0,10,0,1,0
1513900,15,0,7,0,3,0
1514000,2,1,8,0,1,1
1514100,14,0,12,0,2,0
1514200,7,0,8,0,0,0
1514300,5,0,10,0,0,0
1514400,12,0,8,0,5,0
1514500,7,0,10,0,0,0
1514600,5,0,6,0,3,0
1514700,6,0,4,0,0,0
1514800,8,0,9,0,1,0
1514900,9,0,2,0,2,0
1515000,20,0,5,0,2,0
1515100,3,0,8,0,1,0
1515200,14,0,9,0,0,0
1515300,12,0,11,0,2,0
1515400,7,0,15,0,3,0
1515500,9,0,2,0,0,0
1515600,7,0,4,0,3,0
1515700,15,0,13,0,3,0
1515800,4,0,4,0,1,0
1515900,6,0,5,0,0,0
1516000,8,0,9,0,2,0
1516100,4,0,6,0,0,0
1516200,4,0,7,0,1,0
1516300,4,0,7,0,1,0
1516400,6,0,5,0,0,0
1516500,10,0,7,0,0,0
1516600,14,0,2,0,3,0
1516700,4,0,60,60,2,0
1516800,10,0,10,0,1,0
1516900,8,0,3,0,2,0
1517000,5,0,9,0,2,0
1517100,4,0,1,0,2,0
1517200,16,0,13,0,2,0
1517300,26,0,11,0,1,0
1517400,21,0,4,13,4,0
1517500,8,0,9,0,3,0
1517600,5,0,4,0,0,0
1517700,12,0,4,0,1,0
1517800,10,0,13,0,1,0
1517900,3,0,7,0,2,0
1518000,4,0,5,0,3,0
1518100,5,0,8,0,1,0
1518200,5,0,4,0,1,0
1518300,8,0,10,0,2,0
1518400,11,0,4,0,2,0
1518500,18,0,10,0,2,0
1518600,6,0,5,0,1,0
1518700,12,0,10,0,1,0
1518800,4,0,5,0,0,0
1518900,5,0,9,0,1,0
1519000,18,0,7,0,6,0
1519100,7,0,3,0,0,0
1519200,5,0,10,0,3,0
1519300,10,0,1,0,0,0
1519400,10,0,15,0,5,0
1519500,4,0,10,0,2,0
1519600,9,0,6,0,1,0
1519700,13,0,7,0,1,0
1519800,20,0,10,0,2,0
1519900,15,0,3,0,2,0
1520000,10,0,11,0,4,0
1520100,5,0,1,0,0,0
1520200,9,0,17,0,4,0
1520300,7,0,7,0,0,0
1520400,8,0,4,0,0,0
1520500,4,0,3,0,0,0
1520600,11,0,15,0,1,0
1520700,9,0,4,0,1,0
1520800,10,0,6,0,2,0
1520900,4,0,7,0,1,0
1521000,17,0,7,0,4,0
1521100,3,0,4,0,2,0
1521200,0,0,8,0,0,0
1521300,5,0,8,0,0,0
1521400,3,0,5,0,6,0
1521500,1,0,5,0,2,0
1521600,11,0,7,0,1,0
1521700,11,0,9,0,1,0
1521800,7,0,4,0,4,0
1521900,8,0,7,0,4,0
1522000,3,0,5,0,1,0
1522100,8,0,4,0,1,0
1522200,13,0,10,0,2,0
1522300,17,0,20,0,3,0
1522400,7,0,1,0,1,0
1522500,6,0,6,0,2,0
1522600,10,0,11,0,2,0
1522700,18,0,5,0,2,0
1522800,7,0,5,0,1,0
1522900,14,0,9,0,2,0
1523000,7,0,8,0,0,0
1523100,10,0,6,0,3,0
1523200,6,0,6,0,1,0
1523300,3,0,7,0,0,0
1523400,5,0,12,0,0,0
1523500,3,0,7,0,0,0
1523600,12,0,8,0,4,0
1523700,8,0,3,0,0,0
1523800,9,0,9,0,3,0
1523900,10,0,8,0,1,0
1524000,3,0,6,0,2,0
1524100,5,0,8,0,2,0
1524200,8,0,5,0,2,0
1524300,4,0,6,0,2,0
1524400,3,0,3,0,3,0
1524500,5,0,4,0,3,0
1524600,4,0,11,0,1,0
1524700,9,0,2,0,1,0
1524800,12,1,6,0,1,1
1524900,13,0,13,0,2,0
1525000,8,0,10,0,1,0
1525100,9,0,7,0,2,0
1525200,4,0,6,0,1,0
1525300,6,0,4,0,1,0
1525400,11,0,10,0,1,0
1525500,8,0,9,0,2,0
1525600,1,0,4,0,0,0
1525700,12,0,6,0,4,0
1525800,5,0,10,0,0,0
1525900,2,0,7,0,1,0
1526000,9,0,1,0,4,0
1526100,6,0,7,0,1,0
1526200,10,0,4,0,4,0
1526300,9,0,4,0,0,0
1526400,7,1,9,0,3,1
1526500,4,0,6,0,0,0
1526600,6,0,8,0,0,0
1526700,9,0,12,0,1,0
1526800,10,0,6,0,2,0
1526900,10,0,5,0,3,0
1527000,5,0,4,0,0,0
1527100,10,0,7,0,4,0
1527200,8,0,12,0,3,0
1527300,8,0,7,0,1,0
1527400,6,0,6,0,1,0
1527500,6,0,8,0,1,0
1527600,11,0,8,0,1,0
1527700,9,0,16,0,0,0
1527800,9,0,2,0,0,0
1527900,10,0,8,0,1,0
1528000,7,0,6,0,1,0
1528100,10,0,7,0,1,0
1528200,7,0,7,0,0,0
1528300,8,0,7,0,2,0
1528400,12,0,4,0,4,0
1528500,4,0,67,63,3,0
1528600,8,0,10,0,2,0
1528700,11,0,5,0,0,0
1528800,5,0,10,0,2,0
1528900,8,0,3,0,2,0
1529000,42,0,5,6,4,0
1529100,5,0,8,0,1,0
1529200,2,0,3,0,0,0
1529300,7,0,8,0,1,0
1529400,4,0,12,0,3,0
1529500,7,0,3,0,0,0
1529600,6,0,5,0,2,0
1529700,6,0,5,0,1,0
1529800,4,0,3,0,0,0
1529900,4,0,10,0,1,0
1530000,3,0,7,0,0,0
1530100,9,0,3,0,1,0
1530200,6,0,5,0,0,0
1530300,5,1,7,0,1,1
1530400,12,0,8,0,2,0
1530500,2,0,5,0,4,0
1530600,14,0,11,0,1,0
1530700,5,0,4,0,1,0
1530800,2,0,7,0,2,0
1530900,5,0,14,0,2,0
1531000,6,0,2,0,0,0
1531100,6,0,6,0,2,0
1531200,7,0,7,0,2,0
1531300,4,0,6,0,0,0
1531400,5,0,6,0,0,0
1531500,4,0,3,0,2,0
1531600,14,0,10,0,3,0
1531700,6,0,4,0,0,0
1531800,4,0,4,0,0,0
1531900,7,0,6,0,2,0
1532000,6,0,2,0,1,0
1532100,19,0,14,0,2,0
1532200,14,0,11,0,0,0
1532300,6,0,4,0,0,0
1532400,6,0,4,0,1,0
1532500,10,0,8,0,2,0
1532600,4,0,3,0,2,0
1532700,2,0,4,0,1,0
1532800,7,0,6,0,1,0
1532900,6,0,4,0,1,0
1533000,9,0,3,0,6,0
1533100,3,0,8,0,1,0
1533200,13,0,6,0,3,0
1533300,12,0,4,0,5,0
1533400,2,0,12,0,0,0
1533500,2,0,0,0,1,0
1533600,10,0,8,0,3,0
1533700,5,0,11,0,0,0
1533800,3,0,5,0,1,0
1533900,3,0,2,0,0,0
1534000,16,0,8,0,2,0
1534100,4,0,7,0,3,0
1534200,3,0,7,0,0,0
1534300,7,0,7,0,0,0
1534400,14,0,2,0,1,0
1534500,8,1,10,0,0,1
1534600,12,1,8,0,2,1
1534700,7,0,4,0,2,0
1534800,9,0,1,0,3,0
1534900,3,0,66,57,5,0
1535000,12,0,12,0,2,0
1535100,2,0,4,0,0,0
1535200,3,0,7,0,4,0
1535300,5,0,6,0,1,0
1535400,39,0,6,6,0,0
1535500,7,0,3,0,1,0
1535600,2,0,5,0,1,0
1535700,2,0,9,0,1,0
1535800,6,0,7,0,1,0
1535900,5,0,6,0,0,0
1536000,7,0,7,0,1,0
1536100,12,0,6,0,0,0
1536200,10,0,1,0,1,0
1536300,6,0,8,0,1,0
1536400,10,0,10,0,1,0
1536500,1,0,6,0,2,0
1536600,4,0,3,0,0,0
1536700,3,0,8,0,1,0
1536800,8,0,7,0,2,0
1536900,2,0,4,0,0,0
1537000,3,0,3,0,0,0
1537100,4,0,8,0,2,0
1537200,3,0,7,0,1,0
1537300,1,0,3,0,0,0
1537400,5,0,6,0,0,0
1537500,10,0,9,0,0,0
1537600,4,0,71,56,1,0
1537700,4,0,4,0,2,0
1537800,3,0,0,0,2,0
1537900,12,0,10,0,0,0
1538000,5,0,4,0,1,0
1538100,37,0,3,4,1,0
1538200,4,0,6,0,1,0
1538300,6,0,5,0,1,0
1538400,3,0,6,0,0,0
1538500,8,0,7,0,1,0
1538600,4,0,5,0,0,0
1538700,7,0,7,0,1,0
1538800,11,0,4,0,3,0
1538900,2,0,5,0,1,0
1539000,1,0,2,0,1,0
1539100,10,0,8,0,2,0
1539200,5,0,4,0,1,0
1539300,2,0,10,0,1,0
1539400,13,0,4,0,2,0
1539500,3,0,5,0,4,0
1539600,6,0,2,0,0,0
1539700,7,0,8,0,1,0
1539800,7,0,4,0,2,0
1539900,1,0,3,0,3,0
1540000,4,0,5,0,1,0
1540100,10,0,9,0,0,0
1540200,4,0,4,0,0,0
1540300,2,0,4,0,0,0
1540400,8,0,7,0,1,0
1540500,11,0,9,0,1,0
1540600,2,0,4,0,1,0
1540700,3,0,1,0,2,0
1540800,7,0,5,0,0,0
1540900,7,0,10,0,2,0
1541000,5,0,4,0,3,0
1541100,8,0,2,0,2,0
1541200,3,0,5,0,1,0
1541300,8,0,4,0,0,0
1541400,6,0,8,0,0,0
1541500,3,0,5,0,0,0
1541600,5,0,1,0,1,0
1541700,7,0,9,0,2,0
1541800,7,0,6,0,0,0
1541900,3,0,2,0,2,0
1542000,3,0,6,0,1,0
1542100,9,0,5,0,1,0
1542200,4,0,9,0,0,0
1542300,6,0,6,0,0,0
1542400,7,0,4,0,1,0
1542500,9,0,4,0,2,0
1542600,7,0,9,0,0,0
1542700,6,0,3,0,1,0
1542800,10,0,3,0,2,0
1542900,7,0,6,0,2,0
1543000,5,0,5,0,0,0
1543100,8,0,2,0,1,0
1543200,4,0,11,0,0,0
1543300,8,0,5,0,0,0
1543400,13,0,7,0,1,0
1543500,4,0,8,0,1,0
1543600,3,0,3,0,0,0
1543700,12,0,1,0,4,0
1543800,14,0,3,0,2,0
1543900,5,0,8,0,0,0
1544000,3,0,3,0,1,0
1544100,10,0,10,0,2,0
1544200,6,0,3,0,1,0
1544300,1,0,5,0,1,0
1544400,7,0,5,0,3,0
1544500,6,0,5,0,3,0
1544600,3,0,3,0,1,0
1544700,6,0,4,0,3,0
1544800,2,0,3,0,2,0
1544900,2,0,4,0,1,0
1545000,4,0,9,0,0,0
1545100,3,0,5,0,2,0
1545200,6,0,2,0,0,0
1545300,8,0,27,0,1,0
1545400,3,0,49,62,1,0
1545500,6,0,4,0,0,0
1545600,6,0,6,0,1,0
1545700,2,0,2,0,0,0
1545800,39,0,3,3,0,0
1545900,5,0,11,0,1,0
1546000,3,0,2,0,0,0
1546100,4,0,4,0,0,0
1546200,7,0,5,0,2,0
1546300,6,0,9,0,2,0
1546400,4,0,3,0,0,0
1546500,8,0,3,0,1,0
1546600,7,0,7,0,0,0
1546700,10,0,2,0,3,0
1546800,5,0,3,0,1,0
1546900,5,0,5,0,1,0
1547000,2,0,3,0,0,0
1547100,8,0,3,0,3,0
1547200,4,0,4,0,3,0
1547300,5,0,5,0,0,0
1547400,5,0,4,0,0,0
1547500,6,0,2,0,3,0
1547600,4,0,3,0,4,0
1547700,6,0,1,0,0,0
1547800,7,0,5,0,0,0
1547900,7,0,4,0,1,0
1548000,5,0,50,55,2,0
1548100,4,0,21,5,3,0
1548200,7,0,3,0,0,0
1548300,3,0,4,0,1,0
1548400,9,0,2,0,2,0
1548500,43,0,3,6,0,0
1548600,6,0,4,0,4,0
1548700,6,0,5,0,0,0
1548800,5,0,7,0,1,0
1548900,3,0,3,0,3,0
1549000,7,0,3,0,0,0
1549100,6,0,6,0,0,0
1549200,5,0,5,0,1,0
1549300,3,0,4,0,0,0
1549400,4,0,2,0,1,0
1549500,6,0,4,0,1,0
1549600,3,0,8,0,2,0
1549700,0,0,0,0,0,0
1549800,4,0,4,0,2,0
1549900,6,0,4,0,0,0
1550000,6,0,7,0,2,0
1550100,2,0,3,0,1,0
1550200,6,0,3,0,1,0
1550300,4,0,9,0,0,0
1550400,6,0,2,0,1,0
1550500,1,0,1,0,1,0
1550600,4,0,5,0,0,0
1550700,3,0,55,39,0,0
1550800,6,0,37,5,0,0
1550900,8,3,42,62,1,3
1551000,5,0,1,0,0,0
1551100,6,0,6,0,1,0
1551200,44,0,7,1,1,0
1551300,3,0,0,0,2,0
1551400,34,0,2,1,2,0
1551500,7,0,1,0,0,0
1551600,5,0,10,0,2,0
1551700,4,0,2,0,0,0
1551800,5,0,7,0,1,0
1551900,3,0,3,0,0,0
1552000,2,0,4,0,1,0
1552100,7,0,3,0,0,0
1552200,3,0,4,0,2,0
1552300,1,0,2,0,0,0
1552400,7,0,4,0,2,0
1552500,1,0,4,0,1,0
1552600,5,0,1,0,1,0
1552700,1,0,6,0,2,0
1552800,2,0,1,0,0,0
1552900,10,0,5,0,0,0
1553000,3,0,6,0,1,0
1553100,2,0,2,0,1,0
1553200,3,0,1,0,0,0
1553300,6,0,9,0,3,0
1553400,4,0,3,0,0,0
1553500,4,0,2,0,0,0
1553600,6,0,6,0,1,0
1553700,1,0,4,0,2,0
1553800,4,0,1,0,1,0
1553900,5,0,6,0,0,0
1554000,4,0,6,0,1,0
1554100,7,0,6,0,0,0
1554200,2,0,3,0,0,0
1554300,5,0,6,0,1,0
1554400,2,0,4,0,0,0
1554500,5,0,2,0,0,0
1554600,5,0,6,0,0,0
1554700,1,0,3,0,1,0
1554800,5,0,5,0,0,0
1554900,7,0,3,0,2,0
1555000,2,0,3,0,1,0
1555100,1,0,1,0,2,0
1555200,6,0,4,0,2,0
1555300,3,0,2,0,0,0
1555400,2,0,2,0,0,0
1555500,4,0,4,0,3,0
1555600,4,0,3,0,1,0
1555700,3,0,2,0,0,0
1555800,3,0,5,0,1,0
1555900,3,0,3,0,2,0
1556000,3,0,3,0,0,0
1556100,4,0,4,0,1,0
1556200,1,0,3,0,1,0
1556300,3,0,2,0,1,0
1556400,4,0,4,0,1,0
1556500,2,0,3,0,0,0
1556600,4,0,2,0,2,0
1556700,5,0,5,0,1,0
1556800,4,0,3,0,0,0
1556900,4,0,4,0,2,0
1557000,2,0,2,0,1,0
1557100,6,0,4,0,1,0
1557200,2,0,3,0,1,0
1557300,3,0,2,0,1,0
1557400,3,0,3,0,2,0
1557500,3,0,1,0,2,0
1557600,6,0,3,0,0,0
1557700,3,0,3,0,0,0
1557800,8,0,6,0,2,0
1557900,2,0,2,0,0,0
1558000,2,0,3,0,0,0
1558100,7,0,4,0,1,0
1558200,5,0,4,0,2,0
1558300,1,0,2,0,0,0
1558400,7,0,2,0,4,0
1558500,2,0,2,0,1,0
1558600,3,0,4,0,1,0
1558700,2,0,2,0,2,0
1558800,2,0,2,0,0,0
1558900,5,0,3,0,0,0
1559000,4,0,6,0,1,0
1559100,7,0,2,0,0,0
1559200,5,0,3,0,1,0
1559300,5,0,48,41,3,0
1559400,2,0,15,6,2,0
1559500,2,0,2,0,1,0
1559600,3,0,3,0,0,0
1559700,2,0,4,0,0,0
1559800,5,0,5,0,1,0
1559900,36,0,37,18,2,0
1560000,6,0,29,29,1,0
1560100,4,0,1,0,1,0
1560200,4,0,2,0,1,0
1560300,3,0,4,0,0,0
1560400,4,0,2,0,0,0
1560500,37,0,3,4,2,0
1560600,3,0,3,0,1,0
1560700,0,0,2,0,1,0
1560800,8,0,4,0,0,0
1560900,3,0,5,0,0,0
1561000,1,0,1,0,0,0
1561100,3,0,2,0,0,0
1561200,2,0,8,0,0,0
1561300,2,0,2,0,0,0
1561400,5,0,0,0,0,0
1561500,5,0,4,0,1,0
1561600,2,0,3,0,1,0
1561700,2,0,3,0,0,0
1561800,3,0,1,0,0,0
1561900,3,0,5,0,2,0
1562000,3,0,2,0,0,0
1562100,2,0,4,0,0,0
1562200,4,0,3,0,0,0
1562300,4,0,2,0,3,0
1562400,3,0,4,0,1,0
1562500,4,0,3,0,1,0
1562600,4,0,2,0,1,0
1562700,3,0,3,0,1,0
1562800,3,0,4,0,0,0
1562900,1,0,0,0,1,0
1563000,5,0,7,0,0,0
1563100,2,0,4,0,0,0
1563200,3,0,0,0,1,0
1563300,4,0,2,0,1,0
1563400,3,0,19,0,2,0
1563500,0,0,49,52,0,0
1563600,0,0,2,0,0,0
1563700,2,0,3,0,1,0
1563800,2,0,4,0,0,0
1563900,40,0,3,9,1,0
1564000,3,0,3,0,0,0
1564100,0,0,2,0,0,0
1564200,1,0,1,0,1,0
1564300,5,0,5,0,0,0
1564400,3,0,2,0,0,0
1564500,1,0,19,0,1,0
1564600,7,0,48,69,3,0
1564700,1,0,4,0,0,0
1564800,1,0,0,0,1,0
1564900,3,0,1,0,1,0
1565000,2,0,7,0,0,0
1565100,33,0,2,12,0,0
1565200,0,0,1,0,0,0
1565300,3,0,1,0,0,0
1565400,6,0,1,0,0,0
1565500,4,7,15,12,24,7
1565600,2,0,2,0,0,0
1565700,4,0,1,0,2,0
1565800,1,0,4,0,1,0
1565900,0,57,79,98,15,57
1566000,1,82,73,46,29,82
1566100,2,77,56,92,17,77
1566200,4,4,6,165,5,4
1566300,0,0,1,0,0,0
1566400,2,0,0,0,0,0
1566500,1,0,2,0,0,0
1566600,3,0,21,0,2,0
1566700,1,1,51,0,2,1
1566800,1,2,93,82,6,2
1566900,3,0,3,0,2,0
1567000,3,1,18,0,1,1
1567100,0,0,13,0,4,0
1567200,0,7,14,0,4,7
1567300,13,35,32,0,14,35
1567400,2,2,9,0,6,2
1567500,0,0,5,0,1,0
1567600,54,0,3,0,5,0
1567700,3,0,1,0,2,0
1567800,13,0,5,0,1,0
1567900,27,0,7,0,1,0
1568000,29,0,17,0,5,0
1568100,8,1,10,0,1,1
1568200,15,2,3,0,4,2
1568300,28,0,4,0,4,0
1568400,9,0,7,0,0,0
1568500,8,0,3,0,1,0
1568600,3,0,5,0,0,0
1568700,16,0,11,0,3,0
1568800,25,1,13,0,5,1
1568900,3,0,4,0,1,0
1569000,23,0,11,0,3,0
1569100,40,0,21,0,10,0
1569200,35,0,19,0,6,0
1569300,24,0,12,0,3,0
1569400,20,1,10,0,4,1
1569500,17,1,10,0,3,1
1569600,50,0,16,0,8,0
1569700,28,0,27,0,5,0
1569800,3,0,2,0,0,0
1569900,61,0,3,0,6,0
1570000,63,0,29,0,11,0
1570100,19,0,10,0,7,0
1570200,0,0,0,0,1,0
1570300,18,0,21,0,5,0
1570400,45,2,34,0,6,2
1570500,19,1,32,0,5,1
1570600,29,0,2,0,2,0
1570700,6,0,23,0,1,0
1570800,28,0,7,0,5,0
1570900,57,0,5,0,3,0
1571000,28,1,25,0,3,1
1571100,5,0,5,0,1,0
1571200,21,0,8,0,2,0
1571300,34,0,57,26,4,0
1571400,39,0,25,0,7,0
1571500,19,0,8,0,5,0
1571600,28,0,6,0,3,0
1571700,13,0,16,0,5,0
1571800,3,0,3,0,1,0
1571900,13,2,14,0,5,2
1572000,20,0,20,0,3,0
1572100,45,0,7,0,3,0
1572200,3,0,3,0,0,0
1572300,19,0,65,54,3,0
1572400,4,0,15,3,1,0
1572500,18,0,17,0,5,0
1572600,14,0,19,0,1,0
1572700,2,0,2,0,0,0
1572800,6,0,5,0,1,0
1572900,27,0,33,0,7,0
1573000,13,0,83,74,0,0
1573100,2,0,3,0,0,0
1573200,14,0,13,0,3,0
1573300,17,0,21,0,2,0
1573400,38,0,23,0,4,0
1573500,1,0,3,0,0,0
1573600,33,0,26,58,1,0
1573700,18,0,17,0,4,0
1573800,32,0,57,0,2,0
1573900,2,1,26,0,6,1
1574000,2,0,2,0,0,0
1574100,16,0,23,0,1,0
1574200,9,1,38,0,4,1
1574300,14,1,17,14,7,1
1574400,13,1,17,0,2,1
1574500,40,0,14,0,6,0
1574600,56,0,5,0,4,0
1574700,0,0,1,0,1,0
1574800,10,0,21,0,3,0
1574900,16,0,65,8,4,0
1575000,13,0,15,13,4,0
1575100,9,2,16,0,2,2
1575200,2,0,3,0,0,0
1575300,32,0,24,0,3,0
1575400,20,0,36,0,4,0
1575500,28,0,4,0,2,0
1575600,0,0,4,0,0,0
1575700,37,0,42,1,6,0
1575800,12,1,14,0,3,1
1575900,32,0,44,0,9,0
1576000,1,0,4,0,1,0
1576100,14,2,29,0,7,2
1576200,22,0,4,0,2,0
1576300,14,1,11,0,6,1
1576400,13,0,21,0,4,0
1576500,3,0,31,6,0,0
1576600,11,0,16,0,3,0
1576700,24,0,2,0,3,0
1576800,28,0,32,0,4,0
1576900,1,1,4,0,0,1
1577000,12,0,49,6,5,0
1577100,24,0,3,0,2,0
1577200,13,0,20,0,3,0
1577300,23,2,24,0,5,2
1577400,0,0,2,0,0,0
1577500,47,1,58,3,4,1
1577600,37,0,21,0,3,0
1577700,0,0,3,0,0,0
1577800,2,0,25,0,1,0
1577900,26,0,10,0,2,0
1578000,23,0,30,0,2,0
1578100,0,0,2,0,0,0
1578200,6,0,21,0,3,0
1578300,34,0,22,0,4,0
1578400,1,0,32,1,0,0
1578500,2,0,3,0,0,0
1578600,24,0,7,0,2,0
1578700,10,0,42,0,4,0
1578800,11,0,37,1,7,0
1578900,1,0,26,2,1,0
1579000,6,0,21,0,3,0
1579100,8,0,21,0,3,0
1579200,6,0,20,0,3,0
1579300,1,0,2,0,1,0
1579400,6,0,35,0,2,0
1579500,26,0,19,0,2,0
1579600,2,0,3,0,0,0
1579700,17,0,7,0,1,0
1579800,6,0,13,0,0,0
1579900,6,0,40,0,4,0
1580000,8,0,14,0,5,0
1580100,12,1,38,2,3,1
1580200,4,0,19,0,0,0
1580300,0,0,9,0,1,0
1580400,10,0,19,0,3,0
1580500,14,1,38,0,4,1
1580600,17,0,10,0,6,0
1580700,7,0,14,0,1,0
1580800,3,0,32,0,0,0
1580900,8,0,22,0,0,0
1581000,9,0,15,0,4,0
1581100,19,0,7,0,1,0
1581200,4,0,15,0,1,0
1581300,7,0,9,0,2,0
1581400,3,0,3,0,1,0
1581500,30,0,58,5,6,0
1581600,1,0,5,0,0,0
1581700,2,0,24,0,0,0
1581800,16,0,2,0,4,0
1581900,10,2,77,8,7,2
1582000,2,1,8,0,0,1
1582100,2,0,0,0,0,0
1582200,8,1,24,0,10,1
1582300,24,0,31,0,8,0
1582400,39,0,19,0,5,0
1582500,3,0,8,0,0,0
1582600,2,0,3,0,0,0
1582700,17,0,41,0,3,0
1582800,14,0,29,0,6,0
1582900,5,1,18,0,5,1
1583000,3,0,4,0,0,0
1583100,29,1,68,61,7,1
1583200,1,0,19,10,1,0
1583300,7,0,16,0,1,0
1583400,1,0,4,0,1,0
1583500,7,0,11,0,3,0
1583600,36,0,23,41,1,0
1583700,4,0,23,0,3,0
1583800,0,0,0,0,1,0
1583900,31,0,6,0,4,0
1584000,50,1,32,0,4,1
1584100,11,0,41,0,1,0
1584200,1,0,1,0,0,0
1584300,6,0,13,0,3,0
1584400,33,0,42,0,8,0
1584500,10,2,63,4,9,2
1584600,20,0,10,0,5,0
1584700,1,0,3,0,0,0
1584800,4,0,7,0,1,0
1584900,8,0,25,0,4,0
1585000,6,0,17,0,2,0
1585100,5,0,13,0,3,0
1585200,1,0,4,0,1,0
1585300,3,0,8,0,0,0
1585400,20,0,1,0,4,0
1585500,15,0,8,0,1,0
1585600,0,0,5,0,0,0
1585700,14,0,6,0,3,0
1585800,17,0,25,0,4,0
1585900,30,0,20,0,11,0
1586000,1,0,22,0,0,0
1586100,7,0,15,0,1,0
1586200,3,0,22,0,1,0
1586300,25,1,14,0,2,1
1586400,11,0,32,3,6,0
1586500,9,0,16,0,3,0
1586600,19,0,5,0,3,0
1586700,6,0,14,0,2,0
1586800,1,0,3,0,0,0
1586900,7,0,14,0,6,0
1587000,4,2,18,0,3,2
1587100,19,0,2,0,2,0
1587200,31,0,12,0,3,0
1587300,1,0,3,0,0,0
1587400,27,0,33,0,2,0
1587500,18,0,34,0,7,0
1587600,5,0,18,0,5,0
1587700,14,0,2,0,1,0
1587800,1,0,22,0,1,0
1587900,19,0,24,0,4,0
1588000,28,0,12,0,5,0
1588100,7,0,11,0,2,0
1588200,0,0,6,0,0,0
1588300,3,0,14,0,0,0
1588400,32,2,27,0,11,2
1588500,1,0,2,0,0,0
1588600,11,0,16,0,0,0
1588700,3,0,69,79,0,0
1588800,18,0,15,0,5,0
1588900,0,0,2,0,0,0
1589000,6,0,22,0,1,0
1589100,28,0,13,0,0,0
1589200,17,0,19,17,1,0
1589300,2,0,18,0,0,0
1589400,6,0,14,0,2,0
1589500,3,0,17,0,0,0
1589600,1,0,7,0,1,0
1589700,5,0,16,0,1,0
1589800,31,0,29,0,4,0
1589900,8,0,6,0,1,0
1590000,8,1,28,0,1,1
1590100,2,0,1,0,0,0
1590200,5,0,20,0,3,0
1590300,6,0,14,0,1,0
1590400,12,0,18,0,1,0
1590500,0,0,2,0,0,0
1590600,21,0,4,0,1,0
1590700,2,0,3,0,0,0
1590800,6,0,20,0,1,0
1590900,7,0,16,0,1,0
1591000,7,0,14,0,5,0
1591100,12,0,5,0,1,0
1591200,29,0,2,0,6,0
1591300,13,0,31,0,3,0
1591400,7,0,7,0,4,0
1591500,4,0,12,0,0,0
1591600,8,0,28,0,2,0
1591700,6,3,26,0,1,3
1591800,1,0,16,0,1,0
1591900,17,0,7,0,3,0
1592000,17,0,0,0,2,0
1592100,36,0,3,0,4,0
1592200,10,0,9,0,4,0
1592300,18,0,17,0,5,0
1592400,4,0,10,0,3,0
1592500,9,2,27,0,3,2
1592600,3,1,16,0,4,1
1592700,18,1,18,0,4,1
1592800,20,0,4,0,1,0
1592900,4,0,3,0,0,0
1593000,2,0,4,0,1,0
1593100,30,0,19,0,0,0
1593200,13,0,23,0,6,0
1593300,10,0,11,0,1,0
1593400,1,0,4,0,0,0
1593500,11,0,37,0,6,0
1593600,27,0,9,0,4,0
1593700,5,0,11,0,4,0
1593800,4,0,4,0,0,0
1593900,11,0,7,0,1,0
1594000,8,0,24,0,5,0
1594100,10,0,14,0,2,0
1594200,6,0,15,0,1,0
1594300,14,0,4,0,1,0
1594400,2,0,2,0,1,0
1594500,14,0,17,0,3,0
1594600,12,0,9,0,0,0
1594700,6,0,12,0,5,0
1594800,5,0,10,0,3,0
1594900,30,0,21,0,6,0
1595000,19,0,15,0,1,0
1595100,13,0,2,0,0,0
1595200,11,0,16,0,2,0
1595300,21,0,32,0,3,0
1595400,19,0,11,0,4,0
1595500,0,0,0,0,0,0
1595600,6,0,29,13,6,0
1595700,4,0,9,0,0,0
1595800,2,0,13,0,3,0
1595900,1,0,0,0,0,0
1596000,18,0,5,0,2,0
1596100,23,0,16,0,3,0
1596200,2,0,5,0,0,0
1596300,1,0,1,0,0,0
1596400,4,0,15,0,3,0
1596500,6,0,29,0,3,0
1596600,9,0,3,0,2,0
1596700,2,0,0,0,0,0
1596800,22,0,18,0,5,0
1596900,11,0,16,0,2,0
1597000,6,0,9,0,1,0
1597100,7,0,17,0,3,0
1597200,2,0,4,0,0,0
1597300,14,0,21,0,3,0
1597400,4,1,17,0,0,1
1597500,3,1,25,0,1,1
1597600,33,0,14,0,7,0
1597700,0,0,1,0,0,0
1597800,23,0,4,0,4,0
1597900,12,0,10,0,2,0
1598000,15,0,18,0,5,0
1598100,1,0,1,0,0,0
1598200,14,0,37,0,2,0
1598300,9,0,8,0,0,0
1598400,20,0,13,0,4,0
1598500,1,0,1,0,2,0
1598600,11,0,21,0,2,0
1598700,1,0,0,0,0,0
1598800,17,0,4,0,3,0
1598900,2,0,17,0,4,0
1599000,11,0,22,0,0,0
1599100,1,0,1,0,1,0
1599200,4,0,15,0,5,0
1599300,21,0,21,0,1,0
1599400,8,0,1,0,2,0
1599500,3,0,4,0,0,0
1599600,13,0,16,0,3,0
1599700,11,0,24,0,4,0
1599800,4,0,8,0,0,0
1599900,2,0,0,0,0,0
1600000,7,0,26,0,6,0
1600100,9,0,23,0,2,0
1600200,2,0,2,0,0,0
1600300,3,0,11,0,1,0
1600400,5,0,11,0,1,0
1600500,16,0,0,0,1,0
1600600,27,0,3,0,1,0
1600700,5,0,21,0,2,0
1600800,7,0,10,0,0,0
1600900,1,0,10,0,1,0
1601000,24,0,13,0,0,0
1601100,17,0,15,0,0,0
1601200,0,0,14,0,1,0
1601300,5,0,4,0,1,0
1601400,5,0,17,0,1,0
1601500,25,0,3,0,3,0
1601600,22,0,9,0,4,0
1601700,0,0,1,0,0,0
1601800,1,0,4,0,0,0
1601900,20,0,20,0,7,0
1602000,4,0,20,0,4,0
1602100,3,0,3,0,0,0
1602200,31,0,6,0,2,0
1602300,28,0,10,0,6,0
1602400,16,0,3,0,1,0
1602500,3,0,2,0,0,0
1602600,8,0,29,0,5,0
1602700,7,1,17,0,2,1
1602800,16,0,23,0,2,0
1602900,1,0,0,0,0,0
1603000,3,0,8,0,0,0
1603100,2,0,3,0,0,0
1603200,4,0,18,0,2,0
1603300,12,0,1,0,2,0
1603400,3,0,6,0,0,0
1603500,8,0,7,0,1,0
1603600,20,0,3,0,2,0
1603700,10,0,12,0,2,0
1603800,3,0,7,0,0,0
1603900,15,0,13,0,1,0
1604000,21,0,19,0,5,0
1604100,1,0,7,0,1,0
1604200,16,0,2,0,4,0
1604300,3,0,16,0,2,0
1604400,28,0,12,0,1,0
1604500,6,0,15,0,2,0
1604600,5,0,19,0,1,0
1604700,24,0,9,0,1,0
1604800,0,0,1,0,0,0
1604900,2,0,2,0,0,0
1605000,28,0,6,0,3,0
1605100,2,0,22,0,5,0
1605200,10,0,11,0,0,0
1605300,10,0,1,0,3,0
1605400,7,0,23,0,6,0
1605500,9,0,10,0,0,0
1605600,3,0,8,0,1,0
1605700,4,0,11,0,0,0
1605800,12,0,6,0,3,0
1605900,11,0,7,0,4,0
1606000,3,0,2,0,0,0
1606100,4,0,7,0,2,0
1606200,2,0,12,0,3,0
1606300,3,0,16,0,4,0
1606400,15,0,5,0,1,0
1606500,11,0,0,0,2,0
1606600,18,0,7,0,1,0
1606700,2,0,5,0,0,0
1606800,17,0,20,0,3,0
1606900,2,0,5,0,0,0
1607000,17,0,13,0,8,0
1607100,13,0,2,0,0,0
1607200,7,0,23,0,2,0
1607300,7,0,3,0,1,0
1607400,2,0,17,0,3,0
1607500,5,0,1,0,1,0
1607600,2,0,7,0,1,0
1607700,11,0,9,0,3,0
1607800,4,0,54,51,2,0
1607900,3,0,13,10,1,0
1608000,0,0,6,0,1,0
1608100,15,0,13,0,5,0
1608200,2,0,1,0,0,0
1608300,33,0,3,1,1,0
1608400,41,0,4,0,7,0
1608500,2,0,13,0,2,0
1608600,3,0,8,0,3,0
1608700,14,1,11,0,1,1
1608800,20,0,34,0,2,0
1608900,0,0,1,0,0,0
1609000,18,0,1,0,3,0
1609100,15,0,55,47,2,0
1609200,14,0,22,2,7,0
1609300,1,0,1,0,1,0
1609400,7,0,13,0,1,0
1609500,3,0,10,0,2,0
1609600,48,0,12,17,1,0
1609700,15,0,0,0,4,0
1609800,26,0,10,0,3,0
1609900,7,0,2,0,0,0
1610000,9,0,13,0,2,0
1610100,9,0,22,0,5,0
1610200,6,0,15,0,2,0
1610300,2,0,2,0,0,0
1610400,25,0,3,0,2,0
1610500,1,0,13,0,2,0
1610600,19,0,5,0,2,0
1610700,3,0,11,0,0,0
1610800,2,0,8,0,3,0
1610900,10,0,6,0,1,0
1611000,5,0,15,0,1,0
1611100,1,0,2,0,0,0
1611200,9,0,5,0,0,0
1611300,24,0,12,0,1,0
1611400,19,0,14,0,2,0
1611500,1,0,1,0,0,0
1611600,16,0,5,0,2,0
1611700,1,0,3,0,0,0
1611800,4,0,24,0,3,0
1611900,1,0,56,64,0,0
1612000,31,0,14,0,4,0
1612100,9,0,2,0,2,0
1612200,2,0,3,0,1,0
1612300,49,0,10,2,0,0
1612400,7,0,24,0,1,0
1612500,0,0,9,0,2,0
1612600,12,0,4,0,1,0
1612700,26,0,10,0,3,0
1612800,0,0,3,0,0,0
1612900,5,0,4,0,0,0
1613000,13,0,10,0,4,0
1613100,3,0,20,0,3,0
1613200,2,0,2,0,0,0
1613300,19,0,8,0,1,0
1613400,17,0,12,0,1,0
1613500,8,0,2,0,1,0
1613600,0,0,1,0,0,0
1613700,9,0,7,0,2,0
1613800,3,0,18,0,1,0
1613900,11,0,7,0,3,0
1614000,1,0,4,0,0,0
1614100,13,0,4,0,2,0
1614200,1,0,8,0,0,0
1614300,3,0,8,0,3,0
1614400,2,0,2,0,0,0
1614500,6,0,15,0,0,0
1614600,22,0,5,0,0,0
1614700,1,0,0,0,0,0
1614800,11,0,2,0,1,0
1614900,0,0,8,0,0,0
1615000,6,0,18,0,0,0
1615100,2,0,3,0,0,0
1615200,3,0,12,0,1,0
1615300,18,0,2,0,2,0
1615400,11,0,6,0,2,0
1615500,7,0,0,0,2,0
1615600,11,0,3,0,2,0
1615700,3,0,21,0,2,0
1615800,1,0,10,0,2,0
1615900,1,0,8,0,0,0
1616000,2,0,12,0,3,0
1616100,16,0,7,0,4,0
1616200,2,0,9,0,0,0
1616300,2,0,7,0,0,0
1616400,24,0,4,0,1,0
1616500,10,0,16,0,8,0
1616600,1,0,3,0,0,0
1616700,0,0,4,0,0,0
1616800,17,0,13,0,0,0
1616900,7,0,26,0,0,0
1617000,1,0,0,0,1,0
1617100,10,0,7,0,1,0
1617200,14,0,11,0,0,0
1617300,4,0,8,0,2,0
1617400,14,0,3,0,2,0
1617500,12,1,5,0,2,1
1617600,0,0,1,0,0,0
1617700,9,0,7,0,2,0
1617800,3,0,5,0,1,0
1617900,2,0,9,0,1,0
1618000,7,0,2,0,1,0
1618100,12,0,13,0,2,0
1618200,10,0,3,0,3,0
1618300,8,0,8,0,1,0
1618400,15,0,5,0,4,0
1618500,13,0,15,0,6,0
1618600,2,0,1,0,0,0
1618700,2,0,3,0,2,0
1618800,2,0,9,0,2,0
1618900,3,0,15,0,1,0
1619000,1,0,1,0,0,0
1619100,19,0,3,0,1,0
1619200,9,0,7,0,1,0
1619300,15,0,5,0,2,0
1619400,2,0,10,0,1,0
1619500,2,0,2,0,0,0
1619600,13,0,5,0,2,0
1619700,11,0,14,0,2,0
1619800,5,0,2,0,0,0
1619900,3,0,4,0,1,0
1620000,1,0,2,0,0,0
1620100,27,0,18,0,5,0
1620200,2,0,3,0,1,0
1620300,1,0,3,0,0,0
1620400,4,0,1,0,1,0
1620500,12,0,18,0,4,0
1620600,1,0,2,0,0,0
1620700,8,0,4,0,1,0
1620800,2,0,4,0,0,0
1620900,12,0,4,0,0,0
1621000,2,0,2,0,0,0
1621100,11,0,12,0,2,0
1621200,0,0,1,0,0,0
1621300,15,0,10,0,4,0
1621400,10,0,6,0,2,0
1621500,13,0,2,0,3,0
1621600,1,0,1,0,0,0
1621700,13,0,2,0,1,0
1621800,5,0,11,0,3,0
1621900,4,0,13,0,2,0
1622000,0,0,5,0,0,0
1622100,13,1,8,0,4,1
1622200,2,0,9,0,1,0
1622300,10,0,7,0,3,0
1622400,3,0,5,0,1,0
1622500,3,0,11,0,2,0
1622600,8,0,0,0,1,0
1622700,19,0,3,0,2,0
1622800,7,0,17,0,3,0
1622900,6,0,1,0,1,0
1623000,9,0,7,0,1,0
1623100,4,0,7,0,0,0
1623200,8,0,11,0,0,0
1623300,3,0,1,0,0,0
1623400,8,0,13,0,0,0
1623500,14,0,6,0,2,0
1623600,2,0,12,0,2,0
1623700,0,0,2,0,0,0
1623800,11,0,4,0,2,0
1623900,4,0,6,0,2,0
1624000,2,0,4,0,0,0
1624100,0,0,1,0,0,0
1624200,21,0,15,0,1,0
1624300,7,0,1,0,1,0
1624400,10,0,3,0,0,0
1624500,18,0,13,0,1,0
1624600,3,0,8,0,1,0
1624700,10,0,2,0,0,0
1624800,10,0,10,0,0,0
1624900,4,0,5,0,2,0
1625000,6,0,2,0,1,0
1625100,8,0,10,0,4,0
1625200,10,0,3,0,1,0
1625300,6,0,3,0,1,0
1625400,5,0,3,0,0,0
1625500,11,0,14,0,0,0
1625600,1,1,5,0,1,1
1625700,5,0,5,0,3,0
1625800,8,0,9,0,0,0
1625900,19,0,3,0,0,0
1626000,9,0,13,0,3,0
1626100,2,0,5,0,0,0
1626200,10,0,5,0,2,0
1626300,2,0,3,0,0,0
1626400,2,0,4,0,0,0
1626500,0,0,3,0,0,0
1626600,8,0,11,0,1,0
1626700,9,0,7,0,2,0
1626800,13,0,4,0,3,0
1626900,4,0,2,0,1,0
1627000,8,0,2,0,2,0
1627100,7,0,6,0,3,0
1627200,7,0,2,0,1,0
1627300,3,0,5,0,0,0
1627400,2,0,6,0,2,0
1627500,12,0,8,0,3,0
1627600,4,0,9,0,3,0
1627700,9,0,2,0,0,0
1627800,3,0,9,0,1,0
1627900,9,0,6,0,1,0
1628000,11,0,1,0,1,0
1628100,8,0,7,0,2,0
1628200,7,0,4,0,1,0
1628300,7,0,1,0,1,0
1628400,7,0,8,0,3,0
1628500,2,0,3,0,0,0
1628600,8,0,6,0,1,0
1628700,2,0,4,0,3,0
1628800,3,0,7,0,0,0
1628900,6,0,4,0,1,0
1629000,14,0,6,0,1,0
1629100,5,0,8,0,2,0
1629200,0,0,0,0,0,0
1629300,14,0,15,0,6,0
1629400,3,0,3,0,2,0
1629500,2,0,5,0,1,0
1629600,5,0,2,0,0,0
1629700,7,0,13,0,4,0
1629800,5,0,14,0,0,0
1629900,2,0,2,0,0,0
1630000,0,0,1,0,0,0
1630100,19,0,5,0,3,0
1630200,4,0,7,0,0,0
1630300,4,0,2,0,0,0
1630400,4,0,6,0,1,0
1630500,7,0,9,0,5,0
1630600,0,0,1,0,0,0
1630700,14,0,4,0,4,0
1630800,4,0,4,0,1,0
1630900,5,0,8,0,0,0
1631000,7,0,4,0,2,0
1631100,12,0,13,0,0,0
1631200,3,0,6,0,2,0
1631300,29,0,7,0,2,0
1631400,4,0,18,0,1,0
1631500,2,0,3,0,0,0
1631600,11,0,2,0,0,0
1631700,5,0,8,0,0,0
1631800,3,0,4,0,0,0
1631900,1,0,2,0,1,0
1632000,11,0,9,0,3,0
1632100,8,0,2,0,1,0
1632200,8,0,1,0,1,0
1632300,21,0,12,0,3,0
1632400,2,0,4,0,3,0
1632500,4,0,0,0,0,0
1632600,8,0,12,0,3,0
1632700,6,0,3,0,1,0
1632800,10,0,3,0,2,0
1632900,2,0,7,0,1,0
1633000,12,0,4,0,1,0
1633100,2,0,3,0,1,0
1633200,12,0,6,0,1,0
1633300,2,0,6,0,1,0
1633400,3,0,67,47,2,0
1633500,12,0,3,0,1,0
1633600,4,0,4,0,1,0
1633700,2,0,3,0,1,0
1633800,13,0,2,0,2,0
1633900,35,0,11,3,1,0
1634000,2,0,7,0,0,0
1634100,3,0,4,0,0,0
1634200,8,0,7,0,7,0
1634300,13,0,6,0,3,0
1634400,5,0,3,0,0,0
1634500,5,0,6,0,2,0
1634600,4,0,3,0,2,0
1634700,8,0,8,0,1,0
1634800,0,0,4,0,1,0
1634900,5,0,3,0,2,0
1635000,0,0,1,0,0,0
1635100,10,0,10,0,2,0
1635200,9,0,10,0,1,0
1635300,5,0,2,0,2,0
1635400,5,0,5,0,1,0
1635500,8,0,8,0,1,0
1635600,7,0,6,0,0,0
1635700,0,0,4,0,0,0
1635800,3,0,68,63,2,0
1635900,13,0,9,0,0,0
1636000,8,0,3,0,1,0
1636100,2,0,7,0,3,0
1636200,21,0,1,0,1,0
1636300,17,0,6,11,0,0
1636400,12,0,2,0,0,0
1636500,8,0,18,0,2,0
1636600,1,0,4,0,2,0
1636700,7,0,0,0,0,0
1636800,11,0,10,0,1,0
1636900,16,0,8,0,3,0
1637000,1,0,0,0,1,0
1637100,5,0,1,0,3,0
1637200,5,0,6,0,0,0
1637300,2,0,4,0,1,0
1637400,1,0,2,0,1,0
1637500,3,0,7,0,3,0
1637600,3,0,4,0,1,0
1637700,3,0,6,0,0,0
1637800,6,0,4,0,3,0
1637900,11,0,3,0,0,0
1638000,2,0,6,0,1,0
1638100,6,0,3,0,4,0
1638200,17,0,10,0,1,0
1638300,2,0,2,0,0,0
1638400,5,0,0,0,0,0
1638500,12,0,10,0,5,0
1638600,3,0,10,0,1,0
1638700,4,0,0,0,1,0
1638800,9,0,0,0,1,0
1638900,9,0,8,0,2,0
1639000,1,0,2,0,0,0
1639100,2,0,3,0,3,0
1639200,2,0,8,0,4,0
1639300,0,0,2,0,0,0
1639400,8,0,1,0,3,0
1639500,16,0,3,0,3,0
1639600,5,0,1,0,3,0
1639700,2,0,2,0,1,0
1639800,4,0,6,0,0,0
1639900,3,0,18,0,0,0
1640000,5,0,4,0,0,0
1640100,13,0,1,0,1,0
1640200,3,0,9,0,0,0
1640300,9,0,3,0,0,0
1640400,4,0,6,0,2,0
1640500,0,0,1,0,0,0
1640600,2,0,4,0,1,0
1640700,4,0,7,0,0,0
1640800,1,1,1,0,0,1
1640900,9,0,2,0,1,0
1641000,6,0,2,0,1,0
1641100,4,0,3,0,3,0
1641200,2,0,3,0,0,0
1641300,2,0,7,0,3,0
1641400,1,0,4,0,0,0
1641500,9,0,6,0,1,0
1641600,10,0,5,0,1,0
1641700,3,0,8,0,0,0
1641800,6,0,6,0,2,0
1641900,3,0,3,0,1,0
1642000,2,0,0,0,1,0
1642100,15,0,10,0,0,0
1642200,1,0,9,0,1,0
1642300,7,0,5,0,1,0
1642400,5,0,8,0,0,0
1642500,7,0,3,0,2,0
1642600,6,0,1,0,0,0
1642700,1,0,4,0,0,0
1642800,0,0,2,0,0,0
1642900,11,0,8,0,4,0
1643000,4,0,7,0,1,0
1643100,6,0,1,0,0,0
1643200,13,0,6,0,4,0
1643300,3,0,0,0,1,0
1643400,6,0,2,0,3,0
1643500,4,0,2,0,0,0
1643600,7,0,8,0,2,0
1643700,0,0,3,0,1,0
1643800,8,0,6,0,2,0
1643900,4,0,2,0,1,0
1644000,3,0,3,0,1,0
1644100,7,0,3,0,1,0
1644200,11,0,61,55,3,0
1644300,0,0,1,0,1,0
1644400,2,0,2,0,2,0
1644500,3,0,6,0,0,0
1644600,33,0,8,5,0,0
1644700,2,0,5,7,1,0
1644800,9,0,6,0,0,0
1644900,12,0,1,0,4,0
1645000,4,0,8,0,1,0
1645100,11,0,3,0,1,0
1645200,11,0,6,0,4,0
1645300,0,0,0,0,0,0
1645400,9,0,7,0,2,0
1645500,2,0,6,0,2,0
1645600,1,0,2,0,0,0
1645700,2,0,0,0,0,0
1645800,12,0,8,0,0,0
1645900,2,0,13,0,1,0
1646000,12,0,0,0,1,0
1646100,2,0,8,0,0,0
1646200,0,0,2,0,0,0
1646300,4,0,8,0,0,0
1646400,4,0,3,0,1,0
1646500,5,0,2,0,0,0
1646600,1,0,6,0,0,0
1646700,8,0,7,0,1,0
1646800,3,0,3,0,0,0
1646900,0,0,2,0,0,0
1647000,8,0,6,0,2,0
1647100,16,0,7,0,3,0
1647200,0,0,1,0,0,0
1647300,8,0,2,0,2,0
1647400,0,0,7,0,0,0
1647500,5,0,4,0,2,0
1647600,7,0,5,0,2,0
1647700,2,0,2,0,0,0
1647800,8,0,1,0,2,0
1647900,3,0,3,0,0,0
1648000,1,0,5,0,0,0
1648100,0,0,5,0,0,0
1648200,6,0,7,0,1,0
1648300,5,0,2,0,2,0
1648400,5,0,2,0,1,0
1648500,11,0,2,0,1,0
1648600,8,0,5,0,2,0
1648700,0,0,1,0,0,0
1648800,0,0,7,0,2,0
1648900,5,0,6,0,0,0
1649000,2,0,0,0,0,0
1649100,6,0,2,0,5,0
1649200,4,0,2,0,0,0
1649300,6,0,3,0,2,0
1649400,0,0,0,0,1,0
1649500,6,0,7,0,2,0
1649600,1,0,1,0,3,0
1649700,9,0,0,0,1,0
1649800,4,0,3,0,2,0
1649900,2,0,5,0,2,0
1650000,0,0,1,0,0,0
1650100,3,0,6,0,1,0
1650200,6,0,7,0,1,0
1650300,4,0,3,0,1,0
1650400,4,0,1,0,0,0
1650500,3,0,0,0,0,0
1650600,15,0,4,0,1,0
1650700,4,0,10,0,0,0
1650800,0,0,1,0,0,0
1650900,5,0,4,0,0,0
1651000,4,0,7,0,3,0
1651100,10,0,5,0,0,0
1651200,3,0,5,0,2,0
1651300,3,0,1,0,0,0
1651400,12,0,7,0,4,0
1651500,1,0,0,0,0,0
1651600,0,0,2,0,0,0
1651700,1,0,5,0,0,0
1651800,5,0,6,0,1,0
1651900,6,0,2,0,2,0
1652000,0,0,4,0,0,0
1652100,8,0,2,0,1,0
1652200,7,0,7,0,1,0
1652300,5,0,6,0,1,0
1652400,5,0,4,0,0,0
1652500,7,0,3,0,2,0
1652600,8,0,2,0,1,0
1652700,1,0,5,0,1,0
1652800,4,0,3,0,0,0
1652900,9,0,10,0,2,0
1653000,2,0,1,0,2,0
1653100,3,0,3,0,0,0
1653200,4,0,2,0,1,0
1653300,6,0,4,0,1,0
1653400,4,0,4,0,0,0
1653500,1,0,2,0,1,0
1653600,6,0,5,0,1,0
1653700,4,0,4,0,2,0
1653800,3,0,2,0,1,0
1653900,2,0,0,0,1,0
1654000,2,0,6,0,0,0
1654100,6,0,7,0,0,0
1654200,0,0,1,0,1,0
1654300,0,0,1,0,0,0
1654400,1,0,2,0,0,0
1654500,8,0,2,0,1,0
1654600,5,0,5,0,2,0
1654700,0,0,2,0,1,0
1654800,7,0,4,0,1,0
1654900,5,0,8,0,2,0
1655000,2,0,0,0,0,0
1655100,4,0,2,0,1,0
1655200,12,0,4,0,2,0
1655300,2,0,6,0,0,0
1655400,5,0,0,0,1,0
1655500,5,0,6,0,0,0
1655600,1,0,2,0,0,0
1655700,4,0,1,0,1,0
1655800,2,0,3,0,2,0
1655900,4,0,6,0,1,0
1656000,0,0,0,0,0,0
1656100,7,0,5,0,0,0
1656200,7,0,7,0,1,0
1656300,5,0,0,0,1,0
1656400,6,0,4,0,1,0
1656500,6,0,3,0,1,0
1656600,0,0,1,0,1,0
1656700,3,0,4,0,2,0
1656800,4,0,6,0,3,0
1656900,0,0,0,0,1,0
1657000,8,0,0,0,2,0
1657100,8,0,7,0,0,0
1657200,0,0,1,0,0,0
1657300,2,0,0,0,1,0
1657400,10,0,11,0,1,0
1657500,5,0,1,0,0,0
1657600,6,0,2,0,1,0
1657700,11,0,6,0,2,0
1657800,3,0,0,0,0,0
1657900,4,0,4,0,0,0
1658000,8,0,8,0,2,0
1658100,2,0,0,0,0,0
1658200,4,0,3,0,2,0
1658300,5,0,6,0,1,0
1658400,2,0,3,0,2,0
1658500,1,0,3,0,0,0
1658600,3,0,5,0,1,0
1658700,2,0,1,0,0,0
1658800,2,0,5,0,1,0
1658900,1,0,2,0,0,0
1659000,7,0,4,0,1,0
1659100,2,0,3,0,1,0
1659200,4,0,1,0,0,0
1659300,3,0,2,0,1,0
1659400,5,0,7,0,1,0
1659500,3,0,1,0,0,0
1659600,4,0,4,0,0,0
1659700,3,0,2,0,0,0
1659800,13,0,1,0,0,0
1659900,2,0,9,0,0,0
1660000,3,0,3,0,1,0
1660100,3,0,1,0,1,0
1660200,3,0,4,0,0,0
1660300,3,0,4,0,1,0
1660400,4,0,3,0,0,0
1660500,2,0,3,0,0,0
1660600,4,0,2,0,1,0
1660700,2,0,3,0,0,0
1660800,3,0,2,0,0,0
1660900,2,0,3,0,1,0
1661000,7,0,1,0,0,0
1661100,2,0,6,0,1,0
1661200,7,0,3,0,0,0
1661300,1,0,6,0,3,0
1661400,2,0,0,0,0,0
1661500,4,0,5,0,0,0
1661600,3,0,1,0,0,0
1661700,1,0,3,0,2,0
1661800,2,0,2,0,0,0
1661900,0,0,4,0,1,0
1662000,0,0,1,0,0,0
1662100,6,0,4,0,1,0
1662200,0,0,4,0,0,0
1662300,6,0,0,0,1,0
1662400,4,0,4,0,1,0
1662500,0,0,2,0,1,0
1662600,8,0,3,0,0,0
1662700,2,0,4,0,2,0
1662800,0,0,1,0,1,0
1662900,12,0,3,0,1,0
1663000,4,0,4,0,0,0
1663100,2,0,0,0,0,0
1663200,2,0,4,0,1,0
1663300,2,0,2,0,0,0
1663400,6,0,1,0,1,0
1663500,3,0,6,0,2,0
1663600,1,0,2,0,1,0
1663700,8,0,1,0,2,0
1663800,0,0,2,0,1,0
1663900,4,0,4,0,0,0
1664000,6,0,0,0,0,0
1664100,8,0,5,0,0,0
1664200,3,0,5,0,2,0
1664300,6,0,1,0,0,0
1664400,3,0,3,0,1,0
1664500,0,0,3,0,0,0
1664600,0,0,3,0,1,0
1664700,4,0,5,0,1,0
1664800,0,0,1,0,0,0
1664900,5,0,3,0,1,0
1665000,4,0,2,0,2,0
1665100,2,0,1,0,1,0
1665200,2,0,2,0,0,0
1665300,2,0,2,0,1,0
1665400,3,0,6,0,2,0
1665500,0,0,1,0,0,0
1665600,7,0,3,0,1,0
1665700,4,0,4,0,1,0
1665800,0,0,2,0,0,0
1665900,3,0,3,0,0,0
1666000,4,0,3,0,1,0
1666100,1,0,2,0,0,0
1666200,8,0,4,0,0,0
1666300,7,0,4,0,3,0
1666400,1,0,1,0,1,0
1666500,4,0,3,0,0,0
1666600,4,0,2,0,0,0
1666700,1,0,3,0,1,0
1666800,3,0,3,0,0,0
1666900,2,0,2,0,1,0
1667000,3,0,2,0,2,0
1667100,5,0,2,0,0,0
1667200,1,0,2,0,1,0
1667300,3,0,2,0,1,0
1667400,4,0,6,0,0,0
1667500,3,0,1,0,0,0
1667600,8,0,1,0,0,0
1667700,8,0,5,0,1,0
1667800,1,0,4,0,1,0
1667900,2,0,2,0,0,0
1668000,2,0,3,0,1,0
1668100,2,0,2,0,1,0
1668200,1,0,3,0,0,0
1668300,2,0,3,0,0,0
1668400,3,0,3,0,0,0
1668500,0,0,3,0,0,0
1668600,2,0,1,0,1,0
1668700,6,0,4,0,1,0
1668800,0,0,1,0,0,0
1668900,1,0,0,0,0,0
1669000,5,0,3,0,1,0
1669100,6,0,2,0,0,0
1669200,7,0,3,0,2,0
1669300,1,0,2,0,0,0
1669400,3,0,3,0,0,0
1669500,3,0,3,0,1,0
1669600,1,0,3,0,0,0
1669700,5,0,1,0,0,0
1669800,5,0,5,0,0,0
1669900,0,0,3,0,0,0
1670000,4,0,4,0,0,0
1670100,6,0,3,0,0,0
1670200,0,0,5,0,0,0
1670300,1,0,2,0,0,0
1670400,3,0,0,0,0,0
1670500,3,0,5,0,1,0
1670600,2,0,2,0,0,0
1670700,4,0,3,0,0,0
1670800,2,0,4,0,0,0
1670900,0,0,2,0,0,0
1671000,8,0,2,0,1,0
1671100,1,0,6,0,1,0
1671200,2,0,2,0,0,0
1671300,2,0,2,0,1,0
1671400,6,0,4,0,2,0
1671500,0,0,1,0,0,0
1671600,5,0,2,0,1,0
1671700,4,0,0,0,1,0
1671800,3,0,2,0,1,0
1671900,3,0,3,0,2,0
1672000,2,0,3,0,0,0
1672100,2,0,2,0,2,0
1672200,4,0,3,0,1,0
1672300,3,0,3,0,0,0
1672400,1,0,2,0,0,0
1672500,3,0,4,0,2,0
1672600,3,0,3,0,0,0
1672700,0,0,3,0,1,0
1672800,3,0,3,0,0,0
1672900,4,0,5,0,0,0
1673000,3,0,1,0,1,0
1673100,4,0,1,0,0,0
1673200,4,0,3,0,0,0
1673300,0,0,3,0,0,0
1673400,1,0,2,0,0,0
1673500,1,0,3,0,0,0
1673600,0,0,1,0,0,0
1673700,7,0,2,0,1,0
1673800,3,0,5,0,0,0
1673900,3,0,3,0,0,0
1674000,6,0,1,0,1,0
1674100,2,0,8,0,0,0
1674200,1,0,1,0,0,0
1674300,0,0,0,0,1,0
1674400,8,0,8,0,0,0
1674500,1,0,1,0,0,0
1674600,2,0,1,0,1,0
1674700,6,0,4,0,0,0
1674800,3,0,2,0,0,0
1674900,2,0,2,0,2,0
1675000,1,0,4,0,1,0
1675100,5,0,1,0,0,0
1675200,4,0,2,0,1,0
1675300,1,0,4,0,1,0
1675400,0,0,1,0,0,0
1675500,3,0,3,0,0,0
1675600,1,0,4,0,1,0
1675700,0,0,0,0,0,0
1675800,5,0,2,0,0,0
1675900,7,0,5,0,1,0
1676000,1,0,4,0,0,0
1676100,3,0,0,0,1,0
1676200,4,0,3,0,1,0
1676300,4,0,2,0,0,0
1676400,1,0,6,0,0,0
1676500,1,0,1,0,1,0
1676600,2,0,1,0,1,0
1676700,7,0,2,0,0,0
1676800,4,0,6,0,0,0
1676900,1,0,1,0,0,0
1677000,5,0,3,0,1,0
1677100,0,0,2,0,0,0
1677200,4,0,3,0,1,0
1677300,1,0,2,0,0,0
1677400,1,0,3,0,0,0
1677500,2,0,1,0,0,0
1677600,5,0,6,0,1,0
1677700,0,0,3,0,0,0
1677800,2,0,0,0,0,0
1677900,6,0,5,0,1,0
1678000,1,0,1,0,1,0
1678100,2,0,2,0,0,0
1678200,2,0,3,0,1,0
1678300,1,0,60,53,0,0
1678400,4,0,3,0,1,0
1678500,3,0,3,0,0,0
1678600,3,0,0,0,0,0
1678700,37,0,1,3,2,0
1678800,4,0,4,0,0,0
1678900,2,0,0,0,0,0
1679000,2,0,2,0,1,0
1679100,3,0,3,0,0,0
1679200,3,0,2,0,0,0
1679300,5,0,3,0,2,0
1679400,1,0,2,0,0,0
1679500,0,0,0,0,0,0
1679600,3,0,2,0,2,0
1679700,2,0,2,0,1,0
1679800,1,0,0,0,0,0
1679900,6,0,2,0,1,0
1680000,0,0,3,0,2,0
1680100,2,0,1,0,2,0
1680200,3,0,1,0,0,0
1680300,1,0,2,0,1,0
1680400,1,0,1,0,1,0
1680500,3,0,4,0,1,0
1680600,1,0,2,0,1,0
1680700,1,0,1,0,0,0
1680800,3,0,3,0,0,0
1680900,3,0,3,0,1,0
1681000,0,0,1,0,0,0
1681100,1,0,1,0,0,0
1681200,3,0,1,0,0,0
1681300,0,0,4,0,1,0
1681400,1,0,0,0,0,0
1681500,1,0,3,0,0,0
1681600,0,0,0,0,1,0
1681700,2,0,2,0,1,0
1681800,1,0,2,0,0,0
1681900,2,0,2,0,0,0
1682000,6,0,0,0,1,0
1682100,3,0,3,0,0,0
1682200,2,0,2,0,1,0
1682300,0,0,1,0,1,0
1682400,2,0,1,0,2,0
1682500,2,0,2,0,0,0
1682600,1,0,1,0,1,0
1682700,2,0,2,0,1,0
1682800,1,0,1,0,0,0
1682900,1,0,0,0,1,0
1683000,4,0,5,0,1,0
1683100,2,0,2,0,0,0
1683200,1,0,1,0,0,0
1683300,3,0,4,0,0,0
1683400,4,0,3,0,0,0
1683500,1,0,1,0,0,0
1683600,1,0,2,0,0,0
1683700,3,0,4,0,0,0
1683800,0,0,1,0,0,0
1683900,2,0,2,0,0,0
1684000,3,0,1,0,2,0
1684100,3,0,1,0,0,0
1684200,3,0,4,0,0,0
1684300,1,0,3,0,1,0
1684400,2,0,0,0,1,0
1684500,2,0,2,0,0,0
1684600,3,0,2,0,0,0
1684700,4,0,0,0,2,0
1684800,3,0,0,0,0,0
1684900,3,0,4,0,0,0
1685000,2,0,0,0,2,0
1685100,0,0,1,0,0,0
1685200,3,0,0,0,3,0
1685300,6,0,1,0,1,0
1685400,1,0,2,0,0,0
1685500,0,0,0,0,0,0
1685600,2,0,4,0,0,0
1685700,1,0,3,0,0,0
1685800,0,0,0,0,0,0
1685900,4,0,3,0,1,0
1686000,0,0,1,0,0,0
1686100,2,0,1,0,0,0
1686200,3,0,3,0,1,0
1686300,0,0,1,0,1,0
1686400,1,0,0,0,0,0
1686500,3,0,4,0,1,0
1686600,0,0,0,0,1,0
1686700,2,0,0,0,1,0
1686800,4,0,2,0,2,0
1686900,1,0,2,0,0,0
1687000,1,0,1,0,0,0
1687100,4,0,4,0,0,0
1687200,1,0,2,0,0,0
1687300,2,0,1,0,0,0
1687400,2,0,3,0,0,0
1687500,0,0,3,0,0,0
1687600,0,0,1,0,1,0
1687700,3,0,2,0,0,0
1687800,1,0,2,0,0,0
1687900,3,0,0,0,0,0
1688000,3,0,4,0,1,0
1688100,0,0,2,0,0,0
1688200,1,0,0,0,0,0
1688300,2,0,3,0,0,0
1688400,1,0,2,0,0,0
1688500,2,0,3,0,0,0
1688600,2,0,2,0,0,0
1688700,1,0,1,0,0,0
1688800,0,0,2,0,0,0
1688900,1,0,3,0,1,0
1689000,1,0,1,0,0,0
1689100,0,0,0,0,0,0
1689200,3,0,3,0,0,0
1689300,2,0,2,0,2,0
1689400,0,0,0,0,0,0
1689500,2,0,1,0,0,0
1689600,4,0,4,0,0,0
1689700,1,0,1,0,0,0
1689800,1,0,1,0,1,0
1689900,3,0,2,0,0,0
1690000,3,0,2,0,0,0
1690100,3,0,2,0,1,0
1690200,0,0,3,0,0,0
1690300,1,0,1,0,0,0
1690400,1,0,32,11,2,0
1690500,9,1,60,67,2,1
1690600,5,1,18,17,1,1
1690700,0,0,0,0,1,0
1690800,1,0,2,0,0,0
1690900,33,0,1,2,0,0
1691000,32,0,2,2,0,0
1691100,2,0,1,0,0,0
1691200,1,0,2,0,0,0
1691300,1,0,1,0,0,0
1691400,1,0,2,0,0,0
1691500,1,0,2,0,0,0
1691600,0,0,1,0,0,0
1691700,1,0,0,0,1,0
1691800,5,0,2,0,0,0
1691900,2,0,1,0,0,0
1692000,2,0,0,0,0,0
1692100,4,0,2,0,1,0
1692200,1,0,1,0,1,0
1692300,1,0,0,0,0,0
1692400,1,0,3,0,0,0
1692500,0,0,0,0,1,0
1692600,3,0,0,0,0,0
1692700,5,0,1,0,0,0
1692800,1,0,4,0,0,0
1692900,1,0,0,0,0,0
1693000,2,0,1,0,0,0
1693100,2,0,3,0,0,0
1693200,1,0,1,0,0,0
1693300,0,0,2,0,0,0
1693400,0,0,1,0,1,0
1693500,1,0,0,0,0,0
1693600,1,0,3,0,0,0
1693700,1,0,1,0,0,0
1693800,1,0,1,0,0,0
1693900,1,0,2,0,0,0
1694000,8,0,40,37,10,0
1694100,3,0,2,0,0,0
1694200,1,0,2,0,0,0
1694300,0,0,0,0,0,0
1694400,32,0,1,5,0,0
1694500,1,0,3,0,0,0
1694600,0,0,0,0,0,0
1694700,2,0,1,0,0,0
1694800,1,0,3,0,0,0
1694900,0,0,0,0,0,0
1695000,1,0,2,0,1,0
1695100,0,0,0,0,0,0
1695200,1,0,0,0,0,0
1695300,1,0,2,0,0,0
1695400,1,0,2,0,0,0
1695500,1,0,0,0,0,0
1695600,2,0,1,0,0,0
1695700,1,0,2,0,0,0
1695800,0,0,1,0,0,0
1695900,0,0,0,0,1,0
1696000,1,0,2,0,0,0
1696100,0,0,0,0,0,0
1696200,2,0,0,0,0,0
1696300,0,0,3,0,0,0
1696400,0,0,1,0,0,0
1696500,0,0,1,0,0,0
1696600,1,0,1,0,0,0
1696700,1,0,1,0,0,0
1696800,3,0,1,0,0,0
1696900,1,0,1,0,0,0
1697000,2,0,1,0,0,0
1697100,1,0,2,0,0,0
1697200,1,0,1,0,0,0
1697300,1,0,1,0,0,0
1697400,1,0,2,0,0,0
1697500,2,0,1,0,0,0
1697600,3,0,0,0,0,0
1697700,2,0,2,0,0,0
1697800,2,0,2,0,0,0
1697900,0,0,0,0,0,0
1698000,0,0,1,0,0,0
1698100,2,0,2,0,0,0
1698200,3,0,0,0,0,0
1698300,3,0,1,0,0,0
1698400,1,0,3,0,0,0
1698500,1,0,0,0,0,0
1698600,1,0,1,0,0,0
1698700,3,0,1,0,0,0
1698800,1,0,2,0,0,0
1698900,0,0,2,0,0,0
1699000,0,0,0,0,0,0
1699100,1,0,0,0,0,0
1699200,1,0,4,0,0,0
1699300,0,0,0,0,0,0
1699400,3,0,0,0,0,0
1699500,1,0,4,0,0,0
1699600,0,0,0,0,0,0
1699700,1,0,0,0,0,0
1699800,0,0,2,0,0,0
1699900,1,0,2,0,0,0
1700000,1,0,0,0,0,0
1700100,0,0,1,0,2,0
1700200,0,0,0,0,0,0
1700300,1,0,1,0,0,0
1700400,0,0,2,0,0,0
1700500,0,0,1,0,0,0
1700600,1,0,0,0,0,0
1700700,2,0,2,0,0,0
1700800,1,0,2,0,0,0
1700900,0,0,0,0,0,0
1701000,2,0,1,0,0,0
1701100,2,0,2,0,0,0
1701200,0,0,1,0,0,0
1701300,1,0,1,0,0,0
1701400,1,0,2,0,0,0
1701500,0,0,1,0,0,0
1701600,1,0,1,0,0,0
1701700,0,0,1,0,1,0
1701800,1,0,0,0,0,0
1701900,2,0,1,0,0,0
1702000,0,0,2,0,0,0
1702100,1,0,1,0,0,0
1702200,2,0,2,0,0,0
1702300,1,0,1,0,0,0
1702400,0,0,2,0,0,0
1702500,0,0,1,0,0,0
1702600,1,0,1,0,0,0
1702700,4,0,0,0,0,0
1702800,0,0,2,0,1,0
1702900,1,0,0,0,0,0
1703000,2,0,1,0,0,0
1703100,0,0,1,0,1,0
1703200,2,0,1,0,0,0
1703300,2,0,1,0,0,0
1703400,0,0,2,0,0,0
1703500,0,0,1,0,0,0
1703600,0,0,2,0,0,0
1703700,1,0,1,0,0,0
1703800,1,0,1,0,0,0
1703900,1,0,1,0,0,0
1704000,11,0,40,40,3,0
1704100,1,0,10,0,1,0
1704200,1,0,0,0,1,0
1704300,0,0,0,0,1,0
1704400,0,0,1,0,0,0
1704500,32,0,1,2,0,0
1704600,1,0,0,0,0,0
1704700,2,0,1,0,0,0
1704800,2,0,1,0,0,0
1704900,2,0,1,0,0,0
1705000,0,0,2,0,0,0
1705100,0,0,0,0,0,0
1705200,1,0,1,0,0,0
1705300,1,0,1,0,0,0
1705400,0,0,1,0,0,0
1705500,0,0,1,0,0,0
1705600,1,0,1,0,0,0
1705700,1,0,1,0,1,0
1705800,0,0,0,0,0,0
1705900,1,0,0,0,1,0
1706000,1,0,1,0,0,0
1706100,0,0,1,0,0,0
1706200,1,0,1,0,0,0
1706300,1,0,1,0,0,0
1706400,1,0,1,0,0,0
1706500,1,0,1,0,0,0
1706600,0,0,1,0,0,0
1706700,0,0,1,0,0,0
1706800,1,0,0,0,0,0
1706900,2,0,0,0,1,0
1707000,0,0,2,0,0,0
1707100,1,0,0,0,0,0
1707200,1,0,1,0,1,0
1707300,0,0,1,0,0,0
1707400,1,0,0,0,0,0
1707500,0,0,2,0,0,0
1707600,0,0,1,0,0,0
1707700,1,0,0,0,0,0
1707800,2,0,2,0,0,0
1707900,0,0,1,0,0,0
1708000,0,0,0,0,0,0
1708100,1,0,1,0,0,0
1708200,1,0,2,0,0,0
1708300,0,0,0,0,0,0
1708400,1,0,1,0,0,0
1708500,1,0,2,0,0,0
1708600,1,0,0,0,0,0
1708700,1,0,1,0,0,0
1708800,1,0,1,0,1,0
1708900,0,0,0,0,0,0
1709000,0,0,1,0,0,0
1709100,2,0,2,0,0,0
1709200,0,0,0,0,0,0
1709300,1,0,1,0,0,0
1709400,2,0,2,0,0,0
1709500,0,0,0,0,0,0
1709600,0,0,0,0,1,0
1709700,0,0,1,0,0,0
1709800,1,0,0,0,0,0
1709900,1,0,1,0,0,0
1710000,0,0,2,0,0,0
1710100,0,0,1,0,0,0
1710200,2,0,0,0,0,0
1710300,0,0,2,0,0,0
1710400,0,0,0,0,0,0
1710500,1,0,2,0,0,0
1710600,0,0,1,0,0,0
1710700,0,0,0,0,0,0
1710800,1,0,2,0,0,0
1710900,1,0,0,0,0,0
1711000,0,0,1,0,0,0
1711100,2,0,2,0,0,0
1711200,1,0,0,0,0,0
1711300,0,0,1,0,0,0
1711400,2,0,0,0,0,0
1711500,3,0,2,0,0,0
1711600,0,0,1,0,0,0
1711700,0,0,0,0,0,0
1711800,2,0,1,0,1,0
1711900,0,0,1,0,0,0
1712000,0,0,0,0,0,0
1712100,1,0,2,0,0,0
1712200,0,0,0,0,0,0
1712300,0,0,0,0,1,0
1712400,2,0,2,0,0,0
1712500,0,0,0,0,0,0
1712600,0,0,0,0,0,0
1712700,0,0,1,0,1,0
1712800,1,0,0,0,0,0
1712900,1,0,1,0,0,0
1713000,0,0,1,0,0,0
1713100,1,0,1,0,0,0
1713200,0,0,2,0,0,0
1713300,0,0,0,0,0,0
1713400,1,0,0,0,0,0
1713500,2,0,3,0,0,0
1713600,0,0,0,0,0,0
1713700,0,0,0,0,1,0
1713800,2,0,2,0,0,0
1713900,0,0,0,0,0,0
1714000,0,0,0,0,0,0
1714100,1,0,2,0,1,0
1714200,0,0,0,0,0,0
1714300,1,0,0,0,0,0
1714400,2,0,2,0,1,0
1714500,0,0,0,0,0,0
1714600,1,0,0,0,0,0
1714700,3,0,1,0,1,0
1714800,1,0,0,0,1,0
1714900,0,0,0,0,1,0
1715000,0,0,1,0,0,0
1715100,1,0,0,0,0,0
1715200,2,0,1,0,1,0
1715300,0,0,1,0,0,0
1715400,0,0,0,0,1,0
1715500,2,0,1,0,0,0
1715600,0,0,1,0,0,0
1715700,0,0,0,0,0,0
1715800,0,0,2,0,1,0
1715900,0,0,0,0,0,0
1716000,1,0,0,0,0,0
1716100,2,0,3,0,0,0
1716200,0,0,0,0,0,0
1716300,1,0,0,0,0,0
1716400,1,0,2,0,0,0
1716500,1,0,0,0,0,0
1716600,0,0,1,0,0,0
1716700,0,0,1,0,0,0
1716800,2,0,0,0,1,0
1716900,1,0,1,0,0,0
1717000,0,0,1,0,0,0
1717100,0,0,0,0,0,0
1717200,3,0,2,0,0,0
1717300,0,0,1,0,0,0
1717400,0,0,0,0,0,0
1717500,1,0,1,0,0,0
1717600,1,0,1,0,0,0
1717700,0,0,1,0,0,0
1717800,1,0,2,0,0,0
1717900,1,0,0,0,0,0
1718000,0,0,1,0,0,0
1718100,1,0,1,0,0,0
1718200,2,0,1,0,0,0
1718300,0,0,1,0,0,0
1718400,1,0,1,0,0,0
1718500,0,0,0,0,1,0
1718600,0,0,1,0,0,0
1718700,0,0,1,0,0,0
1718800,0,0,0,0,0,0
1718900,0,0,1,0,0,0
1719000,1,0,1,0,1,0
1719100,0,0,0,0,0,0
1719200,1,0,1,0,0,0
1719300,1,0,2,0,0,0
1719400,0,0,0,0,0,0
1719500,0,0,0,0,0,0
1719600,2,0,2,0,0,0
1719700,0,0,1,0,0,0
1719800,0,0,0,0,0,0
1719900,1,0,2,0,0,0
1720000,0,0,1,0,0,0
1720100,1,0,0,0,0,0
1720200,1,0,2,0,0,0
1720300,0,0,1,0,0,0
1720400,1,0,0,0,0,0
1720500,1,0,2,0,0,0
1720600,0,0,0,0,0,0
1720700,1,0,2,0,0,0
1720800,0,0,1,0,0,0
1720900,0,0,0,0,0,0
1721000,2,0,1,0,0,0
1721100,1,0,1,0,0,0
1721200,0,0,1,0,0,0
1721300,1,0,0,0,0,0
1721400,1,0,1,0,0,0
1721500,0,0,2,0,0,0
1721600,0,0,1,0,0,0
1721700,0,0,0,0,0,0
1721800,0,0,2,0,0,0
1721900,1,0,1,0,0,0
1722000,0,0,0,0,0,0
1722100,0,0,0,0,0,0
1722200,2,0,2,0,0,0
1722300,0,0,1,0,0,0
1722400,0,0,0,0,0,0
1722500,1,0,1,0,0,0
1722600,0,0,1,0,0,0
1722700,2,0,1,0,0,0
1722800,0,0,2,0,0,0
1722900,0,0,0,0,0,0
1723000,0,0,0,0,0,0
1723100,0,0,1,0,0,0
1723200,1,0,2,0,0,0
1723300,0,0,0,0,0,0
1723400,0,0,0,0,0,0
1723500,16,0,48,23,0,0
1723600,0,0,1,0,0,0
1723700,0,0,0,0,0,0
1723800,1,0,0,0,0,0
1723900,31,0,1,0,0,0
1724000,1,0,1,0,0,0
1724100,0,0,0,0,0,0
1724200,1,0,0,0,0,0
1724300,1,0,2,0,0,0
1724400,0,0,0,0,0,0
1724500,1,0,0,0,0,0
1724600,0,0,2,0,0,0
1724700,0,0,0,0,0,0
1724800,1,0,0,0,0,0
1724900,0,0,1,0,0,0
1725000,1,0,1,0,0,0
1725100,1,0,0,0,0,0
1725200,0,0,1,0,0,0
1725300,0,0,0,0,0,0
1725400,0,0,2,0,0,0
1725500,0,0,0,0,0,0
1725600,0,0,0,0,0,0
1725700,1,0,1,0,0,0
1725800,1,0,1,0,0,0
1725900,0,0,0,0,0,0
1726000,0,0,0,0,0,0
1726100,13,0,47,32,0,0
1726200,0,0,2,0,0,0
1726300,0,0,0,0,0,0
1726400,0,0,0,0,0,0
1726500,0,0,0,0,0,0
1726600,30,0,1,2,0,0
1726700,0,0,0,0,0,0
1726800,1,0,0,0,0,0
1726900,0,0,1,0,0,0
1727000,0,0,0,0,0,0
1727100,0,0,0,0,0,0
1727200,1,0,0,0,0,0
1727300,0,0,1,0,0,0
1727400,0,0,0,0,0,0
1727500,0,0,0,0,0,0
1727600,0,0,0,0,0,0
1727700,0,0,1,0,0,0
1727800,0,0,0,0,0,0
1727900,0,0,0,0,0,0
1728000,0,0,0,0,0,0
1728100,0,0,0,0,1,0
1728200,0,0,0,0,0,0
1728300,0,0,0,0,0,0
1728400,0,0,1,0,0,0
1728500,0,0,0,0,0,0
1728600,0,0,0,0,0,0
1728700,1,0,1,0,0,0
1728800,0,0,0,0,0,0
1728900,0,0,0,0,0,0
1729000,0,0,1,0,0,0
1729100,0,0,0,0,0,0
1729200,1,0,0,0,0,0
1729300,0,0,1,0,0,0
1729400,0,0,0,0,0,0
1729500,0,0,0,0,0,0
1729600,0,0,0,0,0,0
1729700,1,0,1,0,0,0
1729800,0,0,0,0,0,0
1729900,0,0,0,0,0,0
1730000,0,0,0,0,0,0
1730100,0,0,1,0,0,0
1730200,0,0,0,0,0,0
1730300,0,0,0,0,0,0
1730400,0,0,0,0,0,0
1730500,1,0,1,0,0,0
1730600,0,0,0,0,0,0
1730700,0,0,0,0,0,0
1730800,0,0,0,0,0,0
1730900,1,0,1,0,0,0
1731000,0,0,0,0,0,0
1731100,0,0,0,0,0,0
1731200,0,0,0,0,0,0
1731300,0,0,1,0,0,0
1731400,0,0,0,0,0,0
1731500,0,0,0,0,0,0
1731600,0,0,0,0,0,0
1731700,1,0,0,0,0,0
1731800,0,0,1,0,0,0
1731900,0,0,0,0,0,0
1732000,0,0,0,0,0,0
1732100,1,0,0,0,0,0
1732200,0,0,1,0,0,0
1732300,0,0,0,0,0,0
1732400,0,0,0,0,0,0
1732500,0,0,0,0,0,0
1732600,0,0,1,0,0,0
1732700,0,0,0,0,0,0
1732800,0,0,0,0,0,0
1732900,0,0,0,0,0,0
1733000,14,0,44,35,2,0
1733100,0,0,0,0,0,0
1733200,0,0,0,0,0,0
1733300,0,0,0,0,0,0
1733400,30,0,0,3,0,0
1733500,0,0,0,0,0,0
1733600,0,0,0,0,0,0
1733700,0,0,0,0,0,0
1733800,0,0,0,0,0,0
1733900,0,0,0,0,0,0
1734000,0,0,0,0,0,0
1734100,0,0,0,0,0,0
1734200,0,0,0,0,0,0
1734300,0,0,0,0,0,0
1734400,0,0,0,0,0,0
1734500,0,0,0,0,0,0
1734600,0,0,0,0,0,0
1734700,0,0,0,0,0,0
1734800,0,0,0,0,0,0
1734900,0,0,0,0,0,0
1735000,0,0,0,0,0,0
1735100,0,0,0,0,0,0
1735200,0,0,0,0,0,0
1735300,0,0,0,0,0,0
1735400,0,0,0,0,0,0
1735500,0,0,0,0,0,0
1735600,0,0,0,0,0,0
1735700,0,0,0,0,0,0
1735800,0,0,0,0,0,0
1735900,0,0,0,0,0,0
1736000,0,0,0,0,0,0
1736100,0,0,0,0,0,0
1736200,0,0,0,0,0,0
1736300,0,0,0,0,0,0
1736400,0,0,0,0,0,0
1736500,0,0,0,0,0,0
1736600,0,0,0,0,0,0
1736700,0,0,0,0,0,0
1736800,0,0,0,0,0,0
1736900,0,0,0,0,0,0
1737000,0,0,0,0,0,0
1737100,0,0,0,0,0,0
1737200,0,0,0,0,0,0
1737300,0,0,0,0,0,0
1737400,0,0,0,0,0,0
1737500,0,0,0,0,0,0
1737600,0,0,0,0,0,0
1737700,0,0,0,0,0,0
1737800,0,0,0,0,0,0
1737900,0,0,0,0,0,0
1738000,0,0,0,0,0,0
1738100,0,0,0,0,0,0
1738200,0,0,0,0,0,0
1738300,0,0,0,0,0,0
1738400,0,0,0,0,0,0
1738500,0,0,0,0,0,0
1738600,0,0,0,0,0,0
1738700,0,0,0,0,0,0
1738800,0,0,0,0,0,0
1738900,0,0,0,0,0,0
1739000,0,0,0,0,0,0
1739100,0,0,0,0,0,0
1739200,0,0,0,0,0,0
1739300,0,0,0,0,0,0
1739400,0,0,0,0,0,0
1739500,0,0,0,0,0,0
1739600,0,0,0,0,0,0
1739700,0,0,0,0,0,0
1739800,0,0,0,0,0,0
1739900,0,0,0,0,0,0
1740000,0,0,0,0,0,0
1740100,0,0,0,0,0,0
1740200,0,0,0,0,0,0
1740300,0,0,0,0,0,0
1740400,0,0,0,0,0,0
1740500,0,0,0,0,0,0
1740600,0,0,0,0,0,0
1740700,0,0,0,0,0,0
1740800,0,0,0,0,0,0
1740900,0,0,0,0,0,0
1741000,0,0,0,0,0,0
1741100,0,0,0,0,0,0
1741200,0,0,0,0,0,0
1741300,0,0,0,0,0,0
1741400,0,0,0,0,0,0
1741500,0,0,0,0,0,0
1741600,0,0,0,0,0,0
1741700,0,0,0,0,0,0
1741800,0,0,0,0,0,0
1741900,0,0,0,0,0,0
1742000,0,0,0,0,0,0
1742100,0,0,0,0,0,0
1742200,0,0,0,0,0,0
1742300,0,0,0,0,0,0
1742400,0,0,0,0,0,0
1742500,0,0,0,0,0,0
1742600,0,0,0,0,0,0
1742700,0,0,0,0,0,0
1742800,0,0,0,0,0,0
1742900,0,0,0,0,0,0
1743000,0,0,0,0,0,0
1743100,0,0,0,0,0,0
1743200,0,0,0,0,0,0
1743300,0,0,0,0,0,0
1743400,0,0,0,0,0,0
1743500,0,0,0,0,0,0
1743600,0,0,0,0,0,0
1743700,0,0,0,0,0,0
1743800,0,0,0,0,0,0
1743900,0,0,0,0,0,0
1744000,0,0,0,0,0,0
1744100,0,0,0,0,0,0
1744200,0,0,0,0,0,0
1744300,0,0,0,0,0,0
1744400,0,0,0,0,0,0
1744500,0,0,0,0,0,0
1744600,0,0,0,0,0,0
1744700,0,0,0,0,0,0
1744800,0,0,0,0,0,0
1744900,0,0,0,0,0,0
1745000,0,0,0,0,0,0
1745100,0,0,0,0,0,0
1745200,0,0,0,0,0,0
1745300,0,0,0,0,0,0
1745400,0,0,0,0,0,0
1745500,0,0,0,0,0,0
1745600,0,0,0,0,0,0
1745700,0,0,0,0,0,0
1745800,0,0,0,0,0,0
1745900,0,0,0,0,0,0
1746000,0,0,0,0,0,0
1746100,0,0,0,0,0,0
1746200,0,0,0,0,0,0
1746300,0,0,0,0,0,0
1746400,0,0,0,0,0,0
1746500,0,0,0,0,0,0
1746600,0,0,0,0,0,0
1746700,0,0,0,0,0,0
1746800,0,0,0,0,0,0
1746900,0,0,0,0,0,0
1747000,0,0,0,0,0,0
1747100,0,0,0,0,0,0
1747200,0,0,0,0,0,0
1747300,0,0,0,0,0,0
1747400,0,0,0,0,0,0
1747500,0,0,0,0,0,0
1747600,0,0,0,0,0,0
1747700,0,0,0,0,0,0
1747800,0,0,0,0,0,0
1747900,0,0,0,0,0,0
1748000,0,0,0,0,0,0
1748100,0,0,0,0,0,0
1748200,0,0,0,0,0,0
1748300,0,0,0,0,0,0
1748400,0,0,0,0,0,0
1748500,0,0,0,0,0,0
1748600,0,0,0,0,0,0
1748700,0,0,0,0,0,0
1748800,0,0,0,0,0,0
1748900,0,0,0,0,0,0
1749000,0,0,0,0,0,0
1749100,0,0,0,0,0,0
1749200,0,0,0,0,0,0
1749300,0,0,0,0,0,0
1749400,0,0,0,0,0,0
1749500,0,0,0,0,0,0
1749600,0,0,0,0,0,0
1749700,0,0,0,0,0,0
1749800,0,0,0,0,0,0
1749900,0,0,0,0,0,0
1750000,0,0,0,0,0,0
1750100,0,0,0,0,0,0
1750200,0,0,0,0,0,0
1750300,0,0,0,0,0,0
1750400,0,0,0,0,0,0
1750500,0,0,0,0,0,0
1750600,0,0,0,0,0,0
1750700,0,0,0,0,0,0
1750800,0,0,0,0,0,0
1750900,0,0,0,0,0,0
1751000,0,0,0,0,0,0
1751100,0,0,0,0,0,0
1751200,0,0,0,0,0,0
1751300,0,0,0,0,0,0
1751400,0,0,0,0,0,0
1751500,0,0,0,0,0,0
1751600,0,0,0,0,0,0
1751700,0,0,0,0,0,0
1751800,0,0,0,0,0,0
1751900,0,0,0,0,0,0
1752000,0,0,0,0,0,0
1752100,0,0,0,0,0,0
1752200,0,0,0,0,0,0
1752300,0,0,0,0,0,0
1752400,0,0,0,0,0,0
1752500,0,0,0,0,0,0
1752600,0,0,0,0,0,0
1752700,0,0,0,0,0,0
1752800,0,0,0,0,0,0
1752900,0,0,0,0,0,0
1753000,0,0,0,0,0,0
1753100,0,0,0,0,0,0
1753200,0,0,0,0,0,0
1753300,0,0,0,0,0,0
1753400,0,0,0,0,0,0
1753500,0,0,0,0,0,0
1753600,0,0,0,0,0,0
1753700,0,0,0,0,0,0
1753800,0,0,0,0,0,0
1753900,0,0,0,0,0,0
1754000,0,0,0,0,0,0
1754100,0,0,0,0,0,0
1754200,0,0,0,0,0,0
1754300,0,0,0,0,0,0
1754400,0,0,0,0,0,0
1754500,0,0,0,0,0,0
1754600,0,0,0,0,0,0
1754700,0,0,0,0,0,0
1754800,0,0,0,0,0,0
1754900,0,0,0,0,0,0
1755000,0,0,0,0,0,0
1755100,0,0,0,0,0,0
1755200,0,0,0,0,0,0
1755300,0,0,0,0,0,0
1755400,0,0,0,0,0,0
1755500,0,0,0,0,0,0
1755600,0,0,0,0,0,0
1755700,0,0,0,0,0,0
1755800,0,0,0,0,0,0
1755900,0,0,0,0,0,0
1756000,0,0,0,0,0,0
1756100,0,0,0,0,0,0
1756200,0,0,0,0,0,0
1756300,0,0,0,0,0,0
1756400,0,0,0,0,0,0
1756500,0,0,0,0,0,0
1756600,0,0,0,0,0,0
1756700,0,0,0,0,0,0
1756800,0,0,0,0,0,0
1756900,0,0,0,0,0,0
1757000,0,0,0,0,0,0
1757100,0,0,0,0,0,0
1757200,0,0,0,0,0,0
1757300,0,0,0,0,0,0
1757400,0,0,0,0,0,0
1757500,0,0,0,0,0,0
1757600,0,0,0,0,0,0
1757700,0,0,0,0,0,0
1757800,0,0,0,0,0,0
1757900,0,0,0,0,0,0
1758000,0,0,0,0,0,0
1758100,0,0,0,0,0,0
1758200,0,0,0,0,0,0
1758300,0,0,0,0,0,0
1758400,0,0,0,0,0,0
1758500,0,0,0,0,0,0
1758600,0,0,0,0,0,0
1758700,0,0,0,0,0,0
1758800,0,0,0,0,0,0
1758900,0,0,0,0,0,0
1759000,0,0,0,0,0,0
1759100,0,0,0,0,0,0
1759200,0,0,0,0,0,0
1759300,0,0,0,0,0,0
1759400,0,0,0,0,0,0
1759500,0,0,0,0,0,0
1759600,0,0,0,0,0,0
1759700,0,0,0,0,0,0
1759800,0,0,0,0,0,0
1759900,0,0,0,0,0,0
1760000,0,0,0,0,0,0
1760100,0,0,0,0,0,0
1760200,0,0,0,0,0,0
1760300,0,0,0,0,0,0
1760400,0,0,0,0,0,0
1760500,0,0,0,0,0,0
1760600,0,0,0,0,0,0
1760700,0,0,0,0,0,0
1760800,0,0,0,0,0,0
1760900,0,0,0,0,0,0
1761000,0,0,0,0,0,0
1761100,0,0,0,0,0,0
1761200,0,0,0,0,0,0
1761300,0,0,0,0,0,0
1761400,0,0,0,0,0,0
1761500,0,0,0,0,0,0
1761600,0,0,0,0,0,0
1761700,0,0,0,0,0,0
1761800,0,0,0,0,0,0
1761900,0,0,0,0,0,0
1762000,0,0,0,0,0,0
1762100,0,0,0,0,0,0
1762200,0,0,0,0,0,0
1762300,0,0,0,0,0,0
1762400,0,0,0,0,0,0
1762500,0,0,0,0,0,0
1762600,0,0,0,0,0,0
1762700,0,0,0,0,0,0
1762800,0,0,0,0,0,0
1762900,0,0,0,0,0,0
1763000,0,0,0,0,0,0
1763100,0,0,0,0,0,0
1763200,0,0,0,0,0,0
1763300,0,0,0,0,0,0
1763400,0,0,0,0,0,0
1763500,0,0,0,0,0,0
1763600,0,0,0,0,0,0
1763700,0,0,0,0,0,0
1763800,0,0,0,0,0,0
1763900,0,0,0,0,0,0
1764000,0,0,0,0,0,0
1764100,0,0,0,0,0,0
1764200,0,0,0,0,0,0
1764300,0,0,0,0,0,0
1764400,0,0,0,0,0,0
1764500,0,0,0,0,0,0
1764600,0,0,0,0,0,0
1764700,0,0,0,0,0,0
1764800,0,0,0,0,0,0
1764900,0,0,0,0,0,0
1765000,0,0,0,0,0,0
1765100,0,0,0,0,0,0
1765200,0,0,0,0,0,0
1765300,0,0,0,0,0,0
1765400,0,0,0,0,0,0
1765500,0,0,0,0,0,0
1765600,0,0,0,0,0,0
1765700,0,0,0,0,0,0
1765800,0,0,0,0,0,0
1765900,0,0,0,0,0,0
1766000,0,0,0,0,0,0
1766100,0,0,0,0,0,0
1766200,0,0,0,0,0,0
1766300,0,0,0,0,0,0
1766400,0,0,0,0,0,0
1766500,0,0,0,0,0,0
1766600,0,0,0,0,0,0
1766700,0,0,0,0,0,0
1766800,0,0,0,0,0,0
1766900,0,0,0,0,0,0
1767000,0,0,0,0,0,0
1767100,0,0,0,0,0,0
1767200,0,0,0,0,0,0
1767300,0,0,0,0,0,0
1767400,0,0,0,0,0,0
1767500,0,0,0,0,0,0
1767600,0,0,0,0,0,0
1767700,0,0,0,0,0,0
1767800,0,0,0,0,0,0
1767900,0,0,0,0,0,0
1768000,0,0,0,0,0,0
1768100,0,0,0,0,0,0
1768200,0,0,0,0,0,0
1768300,0,0,0,0,0,0
1768400,0,0,0,0,0,0
1768500,0,0,0,0,0,0
1768600,0,0,0,0,0,0
1768700,0,0,0,0,0,0
1768800,0,0,0,0,0,0
1768900,0,0,0,0,0,0
1769000,0,0,0,0,0,0
1769100,0,0,0,0,0,0
1769200,0,0,0,0,0,0
1769300,0,0,0,0,0,0
1769400,0,0,0,0,0,0
1769500,0,0,0,0,0,0
1769600,0,0,0,0,0,0
1769700,0,0,0,0,0,0
1769800,0,0,0,0,0,0
1769900,0,0,0,0,0,0
1770000,0,0,0,0,0,0
1770100,0,0,0,0,0,0
1770200,0,0,0,0,0,0
1770300,0,0,0,0,0,0
1770400,0,0,0,0,0,0
1770500,0,0,0,0,0,0
1770600,0,0,0,0,0,0
1770700,0,0,0,0,0,0
1770800,0,0,0,0,0,0
1770900,0,0,0,0,0,0
1771000,0,0,0,0,0,0
1771100,0,0,0,0,0,0
1771200,0,0,0,0,0,0
1771300,0,0,0,0,0,0
1771400,0,0,0,0,0,0
1771500,0,0,0,0,0,0
1771600,0,0,0,0,0,0
1771700,0,0,0,0,0,0
1771800,0,0,0,0,0,0
1771900,0,0,0,0,0,0
1772000,0,0,0,0,0,0
1772100,0,0,0,0,0,0
1772200,0,0,0,0,0,0
1772300,0,0,0,0,0,0
1772400,0,0,0,0,0,0
1772500,0,0,0,0,0,0
1772600,0,0,0,0,0,0
1772700,0,0,0,0,0,0
1772800,0,0,0,0,0,0
1772900,0,0,0,0,0,0
1773000,0,0,0,0,0,0
1773100,0,0,0,0,0,0
1773200,0,0,0,0,0,0
1773300,0,0,0,0,0,0
1773400,0,0,0,0,0,0
1773500,0,0,0,0,0,0
1773600,0,0,0,0,0,0
1773700,0,0,0,0,0,0
1773800,0,0,0,0,0,0
1773900,0,0,0,0,0,0
1774000,0,0,0,0,0,0
1774100,0,0,0,0,0,0
1774200,0,0,0,0,0,0
1774300,0,0,0,0,0,0
1774400,0,0,0,0,0,0
1774500,0,0,0,0,0,0
1774600,0,0,0,0,0,0
1774700,0,0,0,0,0,0
1774800,0,0,0,0,0,0
1774900,0,0,0,0,0,0
1775000,0,0,0,0,0,0
1775100,0,0,0,0,0,0
1775200,0,0,0,0,0,0
1775300,0,0,0,0,0,0
1775400,0,0,0,0,0,0
1775500,0,0,0,0,0,0
1775600,0,0,0,0,0,0
1775700,0,0,0,0,0,0
1775800,0,0,0,0,0,0
1775900,0,0,0,0,0,0
1776000,0,0,0,0,0,0
1776100,0,0,0,0,0,0
1776200,0,0,0,0,0,0
1776300,0,0,0,0,0,0
1776400,0,0,0,0,0,0
1776500,0,0,0,0,0,0
1776600,0,0,0,0,0,0
1776700,0,0,0,0,0,0
1776800,0,0,0,0,0,0
1776900,0,0,0,0,0,0
1777000,0,0,0,0,0,0
1777100,0,0,0,0,0,0
1777200,0,0,0,0,0,0
1777300,0,0,0,0,0,0
1777400,0,0,0,0,0,0
1777500,0,0,0,0,0,0
1777600,0,0,0,0,0,0
1777700,0,0,0,0,0,0
1777800,0,0,0,0,0,0
1777900,0,0,0,0,0,0
1778000,0,0,0,0,0,0
1778100,0,0,0,0,0,0
1778200,0,0,0,0,0,0
1778300,0,0,0,0,0,0
1778400,0,0,0,0,0,0
1778500,0,0,0,0,0,0
1778600,0,0,0,0,0,0
1778700,0,0,0,0,0,0
1778800,0,0,0,0,0,0
1778900,0,0,0,0,0,0
1779000,0,0,0,0,0,0
1779100,0,0,0,0,0,0
1779200,0,0,0,0,0,0
1779300,0,0,0,0,0,0
1779400,0,0,0,0,0,0
1779500,0,0,0,0,0,0
1779600,0,0,0,0,0,0
1779700,0,0,0,0,0,0
1779800,0,0,0,0,0,0
1779900,0,0,0,0,0,0
1780000,0,0,0,0,0,0
1780100,0,0,0,0,0,0
1780200,0,0,0,0,0,0
1780300,0,0,0,0,0,0
1780400,0,0,0,0,0,0
1780500,0,0,0,0,0,0
1780600,0,0,0,0,0,0
1780700,0,0,0,0,0,0
1780800,0,0,0,0,0,0
1780900,0,0,0,0,0,0
1781000,0,0,0,0,0,0
1781100,0,0,0,0,0,0
1781200,0,0,0,0,0,0
1781300,0,0,0,0,0,0
1781400,0,0,0,0,0,0
1781500,0,0,0,0,0,0
1781600,0,0,0,0,0,0
1781700,0,0,0,0,0,0
1781800,0,0,0,0,0,0
1781900,0,0,0,0,0,0
1782000,0,0,0,0,0,0
1782100,0,0,0,0,0,0
1782200,0,0,0,0,0,0
1782300,0,0,0,0,0,0
1782400,0,0,0,0,0,0
1782500,0,0,0,0,0,0
1782600,0,0,0,0,0,0
1782700,0,0,0,0,0,0
1782800,0,0,0,0,0,0
1782900,0,0,0,0,0,0
1783000,0,0,0,0,0,0
1783100,0,0,0,0,0,0
1783200,0,0,0,0,0,0
1783300,0,0,0,0,0,0
1783400,0,0,0,0,0,0
1783500,0,0,0,0,0,0
1783600,0,0,0,0,0,0
1783700,0,0,0,0,0,0
1783800,0,0,0,0,0,0
1783900,0,0,0,0,0,0
1784000,0,0,0,0,0,0
1784100,0,0,0,0,0,0
1784200,0,0,0,0,0,0
1784300,0,0,0,0,0,0
1784400,0,0,0,0,0,0
1784500,0,0,0,0,0,0
1784600,0,0,0,0,0,0
1784700,0,0,0,0,0,0
1784800,0,0,0,0,0,0
1784900,0,0,0,0,0,0
1785000,0,0,0,0,0,0
1785100,0,0,0,0,0,0
1785200,0,0,0,0,0,0
1785300,0,0,0,0,0,0
1785400,0,0,0,0,0,0
1785500,0,0,0,0,0,0
1785600,0,0,0,0,0,0
1785700,0,0,0,0,0,0
1785800,0,0,0,0,0,0
1785900,0,0,0,0,0,0
1786000,0,0,0,0,0,0
1786100,0,0,0,0,0,0
1786200,0,0,0,0,0,0
1786300,0,0,0,0,0,0
1786400,0,0,0,0,0,0
1786500,0,0,0,0,0,0
1786600,0,0,0,0,0,0
1786700,0,0,0,0,0,0
1786800,0,0,0,0,0,0
1786900,0,0,0,0,0,0
1787000,0,0,0,0,0,0
1787100,0,0,0,0,0,0
1787200,0,0,0,0,0,0
1787300,0,0,0,0,0,0
1787400,0,0,0,0,0,0
1787500,0,0,0,0,0,0
1787600,0,0,0,0,0,0
1787700,0,0,0,0,0,0
1787800,0,0,0,0,0,0
1787900,0,0,0,0,0,0
1788000,0,0,0,0,0,0
1788100,0,0,0,0,0,0
1788200,0,0,0,0,0,0
1788300,0,0,0,0,0,0
1788400,0,0,0,0,0,0
1788500,0,0,0,0,0,0
1788600,0,0,0,0,0,0
1788700,0,0,0,0,0,0
1788800,0,0,0,0,0,0
1788900,0,0,0,0,0,0
1789000,0,0,0,0,0,0
1789100,0,0,0,0,0,0
1789200,0,0,0,0,0,0
1789300,0,0,0,0,0,0
1789400,0,0,0,0,0,0
1789500,0,0,0,0,0,0
1789600,0,0,0,0,0,0
1789700,0,0,0,0,0,0
1789800,0,0,0,0,0,0
1789900,0,0,0,0,0,0
1790000,0,0,0,0,0,0
1790100,0,0,0,0,0,0
1790200,0,0,0,0,0,0
1790300,0,0,0,0,0,0
1790400,0,0,0,0,0,0
1790500,0,0,0,0,0,0
1790600,0,0,0,0,0,0
1790700,0,0,0,0,0,0
1790800,0,0,0,0,0,0
1790900,0,0,0,0,0,0
1791000,0,0,0,0,0,0
1791100,0,0,0,0,0,0
1791200,0,0,0,0,0,0
1791300,0,0,0,0,0,0
1791400,0,0,0,0,0,0
1791500,0,0,0,0,0,0
1791600,0,0,0,0,0,0
1791700,0,0,0,0,0,0
1791800,0,0,0,0,0,0
1791900,0,0,0,0,0,0
1792000,0,0,0,0,0,0
1792100,0,0,0,0,0,0
1792200,0,0,0,0,0,0
1792300,0,0,0,0,0,0
1792400,0,0,0,0,0,0
1792500,0,0,0,0,0,0
1792600,0,0,0,0,0,0
1792700,0,0,0,0,0,0
1792800,0,0,0,0,0,0
1792900,0,0,0,0,0,0
1793000,0,0,0,0,0,0
1793100,0,0,0,0,0,0
1793200,0,0,0,0,0,0
1793300,0,0,0,0,0,0
1793400,0,0,0,0,0,0
1793500,0,0,0,0,0,0
1793600,0,0,0,0,0,0
1793700,0,0,0,0,0,0
1793800,0,0,0,0,0,0
1793900,0,0,0,0,0,0
1794000,0,0,0,0,0,0
1794100,0,0,0,0,0,0
1794200,0,0,0,0,0,0
1794300,0,0,0,0,0,0
1794400,0,0,0,0,0,0
1794500,0,0,0,0,0,0
1794600,0,0,0,0,0,0
1794700,0,0,0,0,0,0
1794800,0,0,0,0,0,0
1794900,0,0,0,0,0,0
1795000,0,0,0,0,0,0
1795100,0,0,0,0,0,0
1795200,0,0,0,0,0,0
1795300,0,0,0,0,0,0
1795400,0,0,0,0,0,0
1795500,0,0,0,0,0,0
1795600,0,0,0,0,0,0
1795700,0,0,0,0,0,0
1795800,0,0,0,0,0,0
1795900,0,0,0,0,0,0
1796000,0,0,0,0,0,0
1796100,0,0,0,0,0,0
1796200,0,0,0,0,0,0
1796300,0,0,0,0,0,0
1796400,0,0,0,0,0,0
1796500,0,0,0,0,0,0
1796600,0,0,0,0,0,0
1796700,0,0,0,0,0,0
1796800,0,0,0,0,0,0
1796900,0,0,0,0,0,0
1797000,0,0,0,0,0,0
1797100,0,0,0,0,0,0
1797200,0,0,0,0,0,0
1797300,0,0,0,0,0,0
1797400,0,0,0,0,0,0
1797500,0,0,0,0,0,0
1797600,0,0,0,0,0,0
1797700,0,0,0,0,0,0
1797800,0,0,0,0,0,0
1797900,0,0,0,0,0,0
1798000,0,0,0,0,0,0
1798100,0,0,0,0,0,0
1798200,0,0,0,0,0,0
1798300,0,0,0,0,0,0
1798400,0,0,0,0,0,0
1798500,0,0,0,0,0,0
1798600,0,0,0,0,0,0
1798700,0,0,0,0,0,0
1798800,0,0,0,0,0,0
1798900,0,0,0,0,0,0
1799000,0,0,0,0,0,0
1799100,0,0,0,0,0,0
1799200,0,0,0,0,0,0
1799300,0,0,0,0,0,0
1799400,0,0,0,0,0,0
1799500,0,0,0,0,0,0
1799600,0,0,0,0,0,0
1799700,0,0,0,0,0,0
1799800,0,0,0,0,0,0
1799900,0,0,0,0,0,0
1800000,0,0,0,0,0,0
1800100,0,0,0,0,0,0
1800200,0,0,0,0,0,0
1800300,0,0,0,0,0,0
1800400,0,0,0,0,0,0
1800500,0,0,0,0,0,0
1800600,0,0,0,0,0,0
1800700,0,0,0,0,0,0
1800800,0,0,0,0,0,0
1800900,0,0,0,0,0,0
1801000,0,0,0,0,0,0
1801100,0,0,0,0,0,0
1801200,0,0,0,0,0,0
1801300,0,0,0,0,0,0
1801400,0,0,0,0,0,0
1801500,0,0,0,0,0,0
1801600,0,0,0,0,0,0
1801700,0,0,0,0,0,0
1801800,0,0,0,0,0,0
1801900,0,0,0,0,0,0
1802000,0,0,0,0,0,0
1802100,0,0,0,0,0,0
1802200,0,0,0,0,0,0
1802300,0,0,0,0,0,0
1802400,0,0,0,0,0,0
1802500,0,0,0,0,0,0
1802600,0,0,0,0,0,0
1802700,0,0,0,0,0,0
1802800,0,0,0,0,0,0
1802900,0,0,0,0,0,0
1803000,0,0,0,0,0,0
1803100,0,0,0,0,0,0
1803200,0,0,0,0,0,0
1803300,0,0,0,0,0,0
1803400,0,0,0,0,0,0
1803500,0,0,0,0,0,0
1803600,0,0,0,0,0,0
1803700,0,0,0,0,0,0
1803800,0,0,0,0,0,0
1803900,0,0,0,0,0,0
1804000,0,0,0,0,0,0
1804100,0,0,0,0,0,0
1804200,0,0,0,0,0,0
1804300,0,0,0,0,0,0
1804400,0,0,0,0,0,0
1804500,0,0,0,0,0,0
1804600,0,0,0,0,0,0
1804700,0,0,0,0,0,0
1804800,0,0,0,0,0,0
1804900,0,0,0,0,0,0
1805000,0,0,0,0,0,0
1805100,0,0,0,0,0,0
1805200,0,0,0,0,0,0
1805300,0,0,0,0,0,0
1805400,0,0,0,0,0,0
1805500,0,0,0,0,0,0
1805600,0,0,0,0,0,0
1805700,0,0,0,0,0,0
1805800,0,0,0,0,0,0
1805900,0,0,0,0,0,0
1806000,0,0,0,0,0,0
1806100,0,0,0,0,0,0
1806200,0,0,0,0,0,0
1806300,0,0,0,0,0,0
1806400,0,0,0,0,0,0
1806500,0,0,0,0,0,0
1806600,0,0,0,0,0,0
1806700,0,0,0,0,0,0
1806800,0,0,0,0,0,0
1806900,0,0,0,0,0,0
1807000,0,0,0,0,0,0
1807100,0,0,0,0,0,0
1807200,0,0,0,0,0,0
1807300,0,0,0,0,0,0
1807400,0,0,0,0,0,0
1807500,0,0,0,0,0,0
1807600,0,0,0,0,0,0
1807700,0,0,0,0,0,0
1807800,0,0,0,0,0,0
1807900,0,0,0,0,0,0
1808000,0,0,0,0,0,0
1808100,0,0,0,0,0,0
1808200,0,0,0,0,0,0
1808300,0,0,0,0,0,0
1808400,0,0,0,0,0,0
1808500,0,0,0,0,0,0
1808600,0,0,0,0,0,0
1808700,0,0,0,0,0,0
1808800,0,0,0,0,0,0
1808900,0,0,0,0,0,0
1809000,0,0,0,0,0,0
1809100,0,0,0,0,0,0
1809200,0,0,0,0,0,0
1809300,0,0,0,0,0,0
1809400,0,0,0,0,0,0
1809500,0,0,0,0,0,0
1809600,0,0,0,0,0,0
1809700,0,0,0,0,0,0
1809800,0,0,0,0,0,0
1809900,0,0,0,0,0,0
1810000,0,0,0,0,0,0
1810100,0,0,0,0,0,0
1810200,0,0,0,0,0,0
1810300,0,0,0,0,0,0
1810400,0,0,0,0,0,0
1810500,0,0,0,0,0,0
1810600,0,0,0,0,0,0
1810700,0,0,0,0,0,0
1810800,0,0,0,0,0,0
1810900,0,0,0,0,0,0
1811000,0,0,0,0,0,0
1811100,0,0,0,0,0,0
1811200,0,0,0,0,0,0
1811300,0,0,0,0,0,0
1811400,0,0,0,0,0,0
1811500,0,0,0,0,0,0
1811600,0,0,0,0,0,0
1811700,0,0,0,0,0,0
1811800,0,0,0,0,0,0
1811900,0,0,0,0,0,0
1812000,0,0,0,0,0,0
1812100,0,0,0,0,0,0
1812200,0,0,0,0,0,0
1812300,0,0,0,0,0,0
1812400,0,0,0,0,0,0
1812500,0,0,0,0,0,0
1812600,0,0,0,0,0,0
1812700,0,0,0,0,0,0
1812800,0,0,0,0,0,0
1812900,0,0,0,0,0,0
1813000,0,0,0,0,0,0
1813100,0,0,0,0,0,0
1813200,0,0,0,0,0,0
1813300,0,0,0,0,0,0
1813400,0,0,0,0,0,0
1813500,0,0,0,0,0,0
1813600,0,0,0,0,0,0
1813700,0,0,0,0,0,0
1813800,0,0,0,0,0,0
1813900,0,0,0,0,0,0
1814000,0,0,0,0,0,0
1814100,0,0,0,0,0,0
1814200,0,0,0,0,0,0
1814300,0,0,0,0,0,0
1814400,0,0,0,0,0,0
1814500,0,0,0,0,0,0
1814600,0,0,0,0,0,0
1814700,0,0,0,0,0,0
1814800,0,0,0,0,0,0
1814900,0,0,0,0,0,0
1815000,0,0,0,0,0,0
1815100,0,0,0,0,0,0
1815200,0,0,0,0,0,0
1815300,0,0,0,0,0,0
1815400,0,0,0,0,0,0
1815500,0,0,0,0,0,0
1815600,0,0,0,0,0,0
1815700,0,0,0,0,0,0
1815800,0,0,0,0,0,0
1815900,0,0,0,0,0,0
1816000,0,0,0,0,0,0
1816100,0,0,0,0,0,0
1816200,0,0,0,0,0,0
1816300,0,0,0,0,0,0
1816400,0,0,0,0,0,0
1816500,0,0,0,0,0,0
1816600,0,0,0,0,0,0
1816700,0,0,0,0,0,0
1816800,0,0,0,0,0,0
1816900,0,0,0,0,0,0
1817000,0,0,0,0,0,0
1817100,0,0,0,0,0,0
1817200,0,0,0,0,0,0
1817300,0,0,0,0,0,0
1817400,0,0,0,0,0,0
1817500,0,0,0,0,0,0
1817600,0,0,0,0,0,0
1817700,0,0,0,0,0,0
1817800,0,0,0,0,0,0
1817900,0,0,0,0,0,0
1818000,0,0,0,0,0,0
1818100,0,0,0,0,0,0
1818200,0,0,0,0,0,0
1818300,0,0,0,0,0,0
1818400,0,0,0,0,0,0
1818500,0,0,0,0,0,0
1818600,0,0,0,0,0,0
1818700,0,0,0,0,0,0
1818800,0,0,0,0,0,0
1818900,0,0,0,0,0,0
1819000,0,0,0,0,0,0
1819100,0,0,0,0,0,0
1819200,0,0,0,0,0,0
1819300,0,0,0,0,0,0
1819400,0,0,0,0,0,0
1819500,0,0,0,0,0,0
1819600,0,0,0,0,0,0
1819700,0,0,0,0,0,0
1819800,0,0,0,0,0,0
1819900,0,0,0,0,0,0
1820000,0,0,0,0,0,0
1820100,0,0,0,0,0,0
1820200,0,0,0,0,0,0
1820300,0,0,0,0,0,0
1820400,0,0,0,0,0,0
1820500,0,0,0,0,0,0
1820600,0,0,0,0,0,0
1820700,0,0,0,0,0,0
1820800,0,0,0,0,0,0
1820900,0,0,0,0,0,0
1821000,0,0,0,0,0,0
1821100,0,0,0,0,0,0
1821200,0,0,0,0,0,0
1821300,0,0,0,0,0,0
1821400,0,0,0,0,0,0
1821500,0,0,0,0,0,0
1821600,0,0,0,0,0,0
1821700,0,0,0,0,0,0
1821800,0,0,0,0,0,0
1821900,0,0,0,0,0,0
1822000,0,0,0,0,0,0
1822100,0,0,0,0,0,0
1822200,0,0,0,0,0,0
1822300,0,0,0,0,0,0
1822400,0,0,0,0,0,0
1822500,0,0,0,0,0,0
1822600,0,0,0,0,0,0
1822700,0,0,0,0,0,0
1822800,0,0,0,0,0,0
1822900,0,0,0,0,0,0
1823000,0,0,0,0,0,0
1823100,0,0,0,0,0,0
1823200,0,0,0,0,0,0
1823300,0,0,0,0,0,0
1823400,0,0,0,0,0,0
1823500,0,0,0,0,0,0
1823600,0,0,0,0,0,0
1823700,0,0,0,0,0,0
1823800,0,0,0,0,0,0
1823900,0,0,0,0,0,0
1824000,0,0,0,0,0,0
1824100,0,0,0,0,0,0
1824200,0,0,0,0,0,0
1824300,0,0,0,0,0,0
1824400,0,0,0,0,0,0
1824500,0,0,0,0,0,0
1824600,0,0,0,0,0,0
1824700,0,0,0,0,0,0
1824800,0,0,0,0,0,0
1824900,0,0,0,0,0,0
1825000,0,0,0,0,0,0
1825100,0,0,0,0,0,0
1825200,0,0,0,0,0,0
1825300,0,0,0,0,0,0
1825400,0,0,0,0,0,0
1825500,0,0,0,0,0,0
1825600,0,0,0,0,0,0
1825700,0,0,0,0,0,0
1825800,0,0,0,0,0,0
1825900,0,0,0,0,0,0
1826000,0,0,0,0,0,0
1826100,0,0,0,0,0,0
1826200,0,0,0,0,0,0
1826300,0,0,0,0,0,0
1826400,0,0,0,0,0,0
1826500,0,0,0,0,0,0
1826600,0,0,0,0,0,0
1826700,0,0,0,0,0,0
1826800,0,0,0,0,0,0
1826900,0,0,0,0,0,0
1827000,0,0,0,0,0,0
1827100,0,0,0,0,0,0
1827200,0,0,0,0,0,0
1827300,0,0,0,0,0,0
1827400,0,0,0,0,0,0
1827500,0,0,0,0,0,0
1827600,0,0,0,0,0,0
1827700,0,0,0,0,0,0
1827800,0,0,0,0,0,0
1827900,0,0,0,0,0,0
1828000,0,0,0,0,0,0
1828100,0,0,0,0,0,0
1828200,0,0,0,0,0,0
1828300,0,0,0,0,0,0
1828400,0,0,0,0,0,0
1828500,0,0,0,0,0,0
1828600,0,0,0,0,0,0
1828700,0,0,0,0,0,0
1828800,0,0,0,0,0,0
1828900,0,0,0,0,0,0
1829000,0,0,0,0,0,0
1829100,0,0,0,0,0,0
1829200,0,0,0,0,0,0
1829300,0,0,0,0,0,0
1829400,0,0,0,0,0,0
1829500,0,0,0,0,0,0
1829600,0,0,0,0,0,0
1829700,0,0,0,0,0,0
1829800,0,0,0,0,0,0
1829900,0,0,0,0,0,0
1830000,0,0,0,0,0,0
1830100,0,0,0,0,0,0
1830200,0,0,0,0,0,0
1830300,0,0,0,0,0,0
1830400,0,0,0,0,0,0
1830500,0,0,0,0,0,0
1830600,0,0,0,0,0,0
1830700,0,0,0,0,0,0
1830800,0,0,0,0,0,0
1830900,0,0,0,0,0,0
1831000,0,0,0,0,0,0
1831100,0,0,0,0,0,0
1831200,0,0,0,0,0,0
1831300,0,0,0,0,0,0
1831400,0,0,0,0,0,0
1831500,0,0,0,0,0,0
1831600,0,0,0,0,0,0
1831700,0,0,0,0,0,0
1831800,0,0,0,0,0,0
1831900,0,0,0,0,0,0
1832000,0,0,0,0,0,0
1832100,0,0,0,0,0,0
1832200,0,0,0,0,0,0
1832300,0,0,0,0,0,0
1832400,0,0,0,0,0,0
1832500,0,0,0,0,0,0
1832600,0,0,0,0,0,0
1832700,0,0,0,0,0,0
1832800,0,0,0,0,0,0
1832900,0,0,0,0,0,0
1833000,0,0,0,0,0,0
1833100,0,0,0,0,0,0
1833200,0,0,0,0,0,0
1833300,0,0,0,0,0,0
1833400,0,0,0,0,0,0
1833500,0,0,0,0,0,0
1833600,0,0,0,0,0,0
1833700,0,0,0,0,0,0
1833800,0,0,0,0,0,0
1833900,0,0,0,0,0,0
1834000,0,0,0,0,0,0
1834100,0,0,0,0,0,0
1834200,0,0,0,0,0,0
1834300,0,0,0,0,0,0
1834400,0,0,0,0,0,0
1834500,0,0,0,0,0,0
1834600,0,0,0,0,0,0
1834700,0,0,0,0,0,0
1834800,0,0,0,0,0,0
1834900,0,0,0,0,0,0
1835000,0,0,0,0,0,0
1835100,0,0,0,0,0,0
1835200,0,0,0,0,0,0
1835300,0,0,0,0,0,0
1835400,0,0,0,0,0,0
1835500,0,0,0,0,0,0
1835600,0,0,0,0,0,0
1835700,0,0,0,0,0,0
1835800,0,0,0,0,0,0
1835900,0,0,0,0,0,0
1836000,0,0,0,0,0,0
1836100,0,0,0,0,0,0
1836200,0,0,0,0,0,0
1836300,0,0,0,0,0,0
1836400,0,0,0,0,0,0
1836500,0,0,0,0,0,0
1836600,0,0,0,0,0,0
1836700,0,0,0,0,0,0
1836800,0,0,0,0,0,0
1836900,0,0,0,0,0,0
1837000,0,0,0,0,0,0
1837100,0,0,0,0,0,0
1837200,0,0,0,0,0,0
1837300,0,0,0,0,0,0
1837400,0,0,0,0,0,0
1837500,0,0,0,0,0,0
1837600,0,0,0,0,0,0
1837700,0,0,0,0,0,0
1837800,0,0,0,0,0,0
1837900,0,0,0,0,0,0
1838000,0,0,0,0,0,0
1838100,0,0,0,0,0,0
1838200,0,0,0,0,0,0
1838300,0,0,0,0,0,0
1838400,0,0,0,0,0,0
1838500,0,0,0,0,0,0
1838600,0,0,0,0,0,0
1838700,0,0,0,0,0,0
1838800,0,0,0,0,0,0
1838900,0,0,0,0,0,0
1839000,0,0,0,0,0,0
1839100,0,0,0,0,0,0
1839200,0,0,0,0,0,0
1839300,0,0,0,0,0,0
1839400,0,0,0,0,0,0
1839500,0,0,0,0,0,0
1839600,0,0,0,0,0,0
1839700,0,0,0,0,0,0
1839800,0,0,0,0,0,0
1839900,0,0,0,0,0,0
1840000,0,0,0,0,0,0
1840100,0,0,0,0,0,0
1840200,0,0,0,0,0,0
1840300,0,0,0,0,0,0
1840400,0,0,0,0,0,0
1840500,0,0,0,0,0,0
1840600,0,0,0,0,0,0
1840700,0,0,0,0,0,0
1840800,0,0,0,0,0,0
1840900,0,0,0,0,0,0
1841000,0,0,0,0,0,0
1841100,0,0,0,0,0,0
1841200,0,0,0,0,0,0
1841300,0,0,0,0,0,0
1841400,0,0,0,0,0,0
1841500,0,0,0,0,0,0
1841600,0,0,0,0,0,0
1841700,0,0,0,0,0,0
1841800,0,0,0,0,0,0
1841900,0,0,0,0,0,0
1842000,0,0,0,0,0,0
1842100,0,0,0,0,0,0
1842200,0,0,0,0,0,0
1842300,0,0,0,0,0,0
1842400,0,0,0,0,0,0
1842500,0,0,0,0,0,0
1842600,0,0,0,0,0,0
1842700,0,0,0,0,0,0
1842800,0,0,0,0,0,0
1842900,0,0,0,0,0,0
1843000,0,0,0,0,0,0
1843100,0,0,0,0,0,0
1843200,0,0,0,0,0,0
1843300,0,0,0,0,0,0
1843400,0,0,0,0,0,0
1843500,0,0,0,0,0,0
1843600,0,0,0,0,0,0
1843700,0,0,0,0,0,0
1843800,0,0,0,0,0,0
1843900,0,0,0,0,0,0
1844000,0,0,0,0,0,0
1844100,0,0,0,0,0,0
1844200,0,0,0,0,0,0
1844300,0,0,0,0,0,0
1844400,0,0,0,0,0,0
1844500,0,0,0,0,0,0
1844600,0,0,0,0,0,0
1844700,0,0,0,0,0,0
1844800,0,0,0,0,0,0
1844900,0,0,0,0,0,0
1845000,0,0,0,0,0,0
1845100,0,0,0,0,0,0
1845200,0,0,0,0,0,0
1845300,0,0,0,0,0,0
1845400,0,0,0,0,0,0
1845500,0,0,0,0,0,0
1845600,0,0,0,0,0,0
1845700,0,0,0,0,0,0
1845800,0,0,0,0,0,0
1845900,0,0,0,0,0,0
1846000,0,0,0,0,0,0
1846100,0,0,0,0,0,0
1846200,0,0,0,0,0,0
1846300,0,0,0,0,0,0
1846400,0,0,0,0,0,0
1846500,0,0,0,0,0,0
1846600,0,0,0,0,0,0
1846700,0,0,0,0,0,0
1846800,0,0,0,0,0,0
1846900,0,0,0,0,0,0
1847000,0,0,0,0,0,0
1847100,0,0,0,0,0,0
1847200,0,0,0,0,0,0
1847300,0,0,0,0,0,0
1847400,0,0,0,0,0,0
1847500,0,0,0,0,0,0
1847600,0,0,0,0,0,0
1847700,0,0,0,0,0,0
1847800,0,0,0,0,0,0
1847900,0,0,0,0,0,0
1848000,0,0,0,0,0,0
1848100,0,0,0,0,0,0
1848200,0,0,0,0,0,0
1848300,0,0,0,0,0,0
1848400,0,0,0,0,0,0
1848500,0,0,0,0,0,0
1848600,0,0,0,0,0,0
1848700,0,0,0,0,0,0
1848800,0,0,0,0,0,0
1848900,0,0,0,0,0,0
1849000,0,0,0,0,0,0
1849100,0,0,0,0,0,0
1849200,0,0,0,0,0,0
1849300,0,0,0,0,0,0
1849400,0,0,0,0,0,0
1849500,0,0,0,0,0,0
1849600,0,0,0,0,0,0
1849700,0,0,0,0,0,0
1849800,0,0,0,0,0,0
1849900,0,0,0,0,0,0
1850000,0,0,0,0,0,0
1850100,0,0,0,0,0,0
1850200,0,0,0,0,0,0
1850300,0,0,0,0,0,0
1850400,0,0,0,0,0,0
1850500,0,0,0,0,0,0
1850600,0,0,0,0,0,0
1850700,0,0,0,0,0,0
1850800,0,0,0,0,0,0
1850900,0,0,0,0,0,0
1851000,0,0,0,0,0,0
1851100,0,0,0,0,0,0
1851200,0,0,0,0,0,0
1851300,0,0,0,0,0,0
1851400,0,0,0,0,0,0
1851500,0,0,0,0,0,0
1851600,0,0,0,0,0,0
1851700,0,0,0,0,0,0
1851800,0,0,0,0,0,0
1851900,0,0,0,0,0,0
1852000,0,0,0,0,0,0
1852100,0,0,0,0,0,0
1852200,0,0,0,0,0,0
1852300,0,0,0,0,0,0
1852400,0,0,0,0,0,0
1852500,0,0,0,0,0,0
1852600,0,0,0,0,0,0
1852700,0,0,0,0,0,0
1852800,0,0,0,0,0,0
1852900,0,0,0,0,0,0
1853000,0,0,0,0,0,0
1853100,0,0,0,0,0,0
1853200,0,0,0,0,0,0
1853300,0,0,0,0,0,0
1853400,0,0,0,0,0,0
1853500,0,0,0,0,0,0
1853600,0,0,0,0,0,0
1853700,0,0,0,0,0,0
1853800,0,0,0,0,0,0
1853900,0,0,0,0,0,0
1854000,0,0,0,0,0,0
1854100,0,0,0,0,0,0
1854200,0,0,0,0,0,0
1854300,0,0,0,0,0,0
1854400,0,0,0,0,0,0
1854500,0,0,0,0,0,0
1854600,0,0,0,0,0,0
1854700,0,0,0,0,0,0
1854800,0,0,0,0,0,0
1854900,0,0,0,0,0,0
1855000,0,0,0,0,0,0
1855100,0,0,0,0,0,0
1855200,0,0,0,0,0,0
1855300,0,0,0,0,0,0
1855400,0,0,0,0,0,0
1855500,0,0,0,0,0,0
1855600,0,0,0,0,0,0
1855700,0,0,0,0,0,0
1855800,0,0,0,0,0,0
1855900,0,0,0,0,0,0
1856000,0,0,0,0,0,0
1856100,0,0,0,0,0,0
1856200,0,0,0,0,0,0
1856300,0,0,0,0,0,0
1856400,0,0,0,0,0,0
1856500,0,0,0,0,0,0
1856600,0,0,0,0,0,0
1856700,0,0,0,0,0,0
1856800,0,0,0,0,0,0
1856900,0,0,0,0,0,0
1857000,0,0,0,0,0,0
1857100,0,0,0,0,0,0
1857200,0,0,0,0,0,0
1857300,0,0,0,0,0,0
1857400,0,0,0,0,0,0
1857500,0,0,0,0,0,0
1857600,0,0,0,0,0,0
1857700,0,0,0,0,0,0
1857800,0,0,0,0,0,0
1857900,0,0,0,0,0,0
1858000,0,0,0,0,0,0
1858100,0,0,0,0,0,0
1858200,0,0,0,0,0,0
1858300,0,0,0,0,0,0
1858400,0,0,0,0,0,0
1858500,0,0,0,0,0,0
1858600,0,0,0,0,0,0
1858700,0,0,0,0,0,0
1858800,0,0,0,0,0,0
1858900,0,0,0,0,0,0
1859000,0,0,0,0,0,0
1859100,0,0,0,0,0,0
1859200,0,0,0,0,0,0
1859300,0,0,0,0,0,0
1859400,0,0,0,0,0,0
1859500,0,0,0,0,0,0
1859600,0,0,0,0,0,0
1859700,0,0,0,0,0,0
1859800,0,0,0,0,0,0
1859900,0,0,0,0,0,0
1860000,0,0,0,0,0,0
1860100,0,0,0,0,0,0
1860200,0,0,0,0,0,0
1860300,0,0,0,0,0,0
1860400,0,0,0,0,0,0
1860500,0,0,0,0,0,0
1860600,0,0,0,0,0,0
1860700,0,0,0,0,0,0
1860800,0,0,0,0,0,0
1860900,0,0,0,0,0,0
1861000,0,0,0,0,0,0
1861100,0,0,0,0,0,0
1861200,0,0,0,0,0,0
1861300,0,0,0,0,0,0
1861400,0,0,0,0,0,0
1861500,0,0,0,0,0,0
1861600,0,0,0,0,0,0
1861700,0,0,0,0,0,0
1861800,0,0,0,0,0,0
1861900,0,0,0,0,0,0
1862000,0,0,0,0,0,0
1862100,0,0,0,0,0,0
1862200,0,0,0,0,0,0
1862300,0,0,0,0,0,0
1862400,0,0,0,0,0,0
1862500,0,0,0,0,0,0
1862600,0,0,0,0,0,0
1862700,0,0,0,0,0,0
1862800,0,0,0,0,0,0
1862900,0,0,0,0,0,0
1863000,0,0,0,0,0,0
1863100,0,0,0,0,0,0
1863200,0,0,0,0,0,0
1863300,0,0,0,0,0,0
1863400,0,0,0,0,0,0
1863500,0,0,0,0,0,0
1863600,0,0,0,0,0,0
1863700,0,0,0,0,0,0
1863800,0,0,0,0,0,0
1863900,0,0,0,0,0,0
1864000,0,0,0,0,0,0
1864100,0,0,0,0,0,0
1864200,0,0,0,0,0,0
1864300,0,0,0,0,0,0
1864400,0,0,0,0,0,0
1864500,0,0,0,0,0,0
1864600,0,0,0,0,0,0
1864700,0,0,0,0,0,0
1864800,0,0,0,0,0,0
1864900,0,0,0,0,0,0
1865000,0,0,0,0,0,0
1865100,0,0,0,0,0,0
1865200,0,0,0,0,0,0
1865300,0,0,0,0,0,0
1865400,0,0,0,0,0,0
1865500,0,0,0,0,0,0
1865600,0,0,0,0,0,0
1865700,0,0,0,0,0,0
1865800,0,0,0,0,0,0
1865900,0,0,0,0,0,0
1866000,0,0,0,0,0,0
1866100,0,0,0,0,0,0
1866200,0,0,0,0,0,0
1866300,0,0,0,0,0,0
1866400,0,0,0,0,0,0
1866500,0,0,0,0,0,0
1866600,0,0,0,0,0,0
1866700,0,0,0,0,0,0
1866800,0,0,0,0,0,0
1866900,0,0,0,0,0,0
1867000,0,0,0,0,0,0
1867100,0,0,0,0,0,0
1867200,0,0,0,0,0,0
1867300,0,0,0,0,0,0
1867400,0,0,0,0,0,0
1867500,0,0,0,0,0,0
1867600,0,0,0,0,0,0
1867700,0,0,0,0,0,0
1867800,0,0,0,0,0,0
1867900,0,0,0,0,0,0
1868000,0,0,0,0,0,0
1868100,0,0,0,0,0,0
1868200,0,0,0,0,0,0
1868300,0,0,0,0,0,0
1868400,0,0,0,0,0,0
1868500,0,0,0,0,0,0
1868600,0,0,0,0,0,0
1868700,0,0,0,0,0,0
1868800,0,0,0,0,0,0
1868900,0,0,0,0,0,0
1869000,0,0,0,0,0,0
1869100,0,0,0,0,0,0
1869200,0,0,0,0,0,0
1869300,0,0,0,0,0,0
1869400,0,0,0,0,0,0
1869500,0,0,0,0,0,0
1869600,0,0,0,0,0,0
1869700,0,0,0,0,0,0
1869800,0,0,0,0,0,0
1869900,0,0,0,0,0,0
1870000,0,0,0,0,0,0
1870100,0,0,0,0,0,0
1870200,0,0,0,0,0,0
1870300,0,0,0,0,0,0
1870400,0,0,0,0,0,0
1870500,0,0,0,0,0,0
1870600,0,0,0,0,0,0
1870700,0,0,0,0,0,0
1870800,0,0,0,0,0,0
1870900,0,0,0,0,0,0
1871000,0,0,0,0,0,0
1871100,0,0,0,0,0,0
1871200,0,0,0,0,0,0
1871300,0,0,0,0,0,0
1871400,0,0,0,0,0,0
1871500,0,0,0,0,0,0
1871600,0,0,0,0,0,0
1871700,0,0,0,0,0,0
1871800,0,0,0,0,0,0
1871900,0,0,0,0,0,0
1872000,0,0,0,0,0,0
1872100,0,0,0,0,0,0
1872200,0,0,0,0,0,0
1872300,0,0,0,0,0,0
1872400,0,0,0,0,0,0
1872500,0,0,0,0,0,0
1872600,0,0,0,0,0,0
1872700,0,0,0,0,0,0
1872800,0,0,0,0,0,0
1872900,0,0,0,0,0,0
1873000,0,0,0,0,0,0
1873100,0,0,0,0,0,0
1873200,0,0,0,0,0,0
1873300,0,0,0,0,0,0
1873400,0,0,0,0,0,0
1873500,0,0,0,0,0,0
1873600,0,0,0,0,0,0
1873700,0,0,0,0,0,0
1873800,0,0,0,0,0,0
1873900,0,0,0,0,0,0
1874000,0,0,0,0,0,0
1874100,0,0,0,0,0,0
1874200,0,0,0,0,0,0
1874300,0,0,0,0,0,0
1874400,0,0,0,0,0,0
1874500,0,0,0,0,0,0
1874600,0,0,0,0,0,0
1874700,0,0,0,0,0,0
1874800,0,0,0,0,0,0
1874900,0,0,0,0,0,0
1875000,0,0,0,0,0,0
1875100,0,0,0,0,0,0
1875200,0,0,0,0,0,0
1875300,0,0,0,0,0,0
1875400,0,0,0,0,0,0
1875500,0,0,0,0,0,0
1875600,0,0,0,0,0,0
1875700,0,0,0,0,0,0
1875800,0,0,0,0,0,0
1875900,0,0,0,0,0,0
1876000,0,0,0,0,0,0
1876100,0,0,0,0,0,0
1876200,0,0,0,0,0,0
1876300,0,0,0,0,0,0
1876400,0,0,0,0,0,0
1876500,0,0,0,0,0,0
1876600,0,0,0,0,0,0
1876700,0,0,0,0,0,0
1876800,0,0,0,0,0,0
1876900,0,0,0,0,0,0
1877000,0,0,0,0,0,0
1877100,0,0,0,0,0,0
1877200,0,0,0,0,0,0
1877300,0,0,0,0,0,0
1877400,0,0,0,0,0,0
1877500,0,0,0,0,0,0
1877600,0,0,0,0,0,0
1877700,0,0,0,0,0,0
1877800,0,0,0,0,0,0
1877900,0,0,0,0,0,0
1878000,0,0,0,0,0,0
1878100,0,0,0,0,0,0
1878200,0,0,0,0,0,0
1878300,0,0,0,0,0,0
1878400,0,0,0,0,0,0
1878500,0,0,0,0,0,0
1878600,0,0,0,0,0,0
1878700,0,0,0,0,0,0
1878800,0,0,0,0,0,0
1878900,0,0,0,0,0,0
1879000,0,0,0,0,0,0
1879100,0,0,0,0,0,0
1879200,0,0,0,0,0,0
1879300,0,0,0,0,0,0
1879400,0,0,0,0,0,0
1879500,0,0,0,0,0,0
1879600,0,0,0,0,0,0
1879700,0,0,0,0,0,0
1879800,0,0,0,0,0,0
1879900,0,0,0,0,0,0
1880000,0,0,0,0,0,0
1880100,0,0,0,0,0,0
1880200,0,0,0,0,0,0
1880300,0,0,0,0,0,0
1880400,0,0,0,0,0,0
1880500,0,0,0,0,0,0
1880600,0,0,0,0,0,0
1880700,0,0,0,0,0,0
1880800,0,0,0,0,0,0
1880900,0,0,0,0,0,0
1881000,0,0,0,0,0,0
1881100,0,0,0,0,0,0
1881200,0,0,0,0,0,0
1881300,0,0,0,0,0,0
1881400,0,0,0,0,0,0
1881500,0,0,0,0,0,0
1881600,0,0,0,0,0,0
1881700,0,0,0,0,0,0
1881800,0,0,0,0,0,0
1881900,0,0,0,0,0,0
1882000,0,0,0,0,0,0
1882100,0,0,0,0,0,0
1882200,0,0,0,0,0,0
1882300,0,0,0,0,0,0
1882400,0,0,0,0,0,0
1882500,0,0,0,0,0,0
1882600,0,0,0,0,0,0
1882700,0,0,0,0,0,0
1882800,0,0,0,0,0,0
1882900,0,0,0,0,0,0
1883000,0,0,0,0,0,0
1883100,0,0,0,0,0,0
1883200,0,0,0,0,0,0
1883300,0,0,0,0,0,0
1883400,0,0,0,0,0,0
1883500,0,0,0,0,0,0
1883600,0,0,0,0,0,0
1883700,0,0,0,0,0,0
1883800,0,0,0,0,0,0
1883900,0,0,0,0,0,0
1884000,0,0,0,0,0,0
1884100,0,0,0,0,0,0
1884200,0,0,0,0,0,0
1884300,0,0,0,0,0,0
1884400,0,0,0,0,0,0
1884500,0,0,0,0,0,0
1884600,0,0,0,0,0,0
1884700,0,0,0,0,0,0
1884800,0,0,0,0,0,0
1884900,0,0,0,0,0,0
1885000,0,0,0,0,0,0
1885100,0,0,0,0,0,0
1885200,0,0,0,0,0,0
1885300,0,0,0,0,0,0
1885400,0,0,0,0,0,0
1885500,0,0,0,0,0,0
1885600,0,0,0,0,0,0
1885700,0,0,0,0,0,0
1885800,0,0,0,0,0,0
1885900,0,0,0,0,0,0
1886000,0,0,0,0,0,0
1886100,0,0,0,0,0,0
1886200,0,0,0,0,0,0
1886300,0,0,0,0,0,0
1886400,0,0,0,0,0,0
1886500,0,0,0,0,0,0
1886600,0,0,0,0,0,0
1886700,0,0,0,0,0,0
1886800,0,0,0,0,0,0
1886900,0,0,0,0,0,0
1887000,0,0,0,0,0,0
1887100,0,0,0,0,0,0
1887200,0,0,0,0,0,0
1887300,0,0,0,0,0,0
1887400,0,0,0,0,0,0
1887500,0,0,0,0,0,0
1887600,0,0,0,0,0,0
1887700,0,0,0,0,0,0
1887800,0,0,0,0,0,0
1887900,0,0,0,0,0,0
1888000,0,0,0,0,0,0
1888100,0,0,0,0,0,0
1888200,0,0,0,0,0,0
1888300,0,0,0,0,0,0
1888400,0,0,0,0,0,0
1888500,0,0,0,0,0,0
1888600,0,0,0,0,0,0
1888700,0,0,0,0,0,0
1888800,0,0,0,0,0,0
1888900,0,0,0,0,0,0
1889000,0,0,0,0,0,0
1889100,0,0,0,0,0,0
1889200,0,0,0,0,0,0
1889300,0,0,0,0,0,0
1889400,0,0,0,0,0,0
1889500,0,0,0,0,0,0
1889600,0,0,0,0,0,0
1889700,0,0,0,0,0,0
1889800,0,0,0,0,0,0
1889900,0,0,0,0,0,0
1890000,0,0,0,0,0,0
1890100,0,0,0,0,0,0
1890200,0,0,0,0,0,0
1890300,0,0,0,0,0,0
1890400,0,0,0,0,0,0
1890500,0,0,0,0,0,0
1890600,0,0,0,0,0,0
1890700,0,0,0,0,0,0
1890800,0,0,0,0,0,0
1890900,0,0,0,0,0,0
1891000,0,0,0,0,0,0
1891100,0,0,0,0,0,0
1891200,0,0,0,0,0,0
1891300,0,0,0,0,0,0
1891400,0,0,0,0,0,0
1891500,0,0,0,0,0,0
1891600,0,0,0,0,0,0
1891700,0,0,0,0,0,0
1891800,0,0,0,0,0,0
1891900,0,0,0,0,0,0
1892000,0,0,0,0,0,0
1892100,0,0,0,0,0,0
1892200,0,0,0,0,0,0
1892300,0,0,0,0,0,0
1892400,0,0,0,0,0,0
1892500,0,0,0,0,0,0
1892600,0,0,0,0,0,0
1892700,0,0,0,0,0,0
1892800,0,0,0,0,0,0
1892900,0,0,0,0,0,0
1893000,0,0,0,0,0,0
1893100,0,0,0,0,0,0
1893200,0,0,0,0,0,0
1893300,0,0,0,0,0,0
1893400,0,0,0,0,0,0
1893500,0,0,0,0,0,0
1893600,0,0,0,0,0,0
1893700,0,0,0,0,0,0
1893800,0,0,0,0,0,0
1893900,0,0,0,0,0,0
1894000,0,0,0,0,0,0
1894100,0,0,0,0,0,0
1894200,0,0,0,0,0,0
1894300,0,0,0,0,0,0
1894400,0,0,0,0,0,0
1894500,0,0,0,0,0,0
1894600,0,0,0,0,0,0
1894700,0,0,0,0,0,0
1894800,0,0,0,0,0,0
1894900,0,0,0,0,0,0
1895000,0,0,0,0,0,0
1895100,0,0,0,0,0,0
1895200,0,0,0,0,0,0
1895300,0,0,0,0,0,0
1895400,0,0,0,0,0,0
1895500,0,0,0,0,0,0
1895600,0,0,0,0,0,0
1895700,0,0,0,0,0,0
1895800,0,0,0,0,0,0
1895900,0,0,0,0,0,0
1896000,0,0,0,0,0,0
1896100,0,0,0,0,0,0
1896200,0,0,0,0,0,0
1896300,0,0,0,0,0,0
1896400,0,0,0,0,0,0
1896500,0,0,0,0,0,0
1896600,0,0,0,0,0,0
1896700,0,0,0,0,0,0
1896800,0,0,0,0,0,0
1896900,0,0,0,0,0,0
1897000,0,0,0,0,0,0
1897100,0,0,0,0,0,0
1897200,0,0,0,0,0,0
1897300,0,0,0,0,0,0
1897400,0,0,0,0,0,0
1897500,0,0,0,0,0,0
1897600,0,0,0,0,0,0
1897700,0,0,0,0,0,0
1897800,0,0,0,0,0,0
1897900,0,0,0,0,0,0
1898000,0,0,0,0,0,0
1898100,0,0,0,0,0,0
1898200,0,0,0,0,0,0
1898300,0,0,0,0,0,0
1898400,0,0,0,0,0,0
1898500,0,0,0,0,0,0
1898600,0,0,0,0,0,0
1898700,0,0,0,0,0,0
1898800,0,0,0,0,0,0
1898900,0,0,0,0,0,0
1899000,0,0,0,0,0,0
1899100,0,0,0,0,0,0
1899200,0,0,0,0,0,0
1899300,0,0,0,0,0,0
1899400,0,0,0,0,0,0
1899500,0,0,0,0,0,0
1899600,0,0,0,0,0,0
1899700,0,0,0,0,0,0
1899800,0,0,0,0,0,0
1899900,0,0,0,0,0,0
1900000,0,0,0,0,0,0
1900100,0,0,0,0,0,0
1900200,0,0,0,0,0,0
1900300,0,0,0,0,0,0
1900400,0,0,0,0,0,0
