Cycle,Area(mm^2),PeakDynamic(W),SubthresholdLeakage(W),GateLeakage(W),RunTimeDynamic(W)
135000000,1.0570,0.187474,0.005507,0.000525,0.000939
135001000,1.0570,0.187474,0.005507,0.000525,0.000945
135002000,1.0570,0.187474,0.005507,0.000525,0.000945
135003000,1.0570,0.187474,0.005507,0.000525,0.001127
135004000,1.0570,0.187474,0.005507,0.000525,0.000669
135005000,1.0570,0.187474,0.005507,0.000525,0.001127
135006000,1.0570,0.187474,0.005507,0.000525,0.000945
135007000,1.0570,0.187474,0.005507,0.000525,0.000945
135008000,1.0570,0.187474,0.005507,0.000525,0.000939
135009000,1.0570,0.187474,0.005507,0.000525,0.000857
135010000,1.0570,0.187474,0.005507,0.000525,0.001033
135011000,1.0570,0.187474,0.005507,0.000525,0.001039
135012000,1.0570,0.187474,0.005507,0.000525,0.000851
135013000,1.0570,0.187474,0.005507,0.000525,0.001033
135014000,1.0570,0.187474,0.005507,0.000525,0.000857
135015000,1.0570,0.187474,0.005507,0.000525,0.000939
135016000,1.0570,0.187474,0.005507,0.000525,0.000945
135017000,1.0570,0.187474,0.005507,0.000525,0.000945
135018000,1.0570,0.187474,0.005507,0.000525,0.001127
135019000,1.0570,0.187474,0.005507,0.000525,0.000669
135020000,1.0570,0.187474,0.005507,0.000525,0.001127
135021000,1.0570,0.187474,0.005507,0.000525,0.000945
135022000,1.0570,0.187474,0.005507,0.000525,0.000851
135023000,1.0570,0.187474,0.005507,0.000525,0.001033
135024000,1.0570,0.187474,0.005507,0.000525,0.000857
135025000,1.0570,0.187474,0.005507,0.000525,0.001127
135026000,1.0570,0.187474,0.005507,0.000525,0.000851
135027000,1.0570,0.187474,0.005507,0.000525,0.000945
135028000,1.0570,0.187474,0.005507,0.000525,0.001033
135029000,1.0570,0.187474,0.005507,0.000525,0.000857
135030000,1.0570,0.187474,0.005507,0.000525,0.000939
135031000,1.0570,0.187474,0.005507,0.000525,0.001033
135032000,1.0570,0.187474,0.005507,0.000525,0.000857
135033000,1.0570,0.187474,0.005507,0.000525,0.001033
135034000,1.0570,0.187474,0.005507,0.000525,0.000857
135035000,1.0570,0.187474,0.005507,0.000525,0.001033
135036000,1.0570,0.187474,0.005507,0.000525,0.001033
135037000,1.0570,0.187474,0.005507,0.000525,0.000857
135038000,1.0570,0.187474,0.005507,0.000525,0.000939
135039000,1.0570,0.187474,0.005507,0.000525,0.000770
135040000,1.0570,0.187474,0.005507,0.000525,0.005732
135041000,1.0570,0.187474,0.005507,0.000525,0.000657
135042000,1.0570,0.187474,0.005507,0.000525,0.000663
135043000,1.0570,0.187474,0.005507,0.000525,0.000657
135044000,1.0570,0.187474,0.005507,0.000525,0.000569
135045000,1.0570,0.187474,0.005507,0.000525,0.000657
135046000,1.0570,0.187474,0.005507,0.000525,0.000751
135047000,1.0570,0.187474,0.005507,0.000525,0.000569
135048000,1.0570,0.187474,0.005507,0.000525,0.000751
135049000,1.0570,0.187474,0.005507,0.000525,0.000476
135050000,1.0570,0.187474,0.005507,0.000525,0.000751
135051000,1.0570,0.187474,0.005507,0.000525,0.000751
135052000,1.0570,0.187474,0.005507,0.000525,0.000569
135053000,1.0570,0.187474,0.005507,0.000525,0.000657
135054000,1.0570,0.187474,0.005507,0.000525,0.000569
135055000,1.0570,0.187474,0.005507,0.000525,0.000751
135056000,1.0570,0.187474,0.005507,0.000525,0.000657
135057000,1.0570,0.187474,0.005507,0.000525,0.000569
135058000,1.0570,0.187474,0.005507,0.000525,0.000751
135059000,1.0570,0.187474,0.005507,0.000525,0.000569
135060000,1.0570,0.187474,0.005507,0.000525,0.000657
135061000,1.0570,0.187474,0.005507,0.000525,0.000657
135062000,1.0570,0.187474,0.005507,0.000525,0.000663
135063000,1.0570,0.187474,0.005507,0.000525,0.000563
135064000,1.0570,0.187474,0.005507,0.000525,0.000663
135065000,1.0570,0.187474,0.005507,0.000525,0.000751
135066000,1.0570,0.187474,0.005507,0.000525,0.000657
135067000,1.0570,0.187474,0.005507,0.000525,0.000663
135068000,1.0570,0.187474,0.005507,0.000525,0.000563
135069000,1.0570,0.187474,0.005507,0.000525,0.000663
135070000,1.0570,0.187474,0.005507,0.000525,0.000657
135071000,1.0570,0.187474,0.005507,0.000525,0.000751
135072000,1.0570,0.187474,0.005507,0.000525,0.000476
135073000,1.0570,0.187474,0.005507,0.000525,0.000751
135074000,1.0570,0.187474,0.005507,0.000525,0.000663
135075000,1.0570,0.187474,0.005507,0.000525,0.000563
135076000,1.0570,0.187474,0.005507,0.000525,0.000751
135077000,1.0570,0.187474,0.005507,0.000525,0.000569
135078000,1.0570,0.187474,0.005507,0.000525,0.000751
135079000,1.0570,0.187474,0.005507,0.000525,0.000569
135080000,1.0570,0.187474,0.005507,0.000525,0.000657
135081000,1.0570,0.187474,0.005507,0.000525,0.000751
135082000,1.0570,0.187474,0.005507,0.000525,0.005718
135083000,1.0570,0.187474,0.005507,0.000525,0.000376
135084000,1.0570,0.187474,0.005507,0.000525,0.000376
135085000,1.0570,0.187474,0.005507,0.000525,0.000376
135086000,1.0570,0.187474,0.005507,0.000525,0.000282
135087000,1.0570,0.187474,0.005507,0.000525,0.000376
135088000,1.0570,0.187474,0.005507,0.000525,0.000376
135089000,1.0570,0.187474,0.005507,0.000525,0.000376
135090000,1.0570,0.187474,0.005507,0.000525,0.000282
135091000,1.0570,0.187474,0.005507,0.000525,0.000376
135092000,1.0570,0.187474,0.005507,0.000525,0.000376
135093000,1.0570,0.187474,0.005507,0.000525,0.000376
135094000,1.0570,0.187474,0.005507,0.000525,0.000282
135095000,1.0570,0.187474,0.005507,0.000525,0.000376
135096000,1.0570,0.187474,0.005507,0.000525,0.000376
135097000,1.0570,0.187474,0.005507,0.000525,0.000282
135098000,1.0570,0.187474,0.005507,0.000525,0.000376
135099000,1.0570,0.187474,0.005507,0.000525,0.000376
135100000,1.0570,0.187474,0.005507,0.000525,0.000376
135101000,1.0570,0.187474,0.005507,0.000525,0.000282
135102000,1.0570,0.187474,0.005507,0.000525,0.000376
135103000,1.0570,0.187474,0.005507,0.000525,0.000376
135104000,1.0570,0.187474,0.005507,0.000525,0.000376
135105000,1.0570,0.187474,0.005507,0.000525,0.000282
135106000,1.0570,0.187474,0.005507,0.000525,0.000376
135107000,1.0570,0.187474,0.005507,0.000525,0.000376
135108000,1.0570,0.187474,0.005507,0.000525,0.000376
135109000,1.0570,0.187474,0.005507,0.000525,0.000282
135110000,1.0570,0.187474,0.005507,0.000525,0.000376
135111000,1.0570,0.187474,0.005507,0.000525,0.000376
135112000,1.0570,0.187474,0.005507,0.000525,0.000376
135113000,1.0570,0.187474,0.005507,0.000525,0.000282
135114000,1.0570,0.187474,0.005507,0.000525,0.000376
135115000,1.0570,0.187474,0.005507,0.000525,0.000376
135116000,1.0570,0.187474,0.005507,0.000525,0.000282
135117000,1.0570,0.187474,0.005507,0.000525,0.000376
135118000,1.0570,0.187474,0.005507,0.000525,0.000376
135119000,1.0570,0.187474,0.005507,0.000525,0.000376
135120000,1.0570,0.187474,0.005507,0.000525,0.000282
135121000,1.0570,0.187474,0.005507,0.000525,0.000376
135122000,1.0570,0.187474,0.005507,0.000525,0.000376
135123000,1.0570,0.187474,0.005507,0.000525,0.000282
135124000,1.0570,0.187474,0.005507,0.000525,0.000376
135125000,1.0570,0.187474,0.005507,0.000525,0.000376
135126000,1.0570,0.187474,0.005507,0.000525,0.000376
135127000,1.0570,0.187474,0.005507,0.000525,0.000376
135128000,1.0570,0.187474,0.005507,0.000525,0.000282
135129000,1.0570,0.187474,0.005507,0.000525,0.000376
135130000,1.0570,0.187474,0.005507,0.000525,0.000376
135131000,1.0570,0.187474,0.005507,0.000525,0.000376
135132000,1.0570,0.187474,0.005507,0.000525,0.000282
135133000,1.0570,0.187474,0.005507,0.000525,0.000376
135134000,1.0570,0.187474,0.005507,0.000525,0.000376
135135000,1.0570,0.187474,0.005507,0.000525,0.000282
135136000,1.0570,0.187474,0.005507,0.000525,0.000376
135137000,1.0570,0.187474,0.005507,0.000525,0.000376
135138000,1.0570,0.187474,0.005507,0.000525,0.000282
135139000,1.0570,0.187474,0.005507,0.000525,0.000376
135140000,1.0570,0.187474,0.005507,0.000525,0.000376
135141000,1.0570,0.187474,0.005507,0.000525,0.000376
135142000,1.0570,0.187474,0.005507,0.000525,0.000376
135143000,1.0570,0.187474,0.005507,0.000525,0.000376
135144000,1.0570,0.187474,0.005507,0.000525,0.000282
135145000,1.0570,0.187474,0.005507,0.000525,0.000376
135146000,1.0570,0.187474,0.005507,0.000525,0.000376
135147000,1.0570,0.187474,0.005507,0.000525,0.000376
135148000,1.0570,0.187474,0.005507,0.000525,0.000282
135149000,1.0570,0.187474,0.005507,0.000525,0.000376
135150000,1.0570,0.187474,0.005507,0.000525,0.000376
135151000,1.0570,0.187474,0.005507,0.000525,0.000282
135152000,1.0570,0.187474,0.005507,0.000525,0.000376
135153000,1.0570,0.187474,0.005507,0.000525,0.000376
135154000,1.0570,0.187474,0.005507,0.000525,0.000376
135155000,1.0570,0.187474,0.005507,0.000525,0.000282
135156000,1.0570,0.187474,0.005507,0.000525,0.000376
135157000,1.0570,0.187474,0.005507,0.000525,0.000376
135158000,1.0570,0.187474,0.005507,0.000525,0.000376
135159000,1.0570,0.187474,0.005507,0.000525,0.000282
135160000,1.0570,0.187474,0.005507,0.000525,0.000376
135161000,1.0570,0.187474,0.005507,0.000525,0.000376
135162000,1.0570,0.187474,0.005507,0.000525,0.000376
135163000,1.0570,0.187474,0.005507,0.000525,0.000282
135164000,1.0570,0.187474,0.005507,0.000525,0.000376
135165000,1.0570,0.187474,0.005507,0.000525,0.000376
135166000,1.0570,0.187474,0.005507,0.000525,0.000282
135167000,1.0570,0.187474,0.005507,0.000525,0.000376
135168000,1.0570,0.187474,0.005507,0.000525,0.000376
135169000,1.0570,0.187474,0.005507,0.000525,0.000376
135170000,1.0570,0.187474,0.005507,0.000525,0.000282
135171000,1.0570,0.187474,0.005507,0.000525,0.000376
135172000,1.0570,0.187474,0.005507,0.000525,0.000376
135173000,1.0570,0.187474,0.005507,0.000525,0.000282
135174000,1.0570,0.187474,0.005507,0.000525,0.000376
135175000,1.0570,0.187474,0.005507,0.000525,0.000376
135176000,1.0570,0.187474,0.005507,0.000525,0.000376
135177000,1.0570,0.187474,0.005507,0.000525,0.000282
135178000,1.0570,0.187474,0.005507,0.000525,0.000376
135179000,1.0570,0.187474,0.005507,0.000525,0.000376
135180000,1.0570,0.187474,0.005507,0.000525,0.000376
135181000,1.0570,0.187474,0.005507,0.000525,0.000376
135182000,1.0570,0.187474,0.005507,0.000525,0.000282
135183000,1.0570,0.187474,0.005507,0.000525,0.000376
135184000,1.0570,0.187474,0.005507,0.000525,0.000376
135185000,1.0570,0.187474,0.005507,0.000525,0.000282
135186000,1.0570,0.187474,0.005507,0.000525,0.000376
135187000,1.0570,0.187474,0.005507,0.000525,0.000376
135188000,1.0570,0.187474,0.005507,0.000525,0.000376
135189000,1.0570,0.187474,0.005507,0.000525,0.000282
135190000,1.0570,0.187474,0.005507,0.000525,0.000376
135191000,1.0570,0.187474,0.005507,0.000525,0.000376
135192000,1.0570,0.187474,0.005507,0.000525,0.000282
135193000,1.0570,0.187474,0.005507,0.000525,0.000376
135194000,1.0570,0.187474,0.005507,0.000525,0.000376
135195000,1.0570,0.187474,0.005507,0.000525,0.000376
135196000,1.0570,0.187474,0.005507,0.000525,0.000282
135197000,1.0570,0.187474,0.005507,0.000525,0.000376
135198000,1.0570,0.187474,0.005507,0.000525,0.000376
135199000,1.0570,0.187474,0.005507,0.000525,0.000376
135200000,1.0570,0.187474,0.005507,0.000525,0.000282
135201000,1.0570,0.187474,0.005507,0.000525,0.000376
135202000,1.0570,0.187474,0.005507,0.000525,0.000376
135203000,1.0570,0.187474,0.005507,0.000525,0.000376
135204000,1.0570,0.187474,0.005507,0.000525,0.000282
135205000,1.0570,0.187474,0.005507,0.000525,0.000376
135206000,1.0570,0.187474,0.005507,0.000525,0.000376
135207000,1.0570,0.187474,0.005507,0.000525,0.000282
135208000,1.0570,0.187474,0.005507,0.000525,0.000376
135209000,1.0570,0.187474,0.005507,0.000525,0.000376
135210000,1.0570,0.187474,0.005507,0.000525,0.000376
135211000,1.0570,0.187474,0.005507,0.000525,0.000282
135212000,1.0570,0.187474,0.005507,0.000525,0.000376
135213000,1.0570,0.187474,0.005507,0.000525,0.012711
135214000,1.0570,0.187474,0.005507,0.000525,0.291375
135215000,1.0570,0.187474,0.005507,0.000525,0.104731
135216000,1.0570,0.187474,0.005507,0.000525,0.093895
135217000,1.0570,0.187474,0.005507,0.000525,0.096290
135218000,1.0570,0.187474,0.005507,0.000525,0.142421
135219000,1.0570,0.187474,0.005507,0.000525,0.129791
135220000,1.0570,0.187474,0.005507,0.000525,0.140748
135221000,1.0570,0.187474,0.005507,0.000525,0.128874
135222000,1.0570,0.187474,0.005507,0.000525,0.220030
135223000,1.0570,0.187474,0.005507,0.000525,0.003832
135224000,1.0570,0.187474,0.005507,0.000525,0.316281
135225000,1.0570,0.187474,0.005507,0.000525,0.089515
135226000,1.0570,0.187474,0.005507,0.000525,0.081701
135227000,1.0570,0.187474,0.005507,0.000525,0.080291
135228000,1.0570,0.187474,0.005507,0.000525,0.065200
135229000,1.0570,0.187474,0.005507,0.000525,0.052696
135230000,1.0570,0.187474,0.005507,0.000525,0.037569
135231000,1.0570,0.187474,0.005507,0.000525,0.024163
135232000,1.0570,0.187474,0.005507,0.000525,0.034572
135233000,1.0570,0.187474,0.005507,0.000525,0.042636
135234000,1.0570,0.187474,0.005507,0.000525,0.009877
135235000,1.0570,0.187474,0.005507,0.000525,0.014503
135236000,1.0570,0.187474,0.005507,0.000525,0.016667
135237000,1.0570,0.187474,0.005507,0.000525,0.010100
135238000,1.0570,0.187474,0.005507,0.000525,0.012761
135239000,1.0570,0.187474,0.005507,0.000525,0.012459
135240000,1.0570,0.187474,0.005507,0.000525,0.010419
135241000,1.0570,0.187474,0.005507,0.000525,0.004525
135242000,1.0570,0.187474,0.005507,0.000525,0.004707
135243000,1.0570,0.187474,0.005507,0.000525,0.004701
135244000,1.0570,0.187474,0.005507,0.000525,0.004619
135245000,1.0570,0.187474,0.005507,0.000525,0.007651
135246000,1.0570,0.187474,0.005507,0.000525,0.007906
135247000,1.0570,0.187474,0.005507,0.000525,0.005977
135248000,1.0570,0.187474,0.005507,0.000525,0.003574
135249000,1.0570,0.187474,0.005507,0.000525,0.005508
135250000,1.0570,0.187474,0.005507,0.000525,0.003111
135251000,1.0570,0.187474,0.005507,0.000525,0.002923
135252000,1.0570,0.187474,0.005507,0.000525,0.003486
135253000,1.0570,0.187474,0.005507,0.000525,0.002629
135254000,1.0570,0.187474,0.005507,0.000525,0.003580
135255000,1.0570,0.187474,0.005507,0.000525,0.002454
135256000,1.0570,0.187474,0.005507,0.000525,0.003199
135257000,1.0570,0.187474,0.005507,0.000525,0.002541
135258000,1.0570,0.187474,0.005507,0.000525,0.006879
135259000,1.0570,0.187474,0.005507,0.000525,0.002729
135260000,1.0570,0.187474,0.005507,0.000525,0.008339
135261000,1.0570,0.187474,0.005507,0.000525,0.002447
135262000,1.0570,0.187474,0.005507,0.000525,0.002066
135263000,1.0570,0.187474,0.005507,0.000525,0.002535
135264000,1.0570,0.187474,0.005507,0.000525,0.001790
135265000,1.0570,0.187474,0.005507,0.000525,0.002723
135266000,1.0570,0.187474,0.005507,0.000525,0.002353
135267000,1.0570,0.187474,0.005507,0.000525,0.002253
135268000,1.0570,0.187474,0.005507,0.000525,0.002253
135269000,1.0570,0.187474,0.005507,0.000525,0.001978
135270000,1.0570,0.187474,0.005507,0.000525,0.002629
135271000,1.0570,0.187474,0.005507,0.000525,0.004730
135272000,1.0570,0.187474,0.005507,0.000525,0.003711
135273000,1.0570,0.187474,0.005507,0.000525,0.004253
135274000,1.0570,0.187474,0.005507,0.000525,0.000939
135275000,1.0570,0.187474,0.005507,0.000525,0.000939
135276000,1.0570,0.187474,0.005507,0.000525,0.000845
135277000,1.0570,0.187474,0.005507,0.000525,0.000751
135278000,1.0570,0.187474,0.005507,0.000525,0.000751
135279000,1.0570,0.187474,0.005507,0.000525,0.006180
135280000,1.0570,0.187474,0.005507,0.000525,0.028369
135281000,1.0570,0.187474,0.005507,0.000525,0.265928
135282000,1.0570,0.187474,0.005507,0.000525,0.110351
135283000,1.0570,0.187474,0.005507,0.000525,0.093895
135284000,1.0570,0.187474,0.005507,0.000525,0.094606
135285000,1.0570,0.187474,0.005507,0.000525,0.092343
135286000,1.0570,0.187474,0.005507,0.000525,0.126873
135287000,1.0570,0.187474,0.005507,0.000525,0.156826
135288000,1.0570,0.187474,0.005507,0.000525,0.103923
135289000,1.0570,0.187474,0.005507,0.000525,0.249675
135290000,1.0570,0.187474,0.005507,0.000525,0.020986
135291000,1.0570,0.187474,0.005507,0.000525,0.282423
135292000,1.0570,0.187474,0.005507,0.000525,0.124965
135293000,1.0570,0.187474,0.005507,0.000525,0.101443
135294000,1.0570,0.187474,0.005507,0.000525,0.106728
135295000,1.0570,0.187474,0.005507,0.000525,0.076045
135296000,1.0570,0.187474,0.005507,0.000525,0.047869
135297000,1.0570,0.187474,0.005507,0.000525,0.046501
135298000,1.0570,0.187474,0.005507,0.000525,0.034677
135299000,1.0570,0.187474,0.005507,0.000525,0.028358
135300000,1.0570,0.187474,0.005507,0.000525,0.012111
135301000,1.0570,0.187474,0.005507,0.000525,0.016361
135302000,1.0570,0.187474,0.005507,0.000525,0.021106
135303000,1.0570,0.187474,0.005507,0.000525,0.008675
135304000,1.0570,0.187474,0.005507,0.000525,0.008193
135305000,1.0570,0.187474,0.005507,0.000525,0.011595
135306000,1.0570,0.187474,0.005507,0.000525,0.017404
135307000,1.0570,0.187474,0.005507,0.000525,0.008987
135308000,1.0570,0.187474,0.005507,0.000525,0.005670
135309000,1.0570,0.187474,0.005507,0.000525,0.011899
135310000,1.0570,0.187474,0.005507,0.000525,0.009401
135311000,1.0570,0.187474,0.005507,0.000525,0.004450
135312000,1.0570,0.187474,0.005507,0.000525,0.007646
135313000,1.0570,0.187474,0.005507,0.000525,0.003599
135314000,1.0570,0.187474,0.005507,0.000525,0.003944
135315000,1.0570,0.187474,0.005507,0.000525,0.007276
135316000,1.0570,0.187474,0.005507,0.000525,0.003405
135317000,1.0570,0.187474,0.005507,0.000525,0.003574
135318000,1.0570,0.187474,0.005507,0.000525,0.003229
135319000,1.0570,0.187474,0.005507,0.000525,0.009098
135320000,1.0570,0.187474,0.005507,0.000525,0.003105
135321000,1.0570,0.187474,0.005507,0.000525,0.003217
135322000,1.0570,0.187474,0.005507,0.000525,0.003474
135323000,1.0570,0.187474,0.005507,0.000525,0.008734
135324000,1.0570,0.187474,0.005507,0.000525,0.012195
135325000,1.0570,0.187474,0.005507,0.000525,0.001884
135326000,1.0570,0.187474,0.005507,0.000525,0.001139
135327000,1.0570,0.187474,0.005507,0.000525,0.001878
135328000,1.0570,0.187474,0.005507,0.000525,0.001702
135329000,1.0570,0.187474,0.005507,0.000525,0.006281
135330000,1.0570,0.187474,0.005507,0.000525,0.001408
135331000,1.0570,0.187474,0.005507,0.000525,0.000951
135332000,1.0570,0.187474,0.005507,0.000525,0.001502
135333000,1.0570,0.187474,0.005507,0.000525,0.001227
135334000,1.0570,0.187474,0.005507,0.000525,0.001227
135335000,1.0570,0.187474,0.005507,0.000525,0.001221
135336000,1.0570,0.187474,0.005507,0.000525,0.001139
135337000,1.0570,0.187474,0.005507,0.000525,0.001315
135338000,1.0570,0.187474,0.005507,0.000525,0.001315
135339000,1.0570,0.187474,0.005507,0.000525,0.001233
135340000,1.0570,0.187474,0.005507,0.000525,0.001221
135341000,1.0570,0.187474,0.005507,0.000525,0.001139
135342000,1.0570,0.187474,0.005507,0.000525,0.001315
135343000,1.0570,0.187474,0.005507,0.000525,0.001408
135344000,1.0570,0.187474,0.005507,0.000525,0.003529
135345000,1.0570,0.187474,0.005507,0.000525,0.000939
135346000,1.0570,0.187474,0.005507,0.000525,0.000857
135347000,1.0570,0.187474,0.005507,0.000525,0.000845
135348000,1.0570,0.187474,0.005507,0.000525,0.001127
135349000,1.0570,0.187474,0.005507,0.000525,0.000576
135350000,1.0570,0.187474,0.005507,0.000525,0.000945
135351000,1.0570,0.187474,0.005507,0.000525,0.000669
135352000,1.0570,0.187474,0.005507,0.000525,0.001033
135353000,1.0570,0.187474,0.005507,0.000525,0.005819
135354000,1.0570,0.187474,0.005507,0.000525,0.000288
135355000,1.0570,0.187474,0.005507,0.000525,0.000376
135356000,1.0570,0.187474,0.005507,0.000525,0.000194
135357000,1.0570,0.187474,0.005507,0.000525,0.000376
135358000,1.0570,0.187474,0.005507,0.000525,0.000376
135359000,1.0570,0.187474,0.005507,0.000525,0.000194
135360000,1.0570,0.187474,0.005507,0.000525,0.000376
135361000,1.0570,0.187474,0.005507,0.000525,0.000194
135362000,1.0570,0.187474,0.005507,0.000525,0.000376
135363000,1.0570,0.187474,0.005507,0.000525,0.111871
135364000,1.0570,0.187474,0.005507,0.000525,0.245734
135365000,1.0570,0.187474,0.005507,0.000525,0.097657
135366000,1.0570,0.187474,0.005507,0.000525,0.093895
135367000,1.0570,0.187474,0.005507,0.000525,0.124584
135368000,1.0570,0.187474,0.005507,0.000525,0.150486
135369000,1.0570,0.187474,0.005507,0.000525,0.100655
135370000,1.0570,0.187474,0.005507,0.000525,0.139455
135371000,1.0570,0.187474,0.005507,0.000525,0.109359
135372000,1.0570,0.187474,0.005507,0.000525,0.195520
135373000,1.0570,0.187474,0.005507,0.000525,0.158571
135374000,1.0570,0.187474,0.005507,0.000525,0.185576
135375000,1.0570,0.187474,0.005507,0.000525,0.098237
135376000,1.0570,0.187474,0.005507,0.000525,0.077302
135377000,1.0570,0.187474,0.005507,0.000525,0.064037
135378000,1.0570,0.187474,0.005507,0.000525,0.071649
135379000,1.0570,0.187474,0.005507,0.000525,0.053394
135380000,1.0570,0.187474,0.005507,0.000525,0.045977
135381000,1.0570,0.187474,0.005507,0.000525,0.031015
135382000,1.0570,0.187474,0.005507,0.000525,0.033703
135383000,1.0570,0.187474,0.005507,0.000525,0.028442
135384000,1.0570,0.187474,0.005507,0.000525,0.021643
135385000,1.0570,0.187474,0.005507,0.000525,0.015840
135386000,1.0570,0.187474,0.005507,0.000525,0.018573
135387000,1.0570,0.187474,0.005507,0.000525,0.028772
135388000,1.0570,0.187474,0.005507,0.000525,0.012726
135389000,1.0570,0.187474,0.005507,0.000525,0.011033
135390000,1.0570,0.187474,0.005507,0.000525,0.007924
135391000,1.0570,0.187474,0.005507,0.000525,0.012059
135392000,1.0570,0.187474,0.005507,0.000525,0.010386
135393000,1.0570,0.187474,0.005507,0.000525,0.007354
135394000,1.0570,0.187474,0.005507,0.000525,0.007518
135395000,1.0570,0.187474,0.005507,0.000525,0.013875
135396000,1.0570,0.187474,0.005507,0.000525,0.006415
135397000,1.0570,0.187474,0.005507,0.000525,0.006867
135398000,1.0570,0.187474,0.005507,0.000525,0.008878
135399000,1.0570,0.187474,0.005507,0.000525,0.006128
135400000,1.0570,0.187474,0.005507,0.000525,0.005664
135401000,1.0570,0.187474,0.005507,0.000525,0.006503
135402000,1.0570,0.187474,0.005507,0.000525,0.005840
135403000,1.0570,0.187474,0.005507,0.000525,0.005758
135404000,1.0570,0.187474,0.005507,0.000525,0.005764
135405000,1.0570,0.187474,0.005507,0.000525,0.007780
135406000,1.0570,0.187474,0.005507,0.000525,0.005840
135407000,1.0570,0.187474,0.005507,0.000525,0.005646
135408000,1.0570,0.187474,0.005507,0.000525,0.005476
135409000,1.0570,0.187474,0.005507,0.000525,0.005540
135410000,1.0570,0.187474,0.005507,0.000525,0.005095
135411000,1.0570,0.187474,0.005507,0.000525,0.008316
135412000,1.0570,0.187474,0.005507,0.000525,0.004989
135413000,1.0570,0.187474,0.005507,0.000525,0.018973
135414000,1.0570,0.187474,0.005507,0.000525,0.003392
135415000,1.0570,0.187474,0.005507,0.000525,0.002560
135416000,1.0570,0.187474,0.005507,0.000525,0.003017
135417000,1.0570,0.187474,0.005507,0.000525,0.003480
135418000,1.0570,0.187474,0.005507,0.000525,0.006966
135419000,1.0570,0.187474,0.005507,0.000525,0.002641
135420000,1.0570,0.187474,0.005507,0.000525,0.002178
135421000,1.0570,0.187474,0.005507,0.000525,0.002266
135422000,1.0570,0.187474,0.005507,0.000525,0.002823
135423000,1.0570,0.187474,0.005507,0.000525,0.002078
135424000,1.0570,0.187474,0.005507,0.000525,0.005767
135425000,1.0570,0.187474,0.005507,0.000525,0.002172
135426000,1.0570,0.187474,0.005507,0.000525,0.001802
135427000,1.0570,0.187474,0.005507,0.000525,0.002072
135428000,1.0570,0.187474,0.005507,0.000525,0.002072
135429000,1.0570,0.187474,0.005507,0.000525,0.001796
135430000,1.0570,0.187474,0.005507,0.000525,0.001702
135431000,1.0570,0.187474,0.005507,0.000525,0.006951
135432000,1.0570,0.187474,0.005507,0.000525,0.004174
135433000,1.0570,0.187474,0.005507,0.000525,0.003242
135434000,1.0570,0.187474,0.005507,0.000525,0.000851
135435000,1.0570,0.187474,0.005507,0.000525,0.000939
135436000,1.0570,0.187474,0.005507,0.000525,0.000851
135437000,1.0570,0.187474,0.005507,0.000525,0.000657
135438000,1.0570,0.187474,0.005507,0.000525,0.000751
135439000,1.0570,0.187474,0.005507,0.000525,0.000569
135440000,1.0570,0.187474,0.005507,0.000525,0.003415
135441000,1.0570,0.187474,0.005507,0.000525,0.000282
135442000,1.0570,0.187474,0.005507,0.000525,0.000288
135443000,1.0570,0.187474,0.005507,0.000525,0.000282
135444000,1.0570,0.187474,0.005507,0.000525,0.000288
135445000,1.0570,0.187474,0.005507,0.000525,0.000376
135446000,1.0570,0.187474,0.005507,0.000525,0.000282
135447000,1.0570,0.187474,0.005507,0.000525,0.000288
135448000,1.0570,0.187474,0.005507,0.000525,0.000282
135449000,1.0570,0.187474,0.005507,0.000525,0.000194
135450000,1.0570,0.187474,0.005507,0.000525,0.000376
135451000,1.0570,0.187474,0.005507,0.000525,0.000376
135452000,1.0570,0.187474,0.005507,0.000525,0.000194
135453000,1.0570,0.187474,0.005507,0.000525,0.000376
135454000,1.0570,0.187474,0.005507,0.000525,0.000194
135455000,1.0570,0.187474,0.005507,0.000525,0.000376
135456000,1.0570,0.187474,0.005507,0.000525,0.000376
135457000,1.0570,0.187474,0.005507,0.000525,0.000194
135458000,1.0570,0.187474,0.005507,0.000525,0.000376
135459000,1.0570,0.187474,0.005507,0.000525,0.000194
135460000,1.0570,0.187474,0.005507,0.000525,0.000376
135461000,1.0570,0.187474,0.005507,0.000525,0.000376
135462000,1.0570,0.187474,0.005507,0.000525,0.000194
135463000,1.0570,0.187474,0.005507,0.000525,0.000376
135464000,1.0570,0.187474,0.005507,0.000525,0.000194
135465000,1.0570,0.187474,0.005507,0.000525,0.000376
135466000,1.0570,0.187474,0.005507,0.000525,0.000282
135467000,1.0570,0.187474,0.005507,0.000525,0.000288
135468000,1.0570,0.187474,0.005507,0.000525,0.000376
135469000,1.0570,0.187474,0.005507,0.000525,0.000194
135470000,1.0570,0.187474,0.005507,0.000525,0.000376
135471000,1.0570,0.187474,0.005507,0.000525,0.000282
135472000,1.0570,0.187474,0.005507,0.000525,0.000288
135473000,1.0570,0.187474,0.005507,0.000525,0.000282
135474000,1.0570,0.187474,0.005507,0.000525,0.000288
135475000,1.0570,0.187474,0.005507,0.000525,0.000282
135476000,1.0570,0.187474,0.005507,0.000525,0.000376
135477000,1.0570,0.187474,0.005507,0.000525,0.000288
135478000,1.0570,0.187474,0.005507,0.000525,0.000282
135479000,1.0570,0.187474,0.005507,0.000525,0.000288
135480000,1.0570,0.187474,0.005507,0.000525,0.000282
135481000,1.0570,0.187474,0.005507,0.000525,0.000376
135482000,1.0570,0.187474,0.005507,0.000525,0.000194
135483000,1.0570,0.187474,0.005507,0.000525,0.000376
135484000,1.0570,0.187474,0.005507,0.000525,0.000288
135485000,1.0570,0.187474,0.005507,0.000525,0.000282
135486000,1.0570,0.187474,0.005507,0.000525,0.000376
135487000,1.0570,0.187474,0.005507,0.000525,0.000194
135488000,1.0570,0.187474,0.005507,0.000525,0.000376
135489000,1.0570,0.187474,0.005507,0.000525,0.000282
135490000,1.0570,0.187474,0.005507,0.000525,0.000288
135491000,1.0570,0.187474,0.005507,0.000525,0.000376
135492000,1.0570,0.187474,0.005507,0.000525,0.000194
135493000,1.0570,0.187474,0.005507,0.000525,0.000376
135494000,1.0570,0.187474,0.005507,0.000525,0.000282
135495000,1.0570,0.187474,0.005507,0.000525,0.000288
135496000,1.0570,0.187474,0.005507,0.000525,0.000282
135497000,1.0570,0.187474,0.005507,0.000525,0.000288
135498000,1.0570,0.187474,0.005507,0.000525,0.000376
135499000,1.0570,0.187474,0.005507,0.000525,0.000282
135500000,1.0570,0.187474,0.005507,0.000525,0.000288
135501000,1.0570,0.187474,0.005507,0.000525,0.000282
135502000,1.0570,0.187474,0.005507,0.000525,0.000194
135503000,1.0570,0.187474,0.005507,0.000525,0.000376
135504000,1.0570,0.187474,0.005507,0.000525,0.000376
135505000,1.0570,0.187474,0.005507,0.000525,0.000194
135506000,1.0570,0.187474,0.005507,0.000525,0.000376
135507000,1.0570,0.187474,0.005507,0.000525,0.000194
135508000,1.0570,0.187474,0.005507,0.000525,0.000376
135509000,1.0570,0.187474,0.005507,0.000525,0.000376
135510000,1.0570,0.187474,0.005507,0.000525,0.000194
135511000,1.0570,0.187474,0.005507,0.000525,0.000376
135512000,1.0570,0.187474,0.005507,0.000525,0.000194
135513000,1.0570,0.187474,0.005507,0.000525,0.000376
135514000,1.0570,0.187474,0.005507,0.000525,0.000376
135515000,1.0570,0.187474,0.005507,0.000525,0.000194
135516000,1.0570,0.187474,0.005507,0.000525,0.000376
135517000,1.0570,0.187474,0.005507,0.000525,0.000194
135518000,1.0570,0.187474,0.005507,0.000525,0.000376
135519000,1.0570,0.187474,0.005507,0.000525,0.004426
135520000,1.0570,0.187474,0.005507,0.000525,0.268758
135521000,1.0570,0.187474,0.005507,0.000525,0.103635
135522000,1.0570,0.187474,0.005507,0.000525,0.093895
135523000,1.0570,0.187474,0.005507,0.000525,0.094066
135524000,1.0570,0.187474,0.005507,0.000525,0.098704
135525000,1.0570,0.187474,0.005507,0.000525,0.129314
135526000,1.0570,0.187474,0.005507,0.000525,0.180135
135527000,1.0570,0.187474,0.005507,0.000525,0.128670
135528000,1.0570,0.187474,0.005507,0.000525,0.173591
135529000,1.0570,0.187474,0.005507,0.000525,0.080089
135530000,1.0570,0.187474,0.005507,0.000525,0.253387
135531000,1.0570,0.187474,0.005507,0.000525,0.129915
135532000,1.0570,0.187474,0.005507,0.000525,0.088146
135533000,1.0570,0.187474,0.005507,0.000525,0.062743
135534000,1.0570,0.187474,0.005507,0.000525,0.075032
135535000,1.0570,0.187474,0.005507,0.000525,0.056808
135536000,1.0570,0.187474,0.005507,0.000525,0.046273
135537000,1.0570,0.187474,0.005507,0.000525,0.045794
135538000,1.0570,0.187474,0.005507,0.000525,0.024365
135539000,1.0570,0.187474,0.005507,0.000525,0.026790
135540000,1.0570,0.187474,0.005507,0.000525,0.023239
135541000,1.0570,0.187474,0.005507,0.000525,0.012943
135542000,1.0570,0.187474,0.005507,0.000525,0.013371
135543000,1.0570,0.187474,0.005507,0.000525,0.019059
135544000,1.0570,0.187474,0.005507,0.000525,0.013809
135545000,1.0570,0.187474,0.005507,0.000525,0.014044
135546000,1.0570,0.187474,0.005507,0.000525,0.006873
135547000,1.0570,0.187474,0.005507,0.000525,0.015674
135548000,1.0570,0.187474,0.005507,0.000525,0.011804
135549000,1.0570,0.187474,0.005507,0.000525,0.004801
135550000,1.0570,0.187474,0.005507,0.000525,0.003486
135551000,1.0570,0.187474,0.005507,0.000525,0.006533
135552000,1.0570,0.187474,0.005507,0.000525,0.006605
135553000,1.0570,0.187474,0.005507,0.000525,0.002741
135554000,1.0570,0.187474,0.005507,0.000525,0.002823
135555000,1.0570,0.187474,0.005507,0.000525,0.002547
135556000,1.0570,0.187474,0.005507,0.000525,0.007710
135557000,1.0570,0.187474,0.005507,0.000525,0.005211
135558000,1.0570,0.187474,0.005507,0.000525,0.001796
135559000,1.0570,0.187474,0.005507,0.000525,0.004466
135560000,1.0570,0.187474,0.005507,0.000525,0.004916
135561000,1.0570,0.187474,0.005507,0.000525,0.005651
135562000,1.0570,0.187474,0.005507,0.000525,0.000951
135563000,1.0570,0.187474,0.005507,0.000525,0.008771
135564000,1.0570,0.187474,0.005507,0.000525,0.057108
135565000,1.0570,0.187474,0.005507,0.000525,0.264093
135566000,1.0570,0.187474,0.005507,0.000525,0.106195
135567000,1.0570,0.187474,0.005507,0.000525,0.093895
135568000,1.0570,0.187474,0.005507,0.000525,0.105421
135569000,1.0570,0.187474,0.005507,0.000525,0.130192
135570000,1.0570,0.187474,0.005507,0.000525,0.146309
135571000,1.0570,0.187474,0.005507,0.000525,0.141802
135572000,1.0570,0.187474,0.005507,0.000525,0.126477
135573000,1.0570,0.187474,0.005507,0.000525,0.180970
135574000,1.0570,0.187474,0.005507,0.000525,0.157233
135575000,1.0570,0.187474,0.005507,0.000525,0.184643
135576000,1.0570,0.187474,0.005507,0.000525,0.073754
135577000,1.0570,0.187474,0.005507,0.000525,0.081759
135578000,1.0570,0.187474,0.005507,0.000525,0.068650
135579000,1.0570,0.187474,0.005507,0.000525,0.068356
135580000,1.0570,0.187474,0.005507,0.000525,0.062715
135581000,1.0570,0.187474,0.005507,0.000525,0.047466
135582000,1.0570,0.187474,0.005507,0.000525,0.042328
135583000,1.0570,0.187474,0.005507,0.000525,0.012337
135584000,1.0570,0.187474,0.005507,0.000525,0.027494
135585000,1.0570,0.187474,0.005507,0.000525,0.019757
135586000,1.0570,0.187474,0.005507,0.000525,0.012739
135587000,1.0570,0.187474,0.005507,0.000525,0.008957
135588000,1.0570,0.187474,0.005507,0.000525,0.011907
135589000,1.0570,0.187474,0.005507,0.000525,0.008281
135590000,1.0570,0.187474,0.005507,0.000525,0.018870
135591000,1.0570,0.187474,0.005507,0.000525,0.007167
135592000,1.0570,0.187474,0.005507,0.000525,0.007060
135593000,1.0570,0.187474,0.005507,0.000525,0.010390
135594000,1.0570,0.187474,0.005507,0.000525,0.006879
135595000,1.0570,0.187474,0.005507,0.000525,0.010353
135596000,1.0570,0.187474,0.005507,0.000525,0.009916
135597000,1.0570,0.187474,0.005507,0.000525,0.007855
135598000,1.0570,0.187474,0.005507,0.000525,0.005501
135599000,1.0570,0.187474,0.005507,0.000525,0.008766
135600000,1.0570,0.187474,0.005507,0.000525,0.010236
135601000,1.0570,0.187474,0.005507,0.000525,0.004356
135602000,1.0570,0.187474,0.005507,0.000525,0.009111
135603000,1.0570,0.187474,0.005507,0.000525,0.004344
135604000,1.0570,0.187474,0.005507,0.000525,0.006987
135605000,1.0570,0.187474,0.005507,0.000525,0.004056
135606000,1.0570,0.187474,0.005507,0.000525,0.003505
135607000,1.0570,0.187474,0.005507,0.000525,0.003950
135608000,1.0570,0.187474,0.005507,0.000525,0.003217
135609000,1.0570,0.187474,0.005507,0.000525,0.004056
135610000,1.0570,0.187474,0.005507,0.000525,0.003856
135611000,1.0570,0.187474,0.005507,0.000525,0.003692
135612000,1.0570,0.187474,0.005507,0.000525,0.007082
135613000,1.0570,0.187474,0.005507,0.000525,0.003305
135614000,1.0570,0.187474,0.005507,0.000525,0.003492
135615000,1.0570,0.187474,0.005507,0.000525,0.003856
135616000,1.0570,0.187474,0.005507,0.000525,0.003311
135617000,1.0570,0.187474,0.005507,0.000525,0.005862
135618000,1.0570,0.187474,0.005507,0.000525,0.002735
135619000,1.0570,0.187474,0.005507,0.000525,0.002547
135620000,1.0570,0.187474,0.005507,0.000525,0.002541
135621000,1.0570,0.187474,0.005507,0.000525,0.002372
135622000,1.0570,0.187474,0.005507,0.000525,0.005855
135623000,1.0570,0.187474,0.005507,0.000525,0.002166
135624000,1.0570,0.187474,0.005507,0.000525,0.002260
135625000,1.0570,0.187474,0.005507,0.000525,0.001884
135626000,1.0570,0.187474,0.005507,0.000525,0.001978
135627000,1.0570,0.187474,0.005507,0.000525,0.001890
135628000,1.0570,0.187474,0.005507,0.000525,0.002072
135629000,1.0570,0.187474,0.005507,0.000525,0.001978
135630000,1.0570,0.187474,0.005507,0.000525,0.002072
135631000,1.0570,0.187474,0.005507,0.000525,0.001978
135632000,1.0570,0.187474,0.005507,0.000525,0.001796
135633000,1.0570,0.187474,0.005507,0.000525,0.002166
135634000,1.0570,0.187474,0.005507,0.000525,0.001978
135635000,1.0570,0.187474,0.005507,0.000525,0.001790
135636000,1.0570,0.187474,0.005507,0.000525,0.006671
135637000,1.0570,0.187474,0.005507,0.000525,0.001615
135638000,1.0570,0.187474,0.005507,0.000525,0.005559
135639000,1.0570,0.187474,0.005507,0.000525,0.001321
135640000,1.0570,0.187474,0.005507,0.000525,0.001227
135641000,1.0570,0.187474,0.005507,0.000525,0.001408
135642000,1.0570,0.187474,0.005507,0.000525,0.001139
135643000,1.0570,0.187474,0.005507,0.000525,0.001408
135644000,1.0570,0.187474,0.005507,0.000525,0.004628
135645000,1.0570,0.187474,0.005507,0.000525,0.000945
135646000,1.0570,0.187474,0.005507,0.000525,0.001033
135647000,1.0570,0.187474,0.005507,0.000525,0.000945
135648000,1.0570,0.187474,0.005507,0.000525,0.001033
135649000,1.0570,0.187474,0.005507,0.000525,0.001127
135650000,1.0570,0.187474,0.005507,0.000525,0.000851
135651000,1.0570,0.187474,0.005507,0.000525,0.001127
135652000,1.0570,0.187474,0.005507,0.000525,0.000945
135653000,1.0570,0.187474,0.005507,0.000525,0.001033
135654000,1.0570,0.187474,0.005507,0.000525,0.001033
135655000,1.0570,0.187474,0.005507,0.000525,0.000945
135656000,1.0570,0.187474,0.005507,0.000525,0.001033
135657000,1.0570,0.187474,0.005507,0.000525,0.001033
135658000,1.0570,0.187474,0.005507,0.000525,0.000945
135659000,1.0570,0.187474,0.005507,0.000525,0.001033
135660000,1.0570,0.187474,0.005507,0.000525,0.000945
135661000,1.0570,0.187474,0.005507,0.000525,0.004809
135662000,1.0570,0.187474,0.005507,0.000525,0.000751
135663000,1.0570,0.187474,0.005507,0.000525,0.000569
135664000,1.0570,0.187474,0.005507,0.000525,0.000657
135665000,1.0570,0.187474,0.005507,0.000525,0.000663
135666000,1.0570,0.187474,0.005507,0.000525,0.000657
135667000,1.0570,0.187474,0.005507,0.000525,0.000657
135668000,1.0570,0.187474,0.005507,0.000525,0.000569
135669000,1.0570,0.187474,0.005507,0.000525,0.000569
135670000,1.0570,0.187474,0.005507,0.000525,0.000569
135671000,1.0570,0.187474,0.005507,0.000525,0.000663
135672000,1.0570,0.187474,0.005507,0.000525,0.000657
135673000,1.0570,0.187474,0.005507,0.000525,0.000569
135674000,1.0570,0.187474,0.005507,0.000525,0.000569
135675000,1.0570,0.187474,0.005507,0.000525,0.000569
135676000,1.0570,0.187474,0.005507,0.000525,0.000663
135677000,1.0570,0.187474,0.005507,0.000525,0.000657
135678000,1.0570,0.187474,0.005507,0.000525,0.000569
135679000,1.0570,0.187474,0.005507,0.000525,0.000751
135680000,1.0570,0.187474,0.005507,0.000525,0.000476
135681000,1.0570,0.187474,0.005507,0.000525,0.000751
135682000,1.0570,0.187474,0.005507,0.000525,0.000657
135683000,1.0570,0.187474,0.005507,0.000525,0.000569
135684000,1.0570,0.187474,0.005507,0.000525,0.000751
135685000,1.0570,0.187474,0.005507,0.000525,0.000569
135686000,1.0570,0.187474,0.005507,0.000525,0.000657
135687000,1.0570,0.187474,0.005507,0.000525,0.000569
135688000,1.0570,0.187474,0.005507,0.000525,0.000663
135689000,1.0570,0.187474,0.005507,0.000525,0.003415
135690000,1.0570,0.187474,0.005507,0.000525,0.000282
135691000,1.0570,0.187474,0.005507,0.000525,0.000288
135692000,1.0570,0.187474,0.005507,0.000525,0.000282
135693000,1.0570,0.187474,0.005507,0.000525,0.000288
135694000,1.0570,0.187474,0.005507,0.000525,0.000282
135695000,1.0570,0.187474,0.005507,0.000525,0.000376
135696000,1.0570,0.187474,0.005507,0.000525,0.000288
135697000,1.0570,0.187474,0.005507,0.000525,0.000282
135698000,1.0570,0.187474,0.005507,0.000525,0.000194
135699000,1.0570,0.187474,0.005507,0.000525,0.000376
135700000,1.0570,0.187474,0.005507,0.000525,0.000376
135701000,1.0570,0.187474,0.005507,0.000525,0.000194
135702000,1.0570,0.187474,0.005507,0.000525,0.000376
135703000,1.0570,0.187474,0.005507,0.000525,0.000194
135704000,1.0570,0.187474,0.005507,0.000525,0.000376
135705000,1.0570,0.187474,0.005507,0.000525,0.000376
135706000,1.0570,0.187474,0.005507,0.000525,0.000194
135707000,1.0570,0.187474,0.005507,0.000525,0.000376
135708000,1.0570,0.187474,0.005507,0.000525,0.000194
135709000,1.0570,0.187474,0.005507,0.000525,0.000376
135710000,1.0570,0.187474,0.005507,0.000525,0.000376
135711000,1.0570,0.187474,0.005507,0.000525,0.000194
135712000,1.0570,0.187474,0.005507,0.000525,0.000376
135713000,1.0570,0.187474,0.005507,0.000525,0.000194
135714000,1.0570,0.187474,0.005507,0.000525,0.000376
135715000,1.0570,0.187474,0.005507,0.000525,0.000282
135716000,1.0570,0.187474,0.005507,0.000525,0.000288
135717000,1.0570,0.187474,0.005507,0.000525,0.000376
135718000,1.0570,0.187474,0.005507,0.000525,0.000194
135719000,1.0570,0.187474,0.005507,0.000525,0.000376
135720000,1.0570,0.187474,0.005507,0.000525,0.000282
135721000,1.0570,0.187474,0.005507,0.000525,0.000288
135722000,1.0570,0.187474,0.005507,0.000525,0.000282
135723000,1.0570,0.187474,0.005507,0.000525,0.000288
135724000,1.0570,0.187474,0.005507,0.000525,0.000282
135725000,1.0570,0.187474,0.005507,0.000525,0.000376
135726000,1.0570,0.187474,0.005507,0.000525,0.000288
135727000,1.0570,0.187474,0.005507,0.000525,0.000282
135728000,1.0570,0.187474,0.005507,0.000525,0.000288
135729000,1.0570,0.187474,0.005507,0.000525,0.000282
135730000,1.0570,0.187474,0.005507,0.000525,0.000376
135731000,1.0570,0.187474,0.005507,0.000525,0.000194
135732000,1.0570,0.187474,0.005507,0.000525,0.000376
135733000,1.0570,0.187474,0.005507,0.000525,0.000288
135734000,1.0570,0.187474,0.005507,0.000525,0.000282
135735000,1.0570,0.187474,0.005507,0.000525,0.000376
135736000,1.0570,0.187474,0.005507,0.000525,0.000194
135737000,1.0570,0.187474,0.005507,0.000525,0.000376
135738000,1.0570,0.187474,0.005507,0.000525,0.000282
135739000,1.0570,0.187474,0.005507,0.000525,0.000288
135740000,1.0570,0.187474,0.005507,0.000525,0.000376
135741000,1.0570,0.187474,0.005507,0.000525,0.000194
135742000,1.0570,0.187474,0.005507,0.000525,0.000376
135743000,1.0570,0.187474,0.005507,0.000525,0.000282
135744000,1.0570,0.187474,0.005507,0.000525,0.000288
135745000,1.0570,0.187474,0.005507,0.000525,0.000282
135746000,1.0570,0.187474,0.005507,0.000525,0.000288
135747000,1.0570,0.187474,0.005507,0.000525,0.000376
135748000,1.0570,0.187474,0.005507,0.000525,0.000282
135749000,1.0570,0.187474,0.005507,0.000525,0.000288
135750000,1.0570,0.187474,0.005507,0.000525,0.000282
135751000,1.0570,0.187474,0.005507,0.000525,0.000200
135752000,1.0570,0.187474,0.005507,0.000525,0.000194
135753000,1.0570,0.187474,0.005507,0.000525,0.000376
135754000,1.0570,0.187474,0.005507,0.000525,0.000282
135755000,1.0570,0.187474,0.005507,0.000525,0.000288
135756000,1.0570,0.187474,0.005507,0.000525,0.000282
135757000,1.0570,0.187474,0.005507,0.000525,0.000194
135758000,1.0570,0.187474,0.005507,0.000525,0.000376
135759000,1.0570,0.187474,0.005507,0.000525,0.000376
135760000,1.0570,0.187474,0.005507,0.000525,0.000194
135761000,1.0570,0.187474,0.005507,0.000525,0.000288
135762000,1.0570,0.187474,0.005507,0.000525,0.000282
135763000,1.0570,0.187474,0.005507,0.000525,0.000288
135764000,1.0570,0.187474,0.005507,0.000525,0.000194
135765000,1.0570,0.187474,0.005507,0.000525,0.000288
135766000,1.0570,0.187474,0.005507,0.000525,0.000282
135767000,1.0570,0.187474,0.005507,0.000525,0.000376
135768000,1.0570,0.187474,0.005507,0.000525,0.000288
135769000,1.0570,0.187474,0.005507,0.000525,0.000282
135770000,1.0570,0.187474,0.005507,0.000525,0.000194
135771000,1.0570,0.187474,0.005507,0.000525,0.000376
135772000,1.0570,0.187474,0.005507,0.000525,0.000376
135773000,1.0570,0.187474,0.005507,0.000525,0.000194
135774000,1.0570,0.187474,0.005507,0.000525,0.000376
135775000,1.0570,0.187474,0.005507,0.000525,0.000194
135776000,1.0570,0.187474,0.005507,0.000525,0.000376
135777000,1.0570,0.187474,0.005507,0.000525,0.000376
135778000,1.0570,0.187474,0.005507,0.000525,0.000194
135779000,1.0570,0.187474,0.005507,0.000525,0.000376
135780000,1.0570,0.187474,0.005507,0.000525,0.000194
135781000,1.0570,0.187474,0.005507,0.000525,0.000376
135782000,1.0570,0.187474,0.005507,0.000525,0.000376
135783000,1.0570,0.187474,0.005507,0.000525,0.000194
135784000,1.0570,0.187474,0.005507,0.000525,0.000376
135785000,1.0570,0.187474,0.005507,0.000525,0.000194
135786000,1.0570,0.187474,0.005507,0.000525,0.000376
135787000,1.0570,0.187474,0.005507,0.000525,0.000282
135788000,1.0570,0.187474,0.005507,0.000525,0.000288
135789000,1.0570,0.187474,0.005507,0.000525,0.000282
135790000,1.0570,0.187474,0.005507,0.000525,0.000288
135791000,1.0570,0.187474,0.005507,0.000525,0.000376
135792000,1.0570,0.187474,0.005507,0.000525,0.000282
135793000,1.0570,0.187474,0.005507,0.000525,0.000288
135794000,1.0570,0.187474,0.005507,0.000525,0.000282
135795000,1.0570,0.187474,0.005507,0.000525,0.000288
135796000,1.0570,0.187474,0.005507,0.000525,0.000282
135797000,1.0570,0.187474,0.005507,0.000525,0.000376
135798000,1.0570,0.187474,0.005507,0.000525,0.000288
135799000,1.0570,0.187474,0.005507,0.000525,0.000282
135800000,1.0570,0.187474,0.005507,0.000525,0.000288
135801000,1.0570,0.187474,0.005507,0.000525,0.000282
135802000,1.0570,0.187474,0.005507,0.000525,0.000376
135803000,1.0570,0.187474,0.005507,0.000525,0.000194
135804000,1.0570,0.187474,0.005507,0.000525,0.000376
135805000,1.0570,0.187474,0.005507,0.000525,0.000288
135806000,1.0570,0.187474,0.005507,0.000525,0.000282
135807000,1.0570,0.187474,0.005507,0.000525,0.000376
135808000,1.0570,0.187474,0.005507,0.000525,0.000194
135809000,1.0570,0.187474,0.005507,0.000525,0.000376
135810000,1.0570,0.187474,0.005507,0.000525,0.000282
135811000,1.0570,0.187474,0.005507,0.000525,0.000288
135812000,1.0570,0.187474,0.005507,0.000525,0.000282
135813000,1.0570,0.187474,0.005507,0.000525,0.000288
135814000,1.0570,0.187474,0.005507,0.000525,0.000376
135815000,1.0570,0.187474,0.005507,0.000525,0.000282
135816000,1.0570,0.187474,0.005507,0.000525,0.000288
135817000,1.0570,0.187474,0.005507,0.000525,0.000282
135818000,1.0570,0.187474,0.005507,0.000525,0.000288
135819000,1.0570,0.187474,0.005507,0.000525,0.000282
135820000,1.0570,0.187474,0.005507,0.000525,0.000376
135821000,1.0570,0.187474,0.005507,0.000525,0.000194
135822000,1.0570,0.187474,0.005507,0.000525,0.000376
135823000,1.0570,0.187474,0.005507,0.000525,0.000194
135824000,1.0570,0.187474,0.005507,0.000525,0.000376
135825000,1.0570,0.187474,0.005507,0.000525,0.000376
135826000,1.0570,0.187474,0.005507,0.000525,0.000194
135827000,1.0570,0.187474,0.005507,0.000525,0.000376
135828000,1.0570,0.187474,0.005507,0.000525,0.000194
135829000,1.0570,0.187474,0.005507,0.000525,0.000376
135830000,1.0570,0.187474,0.005507,0.000525,0.000376
135831000,1.0570,0.187474,0.005507,0.000525,0.000194
135832000,1.0570,0.187474,0.005507,0.000525,0.000376
135833000,1.0570,0.187474,0.005507,0.000525,0.000194
135834000,1.0570,0.187474,0.005507,0.000525,0.000376
135835000,1.0570,0.187474,0.005507,0.000525,0.000282
135836000,1.0570,0.187474,0.005507,0.000525,0.000288
135837000,1.0570,0.187474,0.005507,0.000525,0.000376
135838000,1.0570,0.187474,0.005507,0.000525,0.000194
135839000,1.0570,0.187474,0.005507,0.000525,0.000376
135840000,1.0570,0.187474,0.005507,0.000525,0.000282
135841000,1.0570,0.187474,0.005507,0.000525,0.000288
135842000,1.0570,0.187474,0.005507,0.000525,0.000282
135843000,1.0570,0.187474,0.005507,0.000525,0.000288
135844000,1.0570,0.187474,0.005507,0.000525,0.000376
135845000,1.0570,0.187474,0.005507,0.000525,0.000282
135846000,1.0570,0.187474,0.005507,0.000525,0.000288
135847000,1.0570,0.187474,0.005507,0.000525,0.000282
135848000,1.0570,0.187474,0.005507,0.000525,0.000288
135849000,1.0570,0.187474,0.005507,0.000525,0.000282
135850000,1.0570,0.187474,0.005507,0.000525,0.000376
135851000,1.0570,0.187474,0.005507,0.000525,0.000194
135852000,1.0570,0.187474,0.005507,0.000525,0.000376
135853000,1.0570,0.187474,0.005507,0.000525,0.000288
135854000,1.0570,0.187474,0.005507,0.000525,0.000282
135855000,1.0570,0.187474,0.005507,0.000525,0.000376
135856000,1.0570,0.187474,0.005507,0.000525,0.000194
135857000,1.0570,0.187474,0.005507,0.000525,0.000376
135858000,1.0570,0.187474,0.005507,0.000525,0.000288
135859000,1.0570,0.187474,0.005507,0.000525,0.000282
135860000,1.0570,0.187474,0.005507,0.000525,0.000376
135861000,1.0570,0.187474,0.005507,0.000525,0.000194
135862000,1.0570,0.187474,0.005507,0.000525,0.000376
135863000,1.0570,0.187474,0.005507,0.000525,0.000282
135864000,1.0570,0.187474,0.005507,0.000525,0.000288
135865000,1.0570,0.187474,0.005507,0.000525,0.000282
135866000,1.0570,0.187474,0.005507,0.000525,0.000288
135867000,1.0570,0.187474,0.005507,0.000525,0.000376
135868000,1.0570,0.187474,0.005507,0.000525,0.002403
135869000,1.0570,0.187474,0.005507,0.000525,0.252859
135870000,1.0570,0.187474,0.005507,0.000525,0.107345
135871000,1.0570,0.187474,0.005507,0.000525,0.093895
135872000,1.0570,0.187474,0.005507,0.000525,0.094066
135873000,1.0570,0.187474,0.005507,0.000525,0.138268
135874000,1.0570,0.187474,0.005507,0.000525,0.093989
135875000,1.0570,0.187474,0.005507,0.000525,0.175584
135876000,1.0570,0.187474,0.005507,0.000525,0.133972
135877000,1.0570,0.187474,0.005507,0.000525,0.142035
135878000,1.0570,0.187474,0.005507,0.000525,0.119872
135879000,1.0570,0.187474,0.005507,0.000525,0.223728
135880000,1.0570,0.187474,0.005507,0.000525,0.139798
135881000,1.0570,0.187474,0.005507,0.000525,0.066740
135882000,1.0570,0.187474,0.005507,0.000525,0.067654
135883000,1.0570,0.187474,0.005507,0.000525,0.065035
135884000,1.0570,0.187474,0.005507,0.000525,0.047484
135885000,1.0570,0.187474,0.005507,0.000525,0.055570
135886000,1.0570,0.187474,0.005507,0.000525,0.049388
135887000,1.0570,0.187474,0.005507,0.000525,0.031165
135888000,1.0570,0.187474,0.005507,0.000525,0.034259
135889000,1.0570,0.187474,0.005507,0.000525,0.021516
135890000,1.0570,0.187474,0.005507,0.000525,0.015111
135891000,1.0570,0.187474,0.005507,0.000525,0.009833
135892000,1.0570,0.187474,0.005507,0.000525,0.020670
135893000,1.0570,0.187474,0.005507,0.000525,0.018812
135894000,1.0570,0.187474,0.005507,0.000525,0.013898
135895000,1.0570,0.187474,0.005507,0.000525,0.003968
135896000,1.0570,0.187474,0.005507,0.000525,0.003405
135897000,1.0570,0.187474,0.005507,0.000525,0.004050
135898000,1.0570,0.187474,0.005507,0.000525,0.003486
135899000,1.0570,0.187474,0.005507,0.000525,0.004144
135900000,1.0570,0.187474,0.005507,0.000525,0.003586
135901000,1.0570,0.187474,0.005507,0.000525,0.003680
135902000,1.0570,0.187474,0.005507,0.000525,0.003962
135903000,1.0570,0.187474,0.005507,0.000525,0.003668
135904000,1.0570,0.187474,0.005507,0.000525,0.004238
135905000,1.0570,0.187474,0.005507,0.000525,0.003399
135906000,1.0570,0.187474,0.005507,0.000525,0.003868
135907000,1.0570,0.187474,0.005507,0.000525,0.003868
135908000,1.0570,0.187474,0.005507,0.000525,0.003480
135909000,1.0570,0.187474,0.005507,0.000525,0.004050
135910000,1.0570,0.187474,0.005507,0.000525,0.003499
135911000,1.0570,0.187474,0.005507,0.000525,0.009204
135912000,1.0570,0.187474,0.005507,0.000525,0.003399
135913000,1.0570,0.187474,0.005507,0.000525,0.007155
135914000,1.0570,0.187474,0.005507,0.000525,0.002172
135915000,1.0570,0.187474,0.005507,0.000525,0.002635
135916000,1.0570,0.187474,0.005507,0.000525,0.002547
135917000,1.0570,0.187474,0.005507,0.000525,0.002729
135918000,1.0570,0.187474,0.005507,0.000525,0.004917
135919000,1.0570,0.187474,0.005507,0.000525,0.001890
135920000,1.0570,0.187474,0.005507,0.000525,0.001890
135921000,1.0570,0.187474,0.005507,0.000525,0.001790
135922000,1.0570,0.187474,0.005507,0.000525,0.002078
135923000,1.0570,0.187474,0.005507,0.000525,0.001790
135924000,1.0570,0.187474,0.005507,0.000525,0.004092
135925000,1.0570,0.187474,0.005507,0.000525,0.001315
135926000,1.0570,0.187474,0.005507,0.000525,0.001227
135927000,1.0570,0.187474,0.005507,0.000525,0.001133
135928000,1.0570,0.187474,0.005507,0.000525,0.001221
135929000,1.0570,0.187474,0.005507,0.000525,0.000763
135930000,1.0570,0.187474,0.005507,0.000525,0.001127
135931000,1.0570,0.187474,0.005507,0.000525,0.002786
135932000,1.0570,0.187474,0.005507,0.000525,0.002504
135933000,1.0570,0.187474,0.005507,0.000525,0.000657
135934000,1.0570,0.187474,0.005507,0.000525,0.000482
135935000,1.0570,0.187474,0.005507,0.000525,0.000657
135936000,1.0570,0.187474,0.005507,0.000525,0.000663
135937000,1.0570,0.187474,0.005507,0.000525,0.000388
135938000,1.0570,0.187474,0.005507,0.000525,0.000576
135939000,1.0570,0.187474,0.005507,0.000525,0.003695
135940000,1.0570,0.187474,0.005507,0.000525,0.000376
135941000,1.0570,0.187474,0.005507,0.000525,0.000376
135942000,1.0570,0.187474,0.005507,0.000525,0.000194
135943000,1.0570,0.187474,0.005507,0.000525,0.000376
135944000,1.0570,0.187474,0.005507,0.000525,0.000194
135945000,1.0570,0.187474,0.005507,0.000525,0.000288
135946000,1.0570,0.187474,0.005507,0.000525,0.000194
135947000,1.0570,0.187474,0.005507,0.000525,0.000288
135948000,1.0570,0.187474,0.005507,0.000525,0.000282
135949000,1.0570,0.187474,0.005507,0.000525,0.000376
135950000,1.0570,0.187474,0.005507,0.000525,0.002953
135951000,1.0570,0.187474,0.005507,0.000525,0.205536
135952000,1.0570,0.187474,0.005507,0.000525,0.135312
135953000,1.0570,0.187474,0.005507,0.000525,0.094271
135954000,1.0570,0.187474,0.005507,0.000525,0.093895
135955000,1.0570,0.187474,0.005507,0.000525,0.096628
135956000,1.0570,0.187474,0.005507,0.000525,0.095679
135957000,1.0570,0.187474,0.005507,0.000525,0.205408
135958000,1.0570,0.187474,0.005507,0.000525,0.143503
135959000,1.0570,0.187474,0.005507,0.000525,0.125733
135960000,1.0570,0.187474,0.005507,0.000525,0.142362
135961000,1.0570,0.187474,0.005507,0.000525,0.193141
135962000,1.0570,0.187474,0.005507,0.000525,0.157319
135963000,1.0570,0.187474,0.005507,0.000525,0.067906
135964000,1.0570,0.187474,0.005507,0.000525,0.061514
135965000,1.0570,0.187474,0.005507,0.000525,0.078298
135966000,1.0570,0.187474,0.005507,0.000525,0.048582
135967000,1.0570,0.187474,0.005507,0.000525,0.039376
135968000,1.0570,0.187474,0.005507,0.000525,0.036977
135969000,1.0570,0.187474,0.005507,0.000525,0.035110
135970000,1.0570,0.187474,0.005507,0.000525,0.018571
135971000,1.0570,0.187474,0.005507,0.000525,0.014253
135972000,1.0570,0.187474,0.005507,0.000525,0.014897
135973000,1.0570,0.187474,0.005507,0.000525,0.009145
135974000,1.0570,0.187474,0.005507,0.000525,0.018725
135975000,1.0570,0.187474,0.005507,0.000525,0.015284
135976000,1.0570,0.187474,0.005507,0.000525,0.017215
135977000,1.0570,0.187474,0.005507,0.000525,0.011467
135978000,1.0570,0.187474,0.005507,0.000525,0.008892
135979000,1.0570,0.187474,0.005507,0.000525,0.009073
135980000,1.0570,0.187474,0.005507,0.000525,0.011798
135981000,1.0570,0.187474,0.005507,0.000525,0.007746
135982000,1.0570,0.187474,0.005507,0.000525,0.004250
135983000,1.0570,0.187474,0.005507,0.000525,0.004607
135984000,1.0570,0.187474,0.005507,0.000525,0.003780
135985000,1.0570,0.187474,0.005507,0.000525,0.004419
135986000,1.0570,0.187474,0.005507,0.000525,0.004238
135987000,1.0570,0.187474,0.005507,0.000525,0.003780
135988000,1.0570,0.187474,0.005507,0.000525,0.010310
135989000,1.0570,0.187474,0.005507,0.000525,0.003868
135990000,1.0570,0.187474,0.005507,0.000525,0.003762
135991000,1.0570,0.187474,0.005507,0.000525,0.003586
135992000,1.0570,0.187474,0.005507,0.000525,0.003774
135993000,1.0570,0.187474,0.005507,0.000525,0.006882
135994000,1.0570,0.187474,0.005507,0.000525,0.005869
135995000,1.0570,0.187474,0.005507,0.000525,0.005513
135996000,1.0570,0.187474,0.005507,0.000525,0.002353
135997000,1.0570,0.187474,0.005507,0.000525,0.005673
135998000,1.0570,0.187474,0.005507,0.000525,0.002260
135999000,1.0570,0.187474,0.005507,0.000525,0.004836
