Cycle,Area(mm^2),PeakPower(W),TotalLeakage(W),PeakDynamic(W),SubthresholdLeakage(W),GateLeakage(W),RunTimeDynamic(W)
122000000,40.6137,7.425191,0.693847,6.731343,0.599781,0.094066,5.980436
122001000,40.6137,7.425191,0.693847,6.731343,0.599781,0.094066,5.987241
122002000,40.6137,7.425191,0.693847,6.731343,0.599781,0.094066,5.982472
122003000,40.6137,7.425191,0.693847,6.731343,0.599781,0.094066,5.986124
122004000,40.6137,7.425191,0.693847,6.731343,0.599781,0.094066,6.006967
122005000,40.6137,7.425191,0.693847,6.731343,0.599781,0.094066,6.010964
122006000,40.6137,7.425191,0.693847,6.731343,0.599781,0.094066,6.018751
122007000,40.6137,7.425191,0.693847,6.731343,0.599781,0.094066,6.013015
122008000,40.6137,7.425191,0.693847,6.731343,0.599781,0.094066,6.012827
122009000,40.6137,7.425191,0.693847,6.731343,0.599781,0.094066,6.015649
122010000,40.6137,7.425191,0.693847,6.731343,0.599781,0.094066,6.013615
122011000,40.6137,7.425191,0.693847,6.731343,0.599781,0.094066,6.020889
122012000,40.6137,7.425191,0.693847,6.731343,0.599781,0.094066,6.006920
122013000,40.6137,7.425191,0.693847,6.731343,0.599781,0.094066,6.019178
122014000,40.6137,7.425191,0.693847,6.731343,0.599781,0.094066,6.009126
122015000,40.6137,7.425191,0.693847,6.731343,0.599781,0.094066,6.021248
122016000,40.6137,7.425191,0.693847,6.731343,0.599781,0.094066,6.010729
122017000,40.6137,7.425191,0.693847,6.731343,0.599781,0.094066,6.012907
122018000,40.6137,7.425191,0.693847,6.731343,0.599781,0.094066,6.019343
122019000,40.6137,7.425191,0.693847,6.731343,0.599781,0.094066,6.012229
122020000,40.6137,7.425191,0.693847,6.731343,0.599781,0.094066,6.012690
122021000,40.6137,7.425191,0.693847,6.731343,0.599781,0.094066,6.014554
122022000,40.6137,7.425191,0.693847,6.731343,0.599781,0.094066,6.142634
122023000,40.6137,7.425191,0.693847,6.731343,0.599781,0.094066,8.667956
122024000,40.6137,7.425191,0.693847,6.731343,0.599781,0.094066,8.403368
122025000,40.6137,7.425191,0.693847,6.731343,0.599781,0.094066,5.826471
122026000,40.6137,7.425191,0.693847,6.731343,0.599781,0.094066,5.793796
122027000,40.6137,7.425191,0.693847,6.731343,0.599781,0.094066,6.352115
122028000,40.6137,7.425191,0.693847,6.731343,0.599781,0.094066,7.499385
122029000,40.6137,7.425191,0.693847,6.731343,0.599781,0.094066,5.854863
122030000,40.6137,7.425191,0.693847,6.731343,0.599781,0.094066,5.967567
122031000,40.6137,7.425191,0.693847,6.731343,0.599781,0.094066,6.010075
122032000,40.6137,7.425191,0.693847,6.731343,0.599781,0.094066,5.952358
122033000,40.6137,7.425191,0.693847,6.731343,0.599781,0.094066,6.119525
122034000,40.6137,7.425191,0.693847,6.731343,0.599781,0.094066,7.381364
122035000,40.6137,7.425191,0.693847,6.731343,0.599781,0.094066,10.936966
122036000,40.6137,7.425191,0.693847,6.731343,0.599781,0.094066,6.227149
122037000,40.6137,7.425191,0.693847,6.731343,0.599781,0.094066,6.162679
122038000,40.6137,7.425191,0.693847,6.731343,0.599781,0.094066,6.115597
122039000,40.6137,7.425191,0.693847,6.731343,0.599781,0.094066,6.054547
122040000,40.6137,7.425191,0.693847,6.731343,0.599781,0.094066,6.019279
122041000,40.6137,7.425191,0.693847,6.731343,0.599781,0.094066,6.023758
122042000,40.6137,7.425191,0.693847,6.731343,0.599781,0.094066,5.999540
122043000,40.6137,7.425191,0.693847,6.731343,0.599781,0.094066,5.991198
122044000,40.6137,7.425191,0.693847,6.731343,0.599781,0.094066,6.019096
122045000,40.6137,7.425191,0.693847,6.731343,0.599781,0.094066,5.984417
122046000,40.6137,7.425191,0.693847,6.731343,0.599781,0.094066,5.962704
122047000,40.6137,7.425191,0.693847,6.731343,0.599781,0.094066,5.976685
122048000,40.6137,7.425191,0.693847,6.731343,0.599781,0.094066,5.946671
122049000,40.6137,7.425191,0.693847,6.731343,0.599781,0.094066,6.022466
122050000,40.6137,7.425191,0.693847,6.731343,0.599781,0.094066,6.000292
122051000,40.6137,7.425191,0.693847,6.731343,0.599781,0.094066,5.970014
122052000,40.6137,7.425191,0.693847,6.731343,0.599781,0.094066,5.965237
122053000,40.6137,7.425191,0.693847,6.731343,0.599781,0.094066,5.970865
122054000,40.6137,7.425191,0.693847,6.731343,0.599781,0.094066,5.979788
122055000,40.6137,7.425191,0.693847,6.731343,0.599781,0.094066,5.952371
122056000,40.6137,7.425191,0.693847,6.731343,0.599781,0.094066,5.975614
122057000,40.6137,7.425191,0.693847,6.731343,0.599781,0.094066,5.937961
122058000,40.6137,7.425191,0.693847,6.731343,0.599781,0.094066,5.962514
122059000,40.6137,7.425191,0.693847,6.731343,0.599781,0.094066,5.922789
122060000,40.6137,7.425191,0.693847,6.731343,0.599781,0.094066,5.967183
122061000,40.6137,7.425191,0.693847,6.731343,0.599781,0.094066,5.961117
122062000,40.6137,7.425191,0.693847,6.731343,0.599781,0.094066,5.969841
122063000,40.6137,7.425191,0.693847,6.731343,0.599781,0.094066,5.961569
122064000,40.6137,7.425191,0.693847,6.731343,0.599781,0.094066,5.940312
122065000,40.6137,7.425191,0.693847,6.731343,0.599781,0.094066,5.947865
122066000,40.6137,7.425191,0.693847,6.731343,0.599781,0.094066,5.930331
122067000,40.6137,7.425191,0.693847,6.731343,0.599781,0.094066,5.943802
122068000,40.6137,7.425191,0.693847,6.731343,0.599781,0.094066,5.943125
122069000,40.6137,7.425191,0.693847,6.731343,0.599781,0.094066,5.950054
122070000,40.6137,7.425191,0.693847,6.731343,0.599781,0.094066,5.941544
122071000,40.6137,7.425191,0.693847,6.731343,0.599781,0.094066,5.922687
122072000,40.6137,7.425191,0.693847,6.731343,0.599781,0.094066,5.939837
122073000,40.6137,7.425191,0.693847,6.731343,0.599781,0.094066,5.903204
122074000,40.6137,7.425191,0.693847,6.731343,0.599781,0.094066,5.942547
122075000,40.6137,7.425191,0.693847,6.731343,0.599781,0.094066,5.881142
122076000,40.6137,7.425191,0.693847,6.731343,0.599781,0.094066,5.887603
122077000,40.6137,7.425191,0.693847,6.731343,0.599781,0.094066,5.895888
122078000,40.6137,7.425191,0.693847,6.731343,0.599781,0.094066,5.901240
122079000,40.6137,7.425191,0.693847,6.731343,0.599781,0.094066,5.901643
122080000,40.6137,7.425191,0.693847,6.731343,0.599781,0.094066,5.879199
122081000,40.6137,7.425191,0.693847,6.731343,0.599781,0.094066,5.890621
122082000,40.6137,7.425191,0.693847,6.731343,0.599781,0.094066,5.895529
122083000,40.6137,7.425191,0.693847,6.731343,0.599781,0.094066,5.891491
122084000,40.6137,7.425191,0.693847,6.731343,0.599781,0.094066,5.916926
122085000,40.6137,7.425191,0.693847,6.731343,0.599781,0.094066,5.888677
122086000,40.6137,7.425191,0.693847,6.731343,0.599781,0.094066,5.937037
122087000,40.6137,7.425191,0.693847,6.731343,0.599781,0.094066,5.885507
122088000,40.6137,7.425191,0.693847,6.731343,0.599781,0.094066,5.896306
122089000,40.6137,7.425191,0.693847,6.731343,0.599781,0.094066,5.905496
122090000,40.6137,7.425191,0.693847,6.731343,0.599781,0.094066,5.903109
122091000,40.6137,7.425191,0.693847,6.731343,0.599781,0.094066,5.938611
122092000,40.6137,7.425191,0.693847,6.731343,0.599781,0.094066,5.916201
122093000,40.6137,7.425191,0.693847,6.731343,0.599781,0.094066,5.942673
122094000,40.6137,7.425191,0.693847,6.731343,0.599781,0.094066,5.920988
122095000,40.6137,7.425191,0.693847,6.731343,0.599781,0.094066,5.909517
122096000,40.6137,7.425191,0.693847,6.731343,0.599781,0.094066,5.930442
122097000,40.6137,7.425191,0.693847,6.731343,0.599781,0.094066,5.923141
122098000,40.6137,7.425191,0.693847,6.731343,0.599781,0.094066,5.920304
122099000,40.6137,7.425191,0.693847,6.731343,0.599781,0.094066,5.919615
122100000,40.6137,7.425191,0.693847,6.731343,0.599781,0.094066,5.925347
122101000,40.6137,7.425191,0.693847,6.731343,0.599781,0.094066,5.920920
122102000,40.6137,7.425191,0.693847,6.731343,0.599781,0.094066,5.937046
122103000,40.6137,7.425191,0.693847,6.731343,0.599781,0.094066,5.914375
122104000,40.6137,7.425191,0.693847,6.731343,0.599781,0.094066,5.933101
122105000,40.6137,7.425191,0.693847,6.731343,0.599781,0.094066,5.950179
122106000,40.6137,7.425191,0.693847,6.731343,0.599781,0.094066,5.954433
122107000,40.6137,7.425191,0.693847,6.731343,0.599781,0.094066,5.943096
122108000,40.6137,7.425191,0.693847,6.731343,0.599781,0.094066,5.968464
122109000,40.6137,7.425191,0.693847,6.731343,0.599781,0.094066,5.982409
122110000,40.6137,7.425191,0.693847,6.731343,0.599781,0.094066,5.973006
122111000,40.6137,7.425191,0.693847,6.731343,0.599781,0.094066,5.986649
122112000,40.6137,7.425191,0.693847,6.731343,0.599781,0.094066,5.978393
122113000,40.6137,7.425191,0.693847,6.731343,0.599781,0.094066,5.991000
122114000,40.6137,7.425191,0.693847,6.731343,0.599781,0.094066,5.985160
122115000,40.6137,7.425191,0.693847,6.731343,0.599781,0.094066,5.972290
122116000,40.6137,7.425191,0.693847,6.731343,0.599781,0.094066,5.991316
122117000,40.6137,7.425191,0.693847,6.731343,0.599781,0.094066,5.974092
122118000,40.6137,7.425191,0.693847,6.731343,0.599781,0.094066,5.985061
122119000,40.6137,7.425191,0.693847,6.731343,0.599781,0.094066,5.974999
122120000,40.6137,7.425191,0.693847,6.731343,0.599781,0.094066,5.984618
122121000,40.6137,7.425191,0.693847,6.731343,0.599781,0.094066,5.984358
122122000,40.6137,7.425191,0.693847,6.731343,0.599781,0.094066,5.977536
122123000,40.6137,7.425191,0.693847,6.731343,0.599781,0.094066,5.986417
122124000,40.6137,7.425191,0.693847,6.731343,0.599781,0.094066,5.983981
122125000,40.6137,7.425191,0.693847,6.731343,0.599781,0.094066,5.977479
122126000,40.6137,7.425191,0.693847,6.731343,0.599781,0.094066,5.975425
122127000,40.6137,7.425191,0.693847,6.731343,0.599781,0.094066,5.994672
122128000,40.6137,7.425191,0.693847,6.731343,0.599781,0.094066,5.966992
122129000,40.6137,7.425191,0.693847,6.731343,0.599781,0.094066,5.990359
122130000,40.6137,7.425191,0.693847,6.731343,0.599781,0.094066,5.972837
122131000,40.6137,7.425191,0.693847,6.731343,0.599781,0.094066,5.986083
122132000,40.6137,7.425191,0.693847,6.731343,0.599781,0.094066,5.989278
122133000,40.6137,7.425191,0.693847,6.731343,0.599781,0.094066,5.972064
122134000,40.6137,7.425191,0.693847,6.731343,0.599781,0.094066,5.991263
122135000,40.6137,7.425191,0.693847,6.731343,0.599781,0.094066,5.978151
122136000,40.6137,7.425191,0.693847,6.731343,0.599781,0.094066,5.976365
122137000,40.6137,7.425191,0.693847,6.731343,0.599781,0.094066,5.995136
122138000,40.6137,7.425191,0.693847,6.731343,0.599781,0.094066,5.963394
122139000,40.6137,7.425191,0.693847,6.731343,0.599781,0.094066,6.000135
122140000,40.6137,7.425191,0.693847,6.731343,0.599781,0.094066,5.967872
122141000,40.6137,7.425191,0.693847,6.731343,0.599781,0.094066,5.984606
122142000,40.6137,7.425191,0.693847,6.731343,0.599781,0.094066,5.984016
122143000,40.6137,7.425191,0.693847,6.731343,0.599781,0.094066,5.964244
122144000,40.6137,7.425191,0.693847,6.731343,0.599781,0.094066,5.961944
122145000,40.6137,7.425191,0.693847,6.731343,0.599781,0.094066,5.954877
122146000,40.6137,7.425191,0.693847,6.731343,0.599781,0.094066,5.948457
122147000,40.6137,7.425191,0.693847,6.731343,0.599781,0.094066,5.963331
122148000,40.6137,7.425191,0.693847,6.731343,0.599781,0.094066,5.951586
122149000,40.6137,7.425191,0.693847,6.731343,0.599781,0.094066,5.953410
122150000,40.6137,7.425191,0.693847,6.731343,0.599781,0.094066,5.959424
122151000,40.6137,7.425191,0.693847,6.731343,0.599781,0.094066,5.956233
122152000,40.6137,7.425191,0.693847,6.731343,0.599781,0.094066,5.955159
122153000,40.6137,7.425191,0.693847,6.731343,0.599781,0.094066,5.972656
122154000,40.6137,7.425191,0.693847,6.731343,0.599781,0.094066,5.983235
122155000,40.6137,7.425191,0.693847,6.731343,0.599781,0.094066,5.991174
122156000,40.6137,7.425191,0.693847,6.731343,0.599781,0.094066,5.976623
122157000,40.6137,7.425191,0.693847,6.731343,0.599781,0.094066,5.996164
122158000,40.6137,7.425191,0.693847,6.731343,0.599781,0.094066,5.973736
122159000,40.6137,7.425191,0.693847,6.731343,0.599781,0.094066,5.992436
122160000,40.6137,7.425191,0.693847,6.731343,0.599781,0.094066,5.983043
122161000,40.6137,7.425191,0.693847,6.731343,0.599781,0.094066,5.984181
122162000,40.6137,7.425191,0.693847,6.731343,0.599781,0.094066,5.994322
122163000,40.6137,7.425191,0.693847,6.731343,0.599781,0.094066,5.980529
122164000,40.6137,7.425191,0.693847,6.731343,0.599781,0.094066,5.994028
122165000,40.6137,7.425191,0.693847,6.731343,0.599781,0.094066,5.980295
122166000,40.6137,7.425191,0.693847,6.731343,0.599781,0.094066,5.986613
122167000,40.6137,7.425191,0.693847,6.731343,0.599781,0.094066,5.989101
122168000,40.6137,7.425191,0.693847,6.731343,0.599781,0.094066,5.978017
122169000,40.6137,7.425191,0.693847,6.731343,0.599781,0.094066,5.991422
122170000,40.6137,7.425191,0.693847,6.731343,0.599781,0.094066,5.983824
122171000,40.6137,7.425191,0.693847,6.731343,0.599781,0.094066,5.986783
122172000,40.6137,7.425191,0.693847,6.731343,0.599781,0.094066,5.983382
122173000,40.6137,7.425191,0.693847,6.731343,0.599781,0.094066,5.991296
122174000,40.6137,7.425191,0.693847,6.731343,0.599781,0.094066,5.983990
122175000,40.6137,7.425191,0.693847,6.731343,0.599781,0.094066,5.991478
122176000,40.6137,7.425191,0.693847,6.731343,0.599781,0.094066,5.980701
122177000,40.6137,7.425191,0.693847,6.731343,0.599781,0.094066,5.986632
122178000,40.6137,7.425191,0.693847,6.731343,0.599781,0.094066,5.981832
122179000,40.6137,7.425191,0.693847,6.731343,0.599781,0.094066,5.989464
122180000,40.6137,7.425191,0.693847,6.731343,0.599781,0.094066,5.985765
122181000,40.6137,7.425191,0.693847,6.731343,0.599781,0.094066,5.981564
122182000,40.6137,7.425191,0.693847,6.731343,0.599781,0.094066,5.989193
122183000,40.6137,7.425191,0.693847,6.731343,0.599781,0.094066,5.991558
122184000,40.6137,7.425191,0.693847,6.731343,0.599781,0.094066,5.979442
122185000,40.6137,7.425191,0.693847,6.731343,0.599781,0.094066,5.991489
122186000,40.6137,7.425191,0.693847,6.731343,0.599781,0.094066,5.978933
122187000,40.6137,7.425191,0.693847,6.731343,0.599781,0.094066,5.989188
122188000,40.6137,7.425191,0.693847,6.731343,0.599781,0.094066,5.978534
122189000,40.6137,7.425191,0.693847,6.731343,0.599781,0.094066,5.991229
122190000,40.6137,7.425191,0.693847,6.731343,0.599781,0.094066,5.987246
122191000,40.6137,7.425191,0.693847,6.731343,0.599781,0.094066,5.977334
122192000,40.6137,7.425191,0.693847,6.731343,0.599781,0.094066,5.992877
122193000,40.6137,7.425191,0.693847,6.731343,0.599781,0.094066,5.984738
122194000,40.6137,7.425191,0.693847,6.731343,0.599781,0.094066,5.989428
122195000,40.6137,7.425191,0.693847,6.731343,0.599781,0.094066,5.980441
122196000,40.6137,7.425191,0.693847,6.731343,0.599781,0.094066,5.987906
122197000,40.6137,7.425191,0.693847,6.731343,0.599781,0.094066,5.987315
122198000,40.6137,7.425191,0.693847,6.731343,0.599781,0.094066,5.983507
122199000,40.6137,7.425191,0.693847,6.731343,0.599781,0.094066,5.982561
122200000,40.6137,7.425191,0.693847,6.731343,0.599781,0.094066,5.987946
122201000,40.6137,7.425191,0.693847,6.731343,0.599781,0.094066,5.983419
122202000,40.6137,7.425191,0.693847,6.731343,0.599781,0.094066,5.987236
122203000,40.6137,7.425191,0.693847,6.731343,0.599781,0.094066,5.979560
122204000,40.6137,7.425191,0.693847,6.731343,0.599781,0.094066,5.995649
122205000,40.6137,7.425191,0.693847,6.731343,0.599781,0.094066,5.975629
122206000,40.6137,7.425191,0.693847,6.731343,0.599781,0.094066,5.988532
122207000,40.6137,7.425191,0.693847,6.731343,0.599781,0.094066,5.976702
122208000,40.6137,7.425191,0.693847,6.731343,0.599781,0.094066,5.997358
122209000,40.6137,7.425191,0.693847,6.731343,0.599781,0.094066,5.978879
122210000,40.6137,7.425191,0.693847,6.731343,0.599781,0.094066,5.986938
122211000,40.6137,7.425191,0.693847,6.731343,0.599781,0.094066,5.984831
122212000,40.6137,7.425191,0.693847,6.731343,0.599781,0.094066,5.985590
122213000,40.6137,7.425191,0.693847,6.731343,0.599781,0.094066,5.987721
122214000,40.6137,7.425191,0.693847,6.731343,0.599781,0.094066,5.982083
122215000,40.6137,7.425191,0.693847,6.731343,0.599781,0.094066,5.986933
122216000,40.6137,7.425191,0.693847,6.731343,0.599781,0.094066,5.989028
122217000,40.6137,7.425191,0.693847,6.731343,0.599781,0.094066,5.978308
122218000,40.6137,7.425191,0.693847,6.731343,0.599781,0.094066,5.989715
122219000,40.6137,7.425191,0.693847,6.731343,0.599781,0.094066,5.978920
122220000,40.6137,7.425191,0.693847,6.731343,0.599781,0.094066,5.996083
122221000,40.6137,7.425191,0.693847,6.731343,0.599781,0.094066,5.974149
122222000,40.6137,7.425191,0.693847,6.731343,0.599781,0.094066,5.989609
122223000,40.6137,7.425191,0.693847,6.731343,0.599781,0.094066,5.986080
122224000,40.6137,7.425191,0.693847,6.731343,0.599781,0.094066,5.985440
122225000,40.6137,7.425191,0.693847,6.731343,0.599781,0.094066,5.986074
122226000,40.6137,7.425191,0.693847,6.731343,0.599781,0.094066,5.987686
122227000,40.6137,7.425191,0.693847,6.731343,0.599781,0.094066,5.998964
122228000,40.6137,7.425191,0.693847,6.731343,0.599781,0.094066,6.015724
122229000,40.6137,7.425191,0.693847,6.731343,0.599781,0.094066,6.009621
122230000,40.6137,7.425191,0.693847,6.731343,0.599781,0.094066,6.020330
122231000,40.6137,7.425191,0.693847,6.731343,0.599781,0.094066,6.012013
122232000,40.6137,7.425191,0.693847,6.731343,0.599781,0.094066,6.015889
122233000,40.6137,7.425191,0.693847,6.731343,0.599781,0.094066,6.015685
122234000,40.6137,7.425191,0.693847,6.731343,0.599781,0.094066,6.012639
122235000,40.6137,7.425191,0.693847,6.731343,0.599781,0.094066,6.017965
122236000,40.6137,7.425191,0.693847,6.731343,0.599781,0.094066,6.010088
122237000,40.6137,7.425191,0.693847,6.731343,0.599781,0.094066,6.016355
122238000,40.6137,7.425191,0.693847,6.731343,0.599781,0.094066,6.016281
122239000,40.6137,7.425191,0.693847,6.731343,0.599781,0.094066,6.015580
122240000,40.6137,7.425191,0.693847,6.731343,0.599781,0.094066,6.013345
122241000,40.6137,7.425191,0.693847,6.731343,0.599781,0.094066,6.012232
122242000,40.6137,7.425191,0.693847,6.731343,0.599781,0.094066,6.020111
122243000,40.6137,7.425191,0.693847,6.731343,0.599781,0.094066,6.012210
122244000,40.6137,7.425191,0.693847,6.731343,0.599781,0.094066,6.013113
122245000,40.6137,7.425191,0.693847,6.731343,0.599781,0.094066,6.017747
122246000,40.6137,7.425191,0.693847,6.731343,0.599781,0.094066,6.014596
122247000,40.6137,7.425191,0.693847,6.731343,0.599781,0.094066,6.011835
122248000,40.6137,7.425191,0.693847,6.731343,0.599781,0.094066,6.013509
122249000,40.6137,7.425191,0.693847,6.731343,0.599781,0.094066,6.016951
122250000,40.6137,7.425191,0.693847,6.731343,0.599781,0.094066,6.017613
122251000,40.6137,7.425191,0.693847,6.731343,0.599781,0.094066,6.009074
122252000,40.6137,7.425191,0.693847,6.731343,0.599781,0.094066,6.020430
122253000,40.6137,7.425191,0.693847,6.731343,0.599781,0.094066,6.009680
122254000,40.6137,7.425191,0.693847,6.731343,0.599781,0.094066,6.016075
122255000,40.6137,7.425191,0.693847,6.731343,0.599781,0.094066,6.011291
122256000,40.6137,7.425191,0.693847,6.731343,0.599781,0.094066,6.015515
122257000,40.6137,7.425191,0.693847,6.731343,0.599781,0.094066,6.020299
122258000,40.6137,7.425191,0.693847,6.731343,0.599781,0.094066,6.008290
122259000,40.6137,7.425191,0.693847,6.731343,0.599781,0.094066,6.016074
122260000,40.6137,7.425191,0.693847,6.731343,0.599781,0.094066,6.010350
122261000,40.6137,7.425191,0.693847,6.731343,0.599781,0.094066,6.020367
122262000,40.6137,7.425191,0.693847,6.731343,0.599781,0.094066,6.008962
122263000,40.6137,7.425191,0.693847,6.731343,0.599781,0.094066,6.016213
122264000,40.6137,7.425191,0.693847,6.731343,0.599781,0.094066,6.015511
122265000,40.6137,7.425191,0.693847,6.731343,0.599781,0.094066,6.016328
122266000,40.6137,7.425191,0.693847,6.731343,0.599781,0.094066,6.007648
122267000,40.6137,7.425191,0.693847,6.731343,0.599781,0.094066,6.020162
122268000,40.6137,7.425191,0.693847,6.731343,0.599781,0.094066,6.009852
122269000,40.6137,7.425191,0.693847,6.731343,0.599781,0.094066,6.021912
122270000,40.6137,7.425191,0.693847,6.731343,0.599781,0.094066,6.003951
122271000,40.6137,7.425191,0.693847,6.731343,0.599781,0.094066,6.024742
122272000,40.6137,7.425191,0.693847,6.731343,0.599781,0.094066,6.005807
122273000,40.6137,7.425191,0.693847,6.731343,0.599781,0.094066,6.020643
122274000,40.6137,7.425191,0.693847,6.731343,0.599781,0.094066,6.010327
122275000,40.6137,7.425191,0.693847,6.731343,0.599781,0.094066,6.017981
122276000,40.6137,7.425191,0.693847,6.731343,0.599781,0.094066,6.014231
122277000,40.6137,7.425191,0.693847,6.731343,0.599781,0.094066,6.013263
122278000,40.6137,7.425191,0.693847,6.731343,0.599781,0.094066,6.011988
122279000,40.6137,7.425191,0.693847,6.731343,0.599781,0.094066,6.020247
122280000,40.6137,7.425191,0.693847,6.731343,0.599781,0.094066,6.012096
122281000,40.6137,7.425191,0.693847,6.731343,0.599781,0.094066,6.016404
122282000,40.6137,7.425191,0.693847,6.731343,0.599781,0.094066,6.008941
122283000,40.6137,7.425191,0.693847,6.731343,0.599781,0.094066,6.023100
122284000,40.6137,7.425191,0.693847,6.731343,0.599781,0.094066,6.008060
122285000,40.6137,7.425191,0.693847,6.731343,0.599781,0.094066,6.015454
122286000,40.6137,7.425191,0.693847,6.731343,0.599781,0.094066,6.016587
122287000,40.6137,7.425191,0.693847,6.731343,0.599781,0.094066,6.015091
122288000,40.6137,7.425191,0.693847,6.731343,0.599781,0.094066,6.012537
122289000,40.6137,7.425191,0.693847,6.731343,0.599781,0.094066,6.012028
122290000,40.6137,7.425191,0.693847,6.731343,0.599781,0.094066,6.016721
122291000,40.6137,7.425191,0.693847,6.731343,0.599781,0.094066,6.017999
122292000,40.6137,7.425191,0.693847,6.731343,0.599781,0.094066,6.010184
122293000,40.6137,7.425191,0.693847,6.731343,0.599781,0.094066,6.018656
122294000,40.6137,7.425191,0.693847,6.731343,0.599781,0.094066,6.010764
122295000,40.6137,7.425191,0.693847,6.731343,0.599781,0.094066,6.020109
122296000,40.6137,7.425191,0.693847,6.731343,0.599781,0.094066,6.008283
122297000,40.6137,7.425191,0.693847,6.731343,0.599781,0.094066,6.017214
122298000,40.6137,7.425191,0.693847,6.731343,0.599781,0.094066,6.018709
122299000,40.6137,7.425191,0.693847,6.731343,0.599781,0.094066,6.013292
122300000,40.6137,7.425191,0.693847,6.731343,0.599781,0.094066,6.012052
122301000,40.6137,7.425191,0.693847,6.731343,0.599781,0.094066,6.013243
122302000,40.6137,7.425191,0.693847,6.731343,0.599781,0.094066,6.018524
122303000,40.6137,7.425191,0.693847,6.731343,0.599781,0.094066,6.013298
122304000,40.6137,7.425191,0.693847,6.731343,0.599781,0.094066,6.011621
122305000,40.6137,7.425191,0.693847,6.731343,0.599781,0.094066,6.019740
122306000,40.6137,7.425191,0.693847,6.731343,0.599781,0.094066,6.012388
122307000,40.6137,7.425191,0.693847,6.731343,0.599781,0.094066,6.014506
122308000,40.6137,7.425191,0.693847,6.731343,0.599781,0.094066,6.013814
122309000,40.6137,7.425191,0.693847,6.731343,0.599781,0.094066,6.016886
122310000,40.6137,7.425191,0.693847,6.731343,0.599781,0.094066,6.014878
122311000,40.6137,7.425191,0.693847,6.731343,0.599781,0.094066,6.012657
122312000,40.6137,7.425191,0.693847,6.731343,0.599781,0.094066,6.016848
122313000,40.6137,7.425191,0.693847,6.731343,0.599781,0.094066,6.013284
122314000,40.6137,7.425191,0.693847,6.731343,0.599781,0.094066,6.013587
122315000,40.6137,7.425191,0.693847,6.731343,0.599781,0.094066,6.018563
122316000,40.6137,7.425191,0.693847,6.731343,0.599781,0.094066,6.010407
122317000,40.6137,7.425191,0.693847,6.731343,0.599781,0.094066,6.021936
122318000,40.6137,7.425191,0.693847,6.731343,0.599781,0.094066,6.006980
122319000,40.6137,7.425191,0.693847,6.731343,0.599781,0.094066,6.017939
122320000,40.6137,7.425191,0.693847,6.731343,0.599781,0.094066,6.012948
122321000,40.6137,7.425191,0.693847,6.731343,0.599781,0.094066,6.019395
122322000,40.6137,7.425191,0.693847,6.731343,0.599781,0.094066,6.009487
122323000,40.6137,7.425191,0.693847,6.731343,0.599781,0.094066,6.013429
122324000,40.6137,7.425191,0.693847,6.731343,0.599781,0.094066,6.017710
122325000,40.6137,7.425191,0.693847,6.731343,0.599781,0.094066,6.011935
122326000,40.6137,7.425191,0.693847,6.731343,0.599781,0.094066,6.013669
122327000,40.6137,7.425191,0.693847,6.731343,0.599781,0.094066,6.018002
122328000,40.6137,7.425191,0.693847,6.731343,0.599781,0.094066,6.012992
122329000,40.6137,7.425191,0.693847,6.731343,0.599781,0.094066,6.012996
122330000,40.6137,7.425191,0.693847,6.731343,0.599781,0.094066,6.011574
122331000,40.6137,7.425191,0.693847,6.731343,0.599781,0.094066,6.015109
122332000,40.6137,7.425191,0.693847,6.731343,0.599781,0.094066,6.019439
122333000,40.6137,7.425191,0.693847,6.731343,0.599781,0.094066,6.008126
122334000,40.6137,7.425191,0.693847,6.731343,0.599781,0.094066,6.020295
122335000,40.6137,7.425191,0.693847,6.731343,0.599781,0.094066,6.007630
122336000,40.6137,7.425191,0.693847,6.731343,0.599781,0.094066,6.023953
122337000,40.6137,7.425191,0.693847,6.731343,0.599781,0.094066,6.002498
122338000,40.6137,7.425191,0.693847,6.731343,0.599781,0.094066,6.022847
122339000,40.6137,7.425191,0.693847,6.731343,0.599781,0.094066,6.012837
122340000,40.6137,7.425191,0.693847,6.731343,0.599781,0.094066,6.018695
122341000,40.6137,7.425191,0.693847,6.731343,0.599781,0.094066,6.005614
122342000,40.6137,7.425191,0.693847,6.731343,0.599781,0.094066,6.017997
122343000,40.6137,7.425191,0.693847,6.731343,0.599781,0.094066,6.013166
122344000,40.6137,7.425191,0.693847,6.731343,0.599781,0.094066,6.019978
122345000,40.6137,7.425191,0.693847,6.731343,0.599781,0.094066,6.005236
122346000,40.6137,7.425191,0.693847,6.731343,0.599781,0.094066,6.024228
122347000,40.6137,7.425191,0.693847,6.731343,0.599781,0.094066,6.008022
122348000,40.6137,7.425191,0.693847,6.731343,0.599781,0.094066,6.019668
122349000,40.6137,7.425191,0.693847,6.731343,0.599781,0.094066,6.008902
122350000,40.6137,7.425191,0.693847,6.731343,0.599781,0.094066,6.020177
122351000,40.6137,7.425191,0.693847,6.731343,0.599781,0.094066,6.013157
122352000,40.6137,7.425191,0.693847,6.731343,0.599781,0.094066,6.014724
122353000,40.6137,7.425191,0.693847,6.731343,0.599781,0.094066,6.012027
122354000,40.6137,7.425191,0.693847,6.731343,0.599781,0.094066,6.015647
122355000,40.6137,7.425191,0.693847,6.731343,0.599781,0.094066,6.015274
122356000,40.6137,7.425191,0.693847,6.731343,0.599781,0.094066,6.016212
122357000,40.6137,7.425191,0.693847,6.731343,0.599781,0.094066,6.010316
122358000,40.6137,7.425191,0.693847,6.731343,0.599781,0.094066,6.021248
122359000,40.6137,7.425191,0.693847,6.731343,0.599781,0.094066,6.010231
122360000,40.6137,7.425191,0.693847,6.731343,0.599781,0.094066,7.450688
122361000,40.6137,7.425191,0.693847,6.731343,0.599781,0.094066,9.841814
122362000,40.6137,7.425191,0.693847,6.731343,0.599781,0.094066,5.932857
122363000,40.6137,7.425191,0.693847,6.731343,0.599781,0.094066,5.797530
122364000,40.6137,7.425191,0.693847,6.731343,0.599781,0.094066,5.823411
122365000,40.6137,7.425191,0.693847,6.731343,0.599781,0.094066,7.918795
122366000,40.6137,7.425191,0.693847,6.731343,0.599781,0.094066,5.792617
122367000,40.6137,7.425191,0.693847,6.731343,0.599781,0.094066,5.940050
122368000,40.6137,7.425191,0.693847,6.731343,0.599781,0.094066,6.166812
122369000,40.6137,7.425191,0.693847,6.731343,0.599781,0.094066,5.952540
122370000,40.6137,7.425191,0.693847,6.731343,0.599781,0.094066,6.089852
122371000,40.6137,7.425191,0.693847,6.731343,0.599781,0.094066,6.948001
122372000,40.6137,7.425191,0.693847,6.731343,0.599781,0.094066,11.034808
122373000,40.6137,7.425191,0.693847,6.731343,0.599781,0.094066,6.200421
122374000,40.6137,7.425191,0.693847,6.731343,0.599781,0.094066,6.046269
122375000,40.6137,7.425191,0.693847,6.731343,0.599781,0.094066,6.040511
122376000,40.6137,7.425191,0.693847,6.731343,0.599781,0.094066,6.043512
122377000,40.6137,7.425191,0.693847,6.731343,0.599781,0.094066,6.072001
122378000,40.6137,7.425191,0.693847,6.731343,0.599781,0.094066,6.064911
122379000,40.6137,7.425191,0.693847,6.731343,0.599781,0.094066,6.073962
122380000,40.6137,7.425191,0.693847,6.731343,0.599781,0.094066,6.066941
122381000,40.6137,7.425191,0.693847,6.731343,0.599781,0.094066,6.047728
122382000,40.6137,7.425191,0.693847,6.731343,0.599781,0.094066,6.030108
122383000,40.6137,7.425191,0.693847,6.731343,0.599781,0.094066,5.996990
122384000,40.6137,7.425191,0.693847,6.731343,0.599781,0.094066,6.007815
122385000,40.6137,7.425191,0.693847,6.731343,0.599781,0.094066,6.000743
122386000,40.6137,7.425191,0.693847,6.731343,0.599781,0.094066,6.003836
122387000,40.6137,7.425191,0.693847,6.731343,0.599781,0.094066,6.013113
122388000,40.6137,7.425191,0.693847,6.731343,0.599781,0.094066,5.990940
122389000,40.6137,7.425191,0.693847,6.731343,0.599781,0.094066,6.017756
122390000,40.6137,7.425191,0.693847,6.731343,0.599781,0.094066,5.988944
122391000,40.6137,7.425191,0.693847,6.731343,0.599781,0.094066,6.017962
122392000,40.6137,7.425191,0.693847,6.731343,0.599781,0.094066,5.997094
122393000,40.6137,7.425191,0.693847,6.731343,0.599781,0.094066,6.003354
122394000,40.6137,7.425191,0.693847,6.731343,0.599781,0.094066,6.000320
122395000,40.6137,7.425191,0.693847,6.731343,0.599781,0.094066,6.006259
122396000,40.6137,7.425191,0.693847,6.731343,0.599781,0.094066,6.014565
122397000,40.6137,7.425191,0.693847,6.731343,0.599781,0.094066,5.989754
122398000,40.6137,7.425191,0.693847,6.731343,0.599781,0.094066,6.013455
122399000,40.6137,7.425191,0.693847,6.731343,0.599781,0.094066,5.986441
122400000,40.6137,7.425191,0.693847,6.731343,0.599781,0.094066,6.020067
122401000,40.6137,7.425191,0.693847,6.731343,0.599781,0.094066,5.997941
122402000,40.6137,7.425191,0.693847,6.731343,0.599781,0.094066,6.002589
122403000,40.6137,7.425191,0.693847,6.731343,0.599781,0.094066,6.010622
122404000,40.6137,7.425191,0.693847,6.731343,0.599781,0.094066,6.001963
122405000,40.6137,7.425191,0.693847,6.731343,0.599781,0.094066,5.983249
122406000,40.6137,7.425191,0.693847,6.731343,0.599781,0.094066,5.973652
122407000,40.6137,7.425191,0.693847,6.731343,0.599781,0.094066,5.992172
122408000,40.6137,7.425191,0.693847,6.731343,0.599781,0.094066,5.967153
122409000,40.6137,7.425191,0.693847,6.731343,0.599781,0.094066,5.989635
122410000,40.6137,7.425191,0.693847,6.731343,0.599781,0.094066,5.975425
122411000,40.6137,7.425191,0.693847,6.731343,0.599781,0.094066,5.985933
122412000,40.6137,7.425191,0.693847,6.731343,0.599781,0.094066,5.982352
122413000,40.6137,7.425191,0.693847,6.731343,0.599781,0.094066,5.976796
122414000,40.6137,7.425191,0.693847,6.731343,0.599781,0.094066,5.982899
122415000,40.6137,7.425191,0.693847,6.731343,0.599781,0.094066,5.991340
122416000,40.6137,7.425191,0.693847,6.731343,0.599781,0.094066,5.974211
122417000,40.6137,7.425191,0.693847,6.731343,0.599781,0.094066,5.977942
122418000,40.6137,7.425191,0.693847,6.731343,0.599781,0.094066,5.975045
122419000,40.6137,7.425191,0.693847,6.731343,0.599781,0.094066,5.986260
122420000,40.6137,7.425191,0.693847,6.731343,0.599781,0.094066,5.981065
122421000,40.6137,7.425191,0.693847,6.731343,0.599781,0.094066,5.979431
122422000,40.6137,7.425191,0.693847,6.731343,0.599781,0.094066,5.985465
122423000,40.6137,7.425191,0.693847,6.731343,0.599781,0.094066,5.975186
122424000,40.6137,7.425191,0.693847,6.731343,0.599781,0.094066,5.979636
122425000,40.6137,7.425191,0.693847,6.731343,0.599781,0.094066,6.002608
122426000,40.6137,7.425191,0.693847,6.731343,0.599781,0.094066,5.967284
122427000,40.6137,7.425191,0.693847,6.731343,0.599781,0.094066,5.985472
122428000,40.6137,7.425191,0.693847,6.731343,0.599781,0.094066,5.973943
122429000,40.6137,7.425191,0.693847,6.731343,0.599781,0.094066,5.983307
122430000,40.6137,7.425191,0.693847,6.731343,0.599781,0.094066,5.991995
122431000,40.6137,7.425191,0.693847,6.731343,0.599781,0.094066,6.006738
122432000,40.6137,7.425191,0.693847,6.731343,0.599781,0.094066,6.007607
122433000,40.6137,7.425191,0.693847,6.731343,0.599781,0.094066,6.013078
122434000,40.6137,7.425191,0.693847,6.731343,0.599781,0.094066,6.012433
122435000,40.6137,7.425191,0.693847,6.731343,0.599781,0.094066,6.013088
122436000,40.6137,7.425191,0.693847,6.731343,0.599781,0.094066,6.009917
122437000,40.6137,7.425191,0.693847,6.731343,0.599781,0.094066,6.004400
122438000,40.6137,7.425191,0.693847,6.731343,0.599781,0.094066,6.015998
122439000,40.6137,7.425191,0.693847,6.731343,0.599781,0.094066,6.006799
122440000,40.6137,7.425191,0.693847,6.731343,0.599781,0.094066,6.016026
122441000,40.6137,7.425191,0.693847,6.731343,0.599781,0.094066,6.005572
122442000,40.6137,7.425191,0.693847,6.731343,0.599781,0.094066,6.016856
122443000,40.6137,7.425191,0.693847,6.731343,0.599781,0.094066,6.003901
122444000,40.6137,7.425191,0.693847,6.731343,0.599781,0.094066,6.014351
122445000,40.6137,7.425191,0.693847,6.731343,0.599781,0.094066,6.014837
122446000,40.6137,7.425191,0.693847,6.731343,0.599781,0.094066,5.998383
122447000,40.6137,7.425191,0.693847,6.731343,0.599781,0.094066,6.017408
122448000,40.6137,7.425191,0.693847,6.731343,0.599781,0.094066,6.008249
122449000,40.6137,7.425191,0.693847,6.731343,0.599781,0.094066,6.009283
122450000,40.6137,7.425191,0.693847,6.731343,0.599781,0.094066,5.996669
122451000,40.6137,7.425191,0.693847,6.731343,0.599781,0.094066,6.024120
122452000,40.6137,7.425191,0.693847,6.731343,0.599781,0.094066,6.009894
122453000,40.6137,7.425191,0.693847,6.731343,0.599781,0.094066,6.007789
122454000,40.6137,7.425191,0.693847,6.731343,0.599781,0.094066,6.015593
122455000,40.6137,7.425191,0.693847,6.731343,0.599781,0.094066,6.012043
122456000,40.6137,7.425191,0.693847,6.731343,0.599781,0.094066,6.006956
122457000,40.6137,7.425191,0.693847,6.731343,0.599781,0.094066,6.013112
122458000,40.6137,7.425191,0.693847,6.731343,0.599781,0.094066,6.004864
122459000,40.6137,7.425191,0.693847,6.731343,0.599781,0.094066,6.012557
122460000,40.6137,7.425191,0.693847,6.731343,0.599781,0.094066,6.017125
122461000,40.6137,7.425191,0.693847,6.731343,0.599781,0.094066,5.997192
122462000,40.6137,7.425191,0.693847,6.731343,0.599781,0.094066,6.026507
122463000,40.6137,7.425191,0.693847,6.731343,0.599781,0.094066,5.999218
122464000,40.6137,7.425191,0.693847,6.731343,0.599781,0.094066,6.021414
122465000,40.6137,7.425191,0.693847,6.731343,0.599781,0.094066,5.996680
122466000,40.6137,7.425191,0.693847,6.731343,0.599781,0.094066,6.017397
122467000,40.6137,7.425191,0.693847,6.731343,0.599781,0.094066,6.006997
122468000,40.6137,7.425191,0.693847,6.731343,0.599781,0.094066,6.011132
122469000,40.6137,7.425191,0.693847,6.731343,0.599781,0.094066,6.018289
122470000,40.6137,7.425191,0.693847,6.731343,0.599781,0.094066,5.994105
122471000,40.6137,7.425191,0.693847,6.731343,0.599781,0.094066,6.018832
122472000,40.6137,7.425191,0.693847,6.731343,0.599781,0.094066,6.008094
122473000,40.6137,7.425191,0.693847,6.731343,0.599781,0.094066,6.016737
122474000,40.6137,7.425191,0.693847,6.731343,0.599781,0.094066,6.010706
122475000,40.6137,7.425191,0.693847,6.731343,0.599781,0.094066,6.003336
122476000,40.6137,7.425191,0.693847,6.731343,0.599781,0.094066,6.012796
122477000,40.6137,7.425191,0.693847,6.731343,0.599781,0.094066,6.011621
122478000,40.6137,7.425191,0.693847,6.731343,0.599781,0.094066,6.016550
122479000,40.6137,7.425191,0.693847,6.731343,0.599781,0.094066,5.995327
122480000,40.6137,7.425191,0.693847,6.731343,0.599781,0.094066,6.019797
122481000,40.6137,7.425191,0.693847,6.731343,0.599781,0.094066,5.997376
122482000,40.6137,7.425191,0.693847,6.731343,0.599781,0.094066,6.027639
122483000,40.6137,7.425191,0.693847,6.731343,0.599781,0.094066,6.001588
122484000,40.6137,7.425191,0.693847,6.731343,0.599781,0.094066,6.026451
122485000,40.6137,7.425191,0.693847,6.731343,0.599781,0.094066,5.999032
122486000,40.6137,7.425191,0.693847,6.731343,0.599781,0.094066,6.017047
122487000,40.6137,7.425191,0.693847,6.731343,0.599781,0.094066,6.001862
122488000,40.6137,7.425191,0.693847,6.731343,0.599781,0.094066,6.010183
122489000,40.6137,7.425191,0.693847,6.731343,0.599781,0.094066,5.999908
122490000,40.6137,7.425191,0.693847,6.731343,0.599781,0.094066,6.019386
122491000,40.6137,7.425191,0.693847,6.731343,0.599781,0.094066,6.011486
122492000,40.6137,7.425191,0.693847,6.731343,0.599781,0.094066,6.019674
122493000,40.6137,7.425191,0.693847,6.731343,0.599781,0.094066,6.009229
122494000,40.6137,7.425191,0.693847,6.731343,0.599781,0.094066,6.024932
122495000,40.6137,7.425191,0.693847,6.731343,0.599781,0.094066,6.010590
122496000,40.6137,7.425191,0.693847,6.731343,0.599781,0.094066,6.019136
122497000,40.6137,7.425191,0.693847,6.731343,0.599781,0.094066,6.011407
122498000,40.6137,7.425191,0.693847,6.731343,0.599781,0.094066,6.016428
122499000,40.6137,7.425191,0.693847,6.731343,0.599781,0.094066,6.012789
122500000,40.6137,7.425191,0.693847,6.731343,0.599781,0.094066,6.014137
122501000,40.6137,7.425191,0.693847,6.731343,0.599781,0.094066,6.018096
122502000,40.6137,7.425191,0.693847,6.731343,0.599781,0.094066,6.009034
122503000,40.6137,7.425191,0.693847,6.731343,0.599781,0.094066,6.020884
122504000,40.6137,7.425191,0.693847,6.731343,0.599781,0.094066,6.015291
122505000,40.6137,7.425191,0.693847,6.731343,0.599781,0.094066,6.019459
122506000,40.6137,7.425191,0.693847,6.731343,0.599781,0.094066,6.011939
122507000,40.6137,7.425191,0.693847,6.731343,0.599781,0.094066,6.015846
122508000,40.6137,7.425191,0.693847,6.731343,0.599781,0.094066,6.019218
122509000,40.6137,7.425191,0.693847,6.731343,0.599781,0.094066,6.008760
122510000,40.6137,7.425191,0.693847,6.731343,0.599781,0.094066,6.019312
122511000,40.6137,7.425191,0.693847,6.731343,0.599781,0.094066,6.012694
122512000,40.6137,7.425191,0.693847,6.731343,0.599781,0.094066,6.015378
122513000,40.6137,7.425191,0.693847,6.731343,0.599781,0.094066,6.017661
122514000,40.6137,7.425191,0.693847,6.731343,0.599781,0.094066,6.013376
122515000,40.6137,7.425191,0.693847,6.731343,0.599781,0.094066,6.019674
122516000,40.6137,7.425191,0.693847,6.731343,0.599781,0.094066,6.012367
122517000,40.6137,7.425191,0.693847,6.731343,0.599781,0.094066,6.015502
122518000,40.6137,7.425191,0.693847,6.731343,0.599781,0.094066,6.013291
122519000,40.6137,7.425191,0.693847,6.731343,0.599781,0.094066,6.014262
122520000,40.6137,7.425191,0.693847,6.731343,0.599781,0.094066,6.015042
122521000,40.6137,7.425191,0.693847,6.731343,0.599781,0.094066,6.017087
122522000,40.6137,7.425191,0.693847,6.731343,0.599781,0.094066,6.013066
122523000,40.6137,7.425191,0.693847,6.731343,0.599781,0.094066,6.014921
122524000,40.6137,7.425191,0.693847,6.731343,0.599781,0.094066,6.016476
122525000,40.6137,7.425191,0.693847,6.731343,0.599781,0.094066,6.013935
122526000,40.6137,7.425191,0.693847,6.731343,0.599781,0.094066,6.016923
122527000,40.6137,7.425191,0.693847,6.731343,0.599781,0.094066,6.012366
122528000,40.6137,7.425191,0.693847,6.731343,0.599781,0.094066,6.014842
122529000,40.6137,7.425191,0.693847,6.731343,0.599781,0.094066,6.014812
122530000,40.6137,7.425191,0.693847,6.731343,0.599781,0.094066,6.013129
122531000,40.6137,7.425191,0.693847,6.731343,0.599781,0.094066,6.022134
122532000,40.6137,7.425191,0.693847,6.731343,0.599781,0.094066,6.005161
122533000,40.6137,7.425191,0.693847,6.731343,0.599781,0.094066,6.021167
122534000,40.6137,7.425191,0.693847,6.731343,0.599781,0.094066,6.012647
122535000,40.6137,7.425191,0.693847,6.731343,0.599781,0.094066,6.017617
122536000,40.6137,7.425191,0.693847,6.731343,0.599781,0.094066,6.014146
122537000,40.6137,7.425191,0.693847,6.731343,0.599781,0.094066,6.013502
122538000,40.6137,7.425191,0.693847,6.731343,0.599781,0.094066,6.015981
122539000,40.6137,7.425191,0.693847,6.731343,0.599781,0.094066,6.014389
122540000,40.6137,7.425191,0.693847,6.731343,0.599781,0.094066,6.012303
122541000,40.6137,7.425191,0.693847,6.731343,0.599781,0.094066,6.017996
122542000,40.6137,7.425191,0.693847,6.731343,0.599781,0.094066,6.009620
122543000,40.6137,7.425191,0.693847,6.731343,0.599781,0.094066,6.018359
122544000,40.6137,7.425191,0.693847,6.731343,0.599781,0.094066,6.018486
122545000,40.6137,7.425191,0.693847,6.731343,0.599781,0.094066,6.016872
122546000,40.6137,7.425191,0.693847,6.731343,0.599781,0.094066,6.011298
122547000,40.6137,7.425191,0.693847,6.731343,0.599781,0.094066,6.019705
122548000,40.6137,7.425191,0.693847,6.731343,0.599781,0.094066,6.006044
122549000,40.6137,7.425191,0.693847,6.731343,0.599781,0.094066,6.024183
122550000,40.6137,7.425191,0.693847,6.731343,0.599781,0.094066,6.005710
122551000,40.6137,7.425191,0.693847,6.731343,0.599781,0.094066,6.023638
122552000,40.6137,7.425191,0.693847,6.731343,0.599781,0.094066,6.004396
122553000,40.6137,7.425191,0.693847,6.731343,0.599781,0.094066,6.022825
122554000,40.6137,7.425191,0.693847,6.731343,0.599781,0.094066,6.011319
122555000,40.6137,7.425191,0.693847,6.731343,0.599781,0.094066,6.018963
122556000,40.6137,7.425191,0.693847,6.731343,0.599781,0.094066,6.013193
122557000,40.6137,7.425191,0.693847,6.731343,0.599781,0.094066,6.013599
122558000,40.6137,7.425191,0.693847,6.731343,0.599781,0.094066,6.014473
122559000,40.6137,7.425191,0.693847,6.731343,0.599781,0.094066,6.016554
122560000,40.6137,7.425191,0.693847,6.731343,0.599781,0.094066,6.011093
122561000,40.6137,7.425191,0.693847,6.731343,0.599781,0.094066,6.022899
122562000,40.6137,7.425191,0.693847,6.731343,0.599781,0.094066,6.005151
122563000,40.6137,7.425191,0.693847,6.731343,0.599781,0.094066,6.021666
122564000,40.6137,7.425191,0.693847,6.731343,0.599781,0.094066,6.010384
122565000,40.6137,7.425191,0.693847,6.731343,0.599781,0.094066,6.018633
122566000,40.6137,7.425191,0.693847,6.731343,0.599781,0.094066,6.014632
122567000,40.6137,7.425191,0.693847,6.731343,0.599781,0.094066,6.012349
122568000,40.6137,7.425191,0.693847,6.731343,0.599781,0.094066,6.018143
122569000,40.6137,7.425191,0.693847,6.731343,0.599781,0.094066,6.012861
122570000,40.6137,7.425191,0.693847,6.731343,0.599781,0.094066,6.016100
122571000,40.6137,7.425191,0.693847,6.731343,0.599781,0.094066,6.011125
122572000,40.6137,7.425191,0.693847,6.731343,0.599781,0.094066,6.016712
122573000,40.6137,7.425191,0.693847,6.731343,0.599781,0.094066,6.014105
122574000,40.6137,7.425191,0.693847,6.731343,0.599781,0.094066,6.017379
122575000,40.6137,7.425191,0.693847,6.731343,0.599781,0.094066,6.018038
122576000,40.6137,7.425191,0.693847,6.731343,0.599781,0.094066,6.017092
122577000,40.6137,7.425191,0.693847,6.731343,0.599781,0.094066,6.015025
122578000,40.6137,7.425191,0.693847,6.731343,0.599781,0.094066,6.012953
122579000,40.6137,7.425191,0.693847,6.731343,0.599781,0.094066,6.019312
122580000,40.6137,7.425191,0.693847,6.731343,0.599781,0.094066,6.009217
122581000,40.6137,7.425191,0.693847,6.731343,0.599781,0.094066,6.018855
122582000,40.6137,7.425191,0.693847,6.731343,0.599781,0.094066,6.011238
122583000,40.6137,7.425191,0.693847,6.731343,0.599781,0.094066,6.015673
122584000,40.6137,7.425191,0.693847,6.731343,0.599781,0.094066,6.019695
122585000,40.6137,7.425191,0.693847,6.731343,0.599781,0.094066,6.010785
122586000,40.6137,7.425191,0.693847,6.731343,0.599781,0.094066,6.019580
122587000,40.6137,7.425191,0.693847,6.731343,0.599781,0.094066,6.011586
122588000,40.6137,7.425191,0.693847,6.731343,0.599781,0.094066,6.015967
122589000,40.6137,7.425191,0.693847,6.731343,0.599781,0.094066,6.015042
122590000,40.6137,7.425191,0.693847,6.731343,0.599781,0.094066,6.013008
122591000,40.6137,7.425191,0.693847,6.731343,0.599781,0.094066,6.017947
122592000,40.6137,7.425191,0.693847,6.731343,0.599781,0.094066,6.013265
122593000,40.6137,7.425191,0.693847,6.731343,0.599781,0.094066,6.014812
122594000,40.6137,7.425191,0.693847,6.731343,0.599781,0.094066,6.014693
122595000,40.6137,7.425191,0.693847,6.731343,0.599781,0.094066,6.016213
122596000,40.6137,7.425191,0.693847,6.731343,0.599781,0.094066,6.016992
122597000,40.6137,7.425191,0.693847,6.731343,0.599781,0.094066,6.013442
122598000,40.6137,7.425191,0.693847,6.731343,0.599781,0.094066,6.015279
122599000,40.6137,7.425191,0.693847,6.731343,0.599781,0.094066,6.013515
122600000,40.6137,7.425191,0.693847,6.731343,0.599781,0.094066,6.018056
122601000,40.6137,7.425191,0.693847,6.731343,0.599781,0.094066,6.009240
122602000,40.6137,7.425191,0.693847,6.731343,0.599781,0.094066,6.019735
122603000,40.6137,7.425191,0.693847,6.731343,0.599781,0.094066,6.009808
122604000,40.6137,7.425191,0.693847,6.731343,0.599781,0.094066,6.019372
122605000,40.6137,7.425191,0.693847,6.731343,0.599781,0.094066,6.016988
122606000,40.6137,7.425191,0.693847,6.731343,0.599781,0.094066,6.018006
122607000,40.6137,7.425191,0.693847,6.731343,0.599781,0.094066,6.008989
122608000,40.6137,7.425191,0.693847,6.731343,0.599781,0.094066,6.018156
122609000,40.6137,7.425191,0.693847,6.731343,0.599781,0.094066,6.015528
122610000,40.6137,7.425191,0.693847,6.731343,0.599781,0.094066,6.012118
122611000,40.6137,7.425191,0.693847,6.731343,0.599781,0.094066,6.015498
122612000,40.6137,7.425191,0.693847,6.731343,0.599781,0.094066,6.015527
122613000,40.6137,7.425191,0.693847,6.731343,0.599781,0.094066,6.010749
122614000,40.6137,7.425191,0.693847,6.731343,0.599781,0.094066,6.023372
122615000,40.6137,7.425191,0.693847,6.731343,0.599781,0.094066,6.011290
122616000,40.6137,7.425191,0.693847,6.731343,0.599781,0.094066,6.023784
122617000,40.6137,7.425191,0.693847,6.731343,0.599781,0.094066,6.006044
122618000,40.6137,7.425191,0.693847,6.731343,0.599781,0.094066,6.021537
122619000,40.6137,7.425191,0.693847,6.731343,0.599781,0.094066,6.009005
122620000,40.6137,7.425191,0.693847,6.731343,0.599781,0.094066,6.018910
122621000,40.6137,7.425191,0.693847,6.731343,0.599781,0.094066,6.008475
122622000,40.6137,7.425191,0.693847,6.731343,0.599781,0.094066,6.153262
122623000,40.6137,7.425191,0.693847,6.731343,0.599781,0.094066,8.598290
122624000,40.6137,7.425191,0.693847,6.731343,0.599781,0.094066,8.108811
122625000,40.6137,7.425191,0.693847,6.731343,0.599781,0.094066,5.824139
122626000,40.6137,7.425191,0.693847,6.731343,0.599781,0.094066,5.797781
122627000,40.6137,7.425191,0.693847,6.731343,0.599781,0.094066,5.819468
122628000,40.6137,7.425191,0.693847,6.731343,0.599781,0.094066,7.846710
122629000,40.6137,7.425191,0.693847,6.731343,0.599781,0.094066,5.827833
122630000,40.6137,7.425191,0.693847,6.731343,0.599781,0.094066,5.795331
122631000,40.6137,7.425191,0.693847,6.731343,0.599781,0.094066,5.962178
122632000,40.6137,7.425191,0.693847,6.731343,0.599781,0.094066,5.848128
122633000,40.6137,7.425191,0.693847,6.731343,0.599781,0.094066,5.885129
122634000,40.6137,7.425191,0.693847,6.731343,0.599781,0.094066,6.166892
122635000,40.6137,7.425191,0.693847,6.731343,0.599781,0.094066,9.371731
122636000,40.6137,7.425191,0.693847,6.731343,0.599781,0.094066,8.937913
122637000,40.6137,7.425191,0.693847,6.731343,0.599781,0.094066,6.269754
122638000,40.6137,7.425191,0.693847,6.731343,0.599781,0.094066,6.211221
122639000,40.6137,7.425191,0.693847,6.731343,0.599781,0.094066,6.241177
122640000,40.6137,7.425191,0.693847,6.731343,0.599781,0.094066,6.149635
122641000,40.6137,7.425191,0.693847,6.731343,0.599781,0.094066,6.119159
122642000,40.6137,7.425191,0.693847,6.731343,0.599781,0.094066,6.092583
122643000,40.6137,7.425191,0.693847,6.731343,0.599781,0.094066,6.057886
122644000,40.6137,7.425191,0.693847,6.731343,0.599781,0.094066,6.022581
122645000,40.6137,7.425191,0.693847,6.731343,0.599781,0.094066,5.986103
122646000,40.6137,7.425191,0.693847,6.731343,0.599781,0.094066,6.001882
122647000,40.6137,7.425191,0.693847,6.731343,0.599781,0.094066,5.963676
122648000,40.6137,7.425191,0.693847,6.731343,0.599781,0.094066,5.998204
122649000,40.6137,7.425191,0.693847,6.731343,0.599781,0.094066,5.946414
122650000,40.6137,7.425191,0.693847,6.731343,0.599781,0.094066,5.975062
122651000,40.6137,7.425191,0.693847,6.731343,0.599781,0.094066,5.970208
122652000,40.6137,7.425191,0.693847,6.731343,0.599781,0.094066,5.968040
122653000,40.6137,7.425191,0.693847,6.731343,0.599781,0.094066,5.940714
122654000,40.6137,7.425191,0.693847,6.731343,0.599781,0.094066,5.943754
122655000,40.6137,7.425191,0.693847,6.731343,0.599781,0.094066,5.922635
122656000,40.6137,7.425191,0.693847,6.731343,0.599781,0.094066,5.910731
122657000,40.6137,7.425191,0.693847,6.731343,0.599781,0.094066,5.932114
122658000,40.6137,7.425191,0.693847,6.731343,0.599781,0.094066,5.932158
122659000,40.6137,7.425191,0.693847,6.731343,0.599781,0.094066,5.957288
122660000,40.6137,7.425191,0.693847,6.731343,0.599781,0.094066,5.949155
122661000,40.6137,7.425191,0.693847,6.731343,0.599781,0.094066,5.980268
122662000,40.6137,7.425191,0.693847,6.731343,0.599781,0.094066,5.987383
122663000,40.6137,7.425191,0.693847,6.731343,0.599781,0.094066,5.961033
122664000,40.6137,7.425191,0.693847,6.731343,0.599781,0.094066,5.966625
122665000,40.6137,7.425191,0.693847,6.731343,0.599781,0.094066,5.972507
122666000,40.6137,7.425191,0.693847,6.731343,0.599781,0.094066,5.976167
122667000,40.6137,7.425191,0.693847,6.731343,0.599781,0.094066,5.953453
122668000,40.6137,7.425191,0.693847,6.731343,0.599781,0.094066,5.927613
122669000,40.6137,7.425191,0.693847,6.731343,0.599781,0.094066,5.940139
122670000,40.6137,7.425191,0.693847,6.731343,0.599781,0.094066,5.902971
122671000,40.6137,7.425191,0.693847,6.731343,0.599781,0.094066,5.930715
122672000,40.6137,7.425191,0.693847,6.731343,0.599781,0.094066,5.889792
122673000,40.6137,7.425191,0.693847,6.731343,0.599781,0.094066,5.885566
122674000,40.6137,7.425191,0.693847,6.731343,0.599781,0.094066,5.919496
122675000,40.6137,7.425191,0.693847,6.731343,0.599781,0.094066,5.876857
122676000,40.6137,7.425191,0.693847,6.731343,0.599781,0.094066,5.898957
122677000,40.6137,7.425191,0.693847,6.731343,0.599781,0.094066,5.913329
122678000,40.6137,7.425191,0.693847,6.731343,0.599781,0.094066,5.923289
122679000,40.6137,7.425191,0.693847,6.731343,0.599781,0.094066,5.927993
122680000,40.6137,7.425191,0.693847,6.731343,0.599781,0.094066,5.927143
122681000,40.6137,7.425191,0.693847,6.731343,0.599781,0.094066,5.923432
122682000,40.6137,7.425191,0.693847,6.731343,0.599781,0.094066,5.938467
122683000,40.6137,7.425191,0.693847,6.731343,0.599781,0.094066,5.966861
122684000,40.6137,7.425191,0.693847,6.731343,0.599781,0.094066,5.981932
122685000,40.6137,7.425191,0.693847,6.731343,0.599781,0.094066,5.983468
122686000,40.6137,7.425191,0.693847,6.731343,0.599781,0.094066,5.992185
122687000,40.6137,7.425191,0.693847,6.731343,0.599781,0.094066,6.014213
122688000,40.6137,7.425191,0.693847,6.731343,0.599781,0.094066,6.023218
122689000,40.6137,7.425191,0.693847,6.731343,0.599781,0.094066,6.015223
122690000,40.6137,7.425191,0.693847,6.731343,0.599781,0.094066,6.019268
122691000,40.6137,7.425191,0.693847,6.731343,0.599781,0.094066,6.011656
122692000,40.6137,7.425191,0.693847,6.731343,0.599781,0.094066,6.023418
122693000,40.6137,7.425191,0.693847,6.731343,0.599781,0.094066,6.007681
122694000,40.6137,7.425191,0.693847,6.731343,0.599781,0.094066,6.023100
122695000,40.6137,7.425191,0.693847,6.731343,0.599781,0.094066,6.010461
122696000,40.6137,7.425191,0.693847,6.731343,0.599781,0.094066,6.020529
122697000,40.6137,7.425191,0.693847,6.731343,0.599781,0.094066,6.019146
122698000,40.6137,7.425191,0.693847,6.731343,0.599781,0.094066,6.012113
122699000,40.6137,7.425191,0.693847,6.731343,0.599781,0.094066,6.019547
122700000,40.6137,7.425191,0.693847,6.731343,0.599781,0.094066,6.014792
122701000,40.6137,7.425191,0.693847,6.731343,0.599781,0.094066,6.016413
122702000,40.6137,7.425191,0.693847,6.731343,0.599781,0.094066,6.018227
122703000,40.6137,7.425191,0.693847,6.731343,0.599781,0.094066,6.012979
122704000,40.6137,7.425191,0.693847,6.731343,0.599781,0.094066,6.018632
122705000,40.6137,7.425191,0.693847,6.731343,0.599781,0.094066,6.016132
122706000,40.6137,7.425191,0.693847,6.731343,0.599781,0.094066,6.017713
122707000,40.6137,7.425191,0.693847,6.731343,0.599781,0.094066,6.014534
122708000,40.6137,7.425191,0.693847,6.731343,0.599781,0.094066,6.020227
122709000,40.6137,7.425191,0.693847,6.731343,0.599781,0.094066,6.013496
122710000,40.6137,7.425191,0.693847,6.731343,0.599781,0.094066,6.020689
122711000,40.6137,7.425191,0.693847,6.731343,0.599781,0.094066,6.009428
122712000,40.6137,7.425191,0.693847,6.731343,0.599781,0.094066,6.022238
122713000,40.6137,7.425191,0.693847,6.731343,0.599781,0.094066,6.011266
122714000,40.6137,7.425191,0.693847,6.731343,0.599781,0.094066,6.018669
122715000,40.6137,7.425191,0.693847,6.731343,0.599781,0.094066,6.014584
122716000,40.6137,7.425191,0.693847,6.731343,0.599781,0.094066,6.015957
122717000,40.6137,7.425191,0.693847,6.731343,0.599781,0.094066,6.021490
122718000,40.6137,7.425191,0.693847,6.731343,0.599781,0.094066,6.009285
122719000,40.6137,7.425191,0.693847,6.731343,0.599781,0.094066,6.021950
122720000,40.6137,7.425191,0.693847,6.731343,0.599781,0.094066,6.013117
122721000,40.6137,7.425191,0.693847,6.731343,0.599781,0.094066,6.018004
122722000,40.6137,7.425191,0.693847,6.731343,0.599781,0.094066,6.016074
122723000,40.6137,7.425191,0.693847,6.731343,0.599781,0.094066,6.012546
122724000,40.6137,7.425191,0.693847,6.731343,0.599781,0.094066,6.018253
122725000,40.6137,7.425191,0.693847,6.731343,0.599781,0.094066,6.017178
122726000,40.6137,7.425191,0.693847,6.731343,0.599781,0.094066,6.017491
122727000,40.6137,7.425191,0.693847,6.731343,0.599781,0.094066,6.012292
122728000,40.6137,7.425191,0.693847,6.731343,0.599781,0.094066,6.025127
122729000,40.6137,7.425191,0.693847,6.731343,0.599781,0.094066,6.011229
122730000,40.6137,7.425191,0.693847,6.731343,0.599781,0.094066,6.023397
122731000,40.6137,7.425191,0.693847,6.731343,0.599781,0.094066,6.009047
122732000,40.6137,7.425191,0.693847,6.731343,0.599781,0.094066,6.021434
122733000,40.6137,7.425191,0.693847,6.731343,0.599781,0.094066,6.009990
122734000,40.6137,7.425191,0.693847,6.731343,0.599781,0.094066,6.020809
122735000,40.6137,7.425191,0.693847,6.731343,0.599781,0.094066,6.018558
122736000,40.6137,7.425191,0.693847,6.731343,0.599781,0.094066,6.011401
122737000,40.6137,7.425191,0.693847,6.731343,0.599781,0.094066,6.019711
122738000,40.6137,7.425191,0.693847,6.731343,0.599781,0.094066,6.015241
122739000,40.6137,7.425191,0.693847,6.731343,0.599781,0.094066,6.016418
122740000,40.6137,7.425191,0.693847,6.731343,0.599781,0.094066,6.018144
122741000,40.6137,7.425191,0.693847,6.731343,0.599781,0.094066,6.012485
122742000,40.6137,7.425191,0.693847,6.731343,0.599781,0.094066,6.017519
122743000,40.6137,7.425191,0.693847,6.731343,0.599781,0.094066,6.015637
122744000,40.6137,7.425191,0.693847,6.731343,0.599781,0.094066,6.018230
122745000,40.6137,7.425191,0.693847,6.731343,0.599781,0.094066,6.013694
122746000,40.6137,7.425191,0.693847,6.731343,0.599781,0.094066,6.016905
122747000,40.6137,7.425191,0.693847,6.731343,0.599781,0.094066,6.014014
122748000,40.6137,7.425191,0.693847,6.731343,0.599781,0.094066,6.019939
122749000,40.6137,7.425191,0.693847,6.731343,0.599781,0.094066,6.011338
122750000,40.6137,7.425191,0.693847,6.731343,0.599781,0.094066,6.019480
122751000,40.6137,7.425191,0.693847,6.731343,0.599781,0.094066,6.013985
122752000,40.6137,7.425191,0.693847,6.731343,0.599781,0.094066,6.017026
122753000,40.6137,7.425191,0.693847,6.731343,0.599781,0.094066,6.015473
122754000,40.6137,7.425191,0.693847,6.731343,0.599781,0.094066,6.015446
122755000,40.6137,7.425191,0.693847,6.731343,0.599781,0.094066,6.022153
122756000,40.6137,7.425191,0.693847,6.731343,0.599781,0.094066,6.007137
122757000,40.6137,7.425191,0.693847,6.731343,0.599781,0.094066,6.023938
122758000,40.6137,7.425191,0.693847,6.731343,0.599781,0.094066,6.011859
122759000,40.6137,7.425191,0.693847,6.731343,0.599781,0.094066,6.021686
122760000,40.6137,7.425191,0.693847,6.731343,0.599781,0.094066,6.014828
122761000,40.6137,7.425191,0.693847,6.731343,0.599781,0.094066,6.015645
122762000,40.6137,7.425191,0.693847,6.731343,0.599781,0.094066,6.017289
122763000,40.6137,7.425191,0.693847,6.731343,0.599781,0.094066,6.018092
122764000,40.6137,7.425191,0.693847,6.731343,0.599781,0.094066,6.014423
122765000,40.6137,7.425191,0.693847,6.731343,0.599781,0.094066,6.016567
122766000,40.6137,7.425191,0.693847,6.731343,0.599781,0.094066,6.014545
122767000,40.6137,7.425191,0.693847,6.731343,0.599781,0.094066,6.018205
122768000,40.6137,7.425191,0.693847,6.731343,0.599781,0.094066,6.017602
122769000,40.6137,7.425191,0.693847,6.731343,0.599781,0.094066,6.021102
122770000,40.6137,7.425191,0.693847,6.731343,0.599781,0.094066,6.017449
122771000,40.6137,7.425191,0.693847,6.731343,0.599781,0.094066,6.014662
122772000,40.6137,7.425191,0.693847,6.731343,0.599781,0.094066,6.016544
122773000,40.6137,7.425191,0.693847,6.731343,0.599781,0.094066,6.022981
122774000,40.6137,7.425191,0.693847,6.731343,0.599781,0.094066,6.008225
122775000,40.6137,7.425191,0.693847,6.731343,0.599781,0.094066,6.022556
122776000,40.6137,7.425191,0.693847,6.731343,0.599781,0.094066,6.012208
122777000,40.6137,7.425191,0.693847,6.731343,0.599781,0.094066,6.018867
122778000,40.6137,7.425191,0.693847,6.731343,0.599781,0.094066,6.016553
122779000,40.6137,7.425191,0.693847,6.731343,0.599781,0.094066,6.021883
122780000,40.6137,7.425191,0.693847,6.731343,0.599781,0.094066,6.015485
122781000,40.6137,7.425191,0.693847,6.731343,0.599781,0.094066,6.018118
122782000,40.6137,7.425191,0.693847,6.731343,0.599781,0.094066,6.017306
122783000,40.6137,7.425191,0.693847,6.731343,0.599781,0.094066,6.013671
122784000,40.6137,7.425191,0.693847,6.731343,0.599781,0.094066,6.017404
122785000,40.6137,7.425191,0.693847,6.731343,0.599781,0.094066,6.013940
122786000,40.6137,7.425191,0.693847,6.731343,0.599781,0.094066,6.019644
122787000,40.6137,7.425191,0.693847,6.731343,0.599781,0.094066,6.013045
122788000,40.6137,7.425191,0.693847,6.731343,0.599781,0.094066,6.018778
122789000,40.6137,7.425191,0.693847,6.731343,0.599781,0.094066,6.018933
122790000,40.6137,7.425191,0.693847,6.731343,0.599781,0.094066,6.019533
122791000,40.6137,7.425191,0.693847,6.731343,0.599781,0.094066,6.015817
122792000,40.6137,7.425191,0.693847,6.731343,0.599781,0.094066,6.012803
122793000,40.6137,7.425191,0.693847,6.731343,0.599781,0.094066,6.021847
122794000,40.6137,7.425191,0.693847,6.731343,0.599781,0.094066,6.008983
122795000,40.6137,7.425191,0.693847,6.731343,0.599781,0.094066,6.022092
122796000,40.6137,7.425191,0.693847,6.731343,0.599781,0.094066,6.012392
122797000,40.6137,7.425191,0.693847,6.731343,0.599781,0.094066,6.017682
122798000,40.6137,7.425191,0.693847,6.731343,0.599781,0.094066,6.019575
122799000,40.6137,7.425191,0.693847,6.731343,0.599781,0.094066,7.449488
122800000,40.6137,7.425191,0.693847,6.731343,0.599781,0.094066,9.649417
122801000,40.6137,7.425191,0.693847,6.731343,0.599781,0.094066,5.945597
122802000,40.6137,7.425191,0.693847,6.731343,0.599781,0.094066,5.791599
122803000,40.6137,7.425191,0.693847,6.731343,0.599781,0.094066,5.828110
122804000,40.6137,7.425191,0.693847,6.731343,0.599781,0.094066,7.900315
122805000,40.6137,7.425191,0.693847,6.731343,0.599781,0.094066,5.822469
122806000,40.6137,7.425191,0.693847,6.731343,0.599781,0.094066,5.934746
122807000,40.6137,7.425191,0.693847,6.731343,0.599781,0.094066,6.022055
122808000,40.6137,7.425191,0.693847,6.731343,0.599781,0.094066,5.940798
122809000,40.6137,7.425191,0.693847,6.731343,0.599781,0.094066,5.957051
122810000,40.6137,7.425191,0.693847,6.731343,0.599781,0.094066,6.381404
122811000,40.6137,7.425191,0.693847,6.731343,0.599781,0.094066,9.728671
122812000,40.6137,7.425191,0.693847,6.731343,0.599781,0.094066,8.763148
122813000,40.6137,7.425191,0.693847,6.731343,0.599781,0.094066,6.295930
122814000,40.6137,7.425191,0.693847,6.731343,0.599781,0.094066,6.268507
122815000,40.6137,7.425191,0.693847,6.731343,0.599781,0.094066,6.264565
122816000,40.6137,7.425191,0.693847,6.731343,0.599781,0.094066,6.101883
122817000,40.6137,7.425191,0.693847,6.731343,0.599781,0.094066,6.141998
122818000,40.6137,7.425191,0.693847,6.731343,0.599781,0.094066,6.136863
122819000,40.6137,7.425191,0.693847,6.731343,0.599781,0.094066,6.045534
122820000,40.6137,7.425191,0.693847,6.731343,0.599781,0.094066,6.088968
122821000,40.6137,7.425191,0.693847,6.731343,0.599781,0.094066,6.085453
122822000,40.6137,7.425191,0.693847,6.731343,0.599781,0.094066,6.025136
122823000,40.6137,7.425191,0.693847,6.731343,0.599781,0.094066,6.035768
122824000,40.6137,7.425191,0.693847,6.731343,0.599781,0.094066,6.004612
122825000,40.6137,7.425191,0.693847,6.731343,0.599781,0.094066,6.020940
122826000,40.6137,7.425191,0.693847,6.731343,0.599781,0.094066,5.980155
122827000,40.6137,7.425191,0.693847,6.731343,0.599781,0.094066,5.956660
122828000,40.6137,7.425191,0.693847,6.731343,0.599781,0.094066,5.967654
122829000,40.6137,7.425191,0.693847,6.731343,0.599781,0.094066,5.952407
122830000,40.6137,7.425191,0.693847,6.731343,0.599781,0.094066,5.989038
122831000,40.6137,7.425191,0.693847,6.731343,0.599781,0.094066,5.942760
122832000,40.6137,7.425191,0.693847,6.731343,0.599781,0.094066,6.004208
122833000,40.6137,7.425191,0.693847,6.731343,0.599781,0.094066,5.978990
122834000,40.6137,7.425191,0.693847,6.731343,0.599781,0.094066,5.938168
122835000,40.6137,7.425191,0.693847,6.731343,0.599781,0.094066,6.020031
122836000,40.6137,7.425191,0.693847,6.731343,0.599781,0.094066,5.993763
122837000,40.6137,7.425191,0.693847,6.731343,0.599781,0.094066,5.953621
122838000,40.6137,7.425191,0.693847,6.731343,0.599781,0.094066,5.958740
122839000,40.6137,7.425191,0.693847,6.731343,0.599781,0.094066,5.901609
122840000,40.6137,7.425191,0.693847,6.731343,0.599781,0.094066,5.924451
122841000,40.6137,7.425191,0.693847,6.731343,0.599781,0.094066,5.895057
122842000,40.6137,7.425191,0.693847,6.731343,0.599781,0.094066,5.928552
122843000,40.6137,7.425191,0.693847,6.731343,0.599781,0.094066,5.936456
122844000,40.6137,7.425191,0.693847,6.731343,0.599781,0.094066,5.925356
122845000,40.6137,7.425191,0.693847,6.731343,0.599781,0.094066,5.947939
122846000,40.6137,7.425191,0.693847,6.731343,0.599781,0.094066,5.941804
122847000,40.6137,7.425191,0.693847,6.731343,0.599781,0.094066,5.934431
122848000,40.6137,7.425191,0.693847,6.731343,0.599781,0.094066,5.936887
122849000,40.6137,7.425191,0.693847,6.731343,0.599781,0.094066,5.944480
122850000,40.6137,7.425191,0.693847,6.731343,0.599781,0.094066,5.950640
122851000,40.6137,7.425191,0.693847,6.731343,0.599781,0.094066,5.933359
122852000,40.6137,7.425191,0.693847,6.731343,0.599781,0.094066,5.904561
122853000,40.6137,7.425191,0.693847,6.731343,0.599781,0.094066,5.931973
122854000,40.6137,7.425191,0.693847,6.731343,0.599781,0.094066,5.913126
122855000,40.6137,7.425191,0.693847,6.731343,0.599781,0.094066,5.899617
122856000,40.6137,7.425191,0.693847,6.731343,0.599781,0.094066,5.891920
122857000,40.6137,7.425191,0.693847,6.731343,0.599781,0.094066,5.895079
122858000,40.6137,7.425191,0.693847,6.731343,0.599781,0.094066,5.892119
122859000,40.6137,7.425191,0.693847,6.731343,0.599781,0.094066,5.885841
122860000,40.6137,7.425191,0.693847,6.731343,0.599781,0.094066,5.876056
122861000,40.6137,7.425191,0.693847,6.731343,0.599781,0.094066,5.875248
122862000,40.6137,7.425191,0.693847,6.731343,0.599781,0.094066,5.836323
122863000,40.6137,7.425191,0.693847,6.731343,0.599781,0.094066,5.858664
122864000,40.6137,7.425191,0.693847,6.731343,0.599781,0.094066,5.879754
122865000,40.6137,7.425191,0.693847,6.731343,0.599781,0.094066,5.868068
122866000,40.6137,7.425191,0.693847,6.731343,0.599781,0.094066,5.875394
122867000,40.6137,7.425191,0.693847,6.731343,0.599781,0.094066,5.851093
122868000,40.6137,7.425191,0.693847,6.731343,0.599781,0.094066,5.890716
122869000,40.6137,7.425191,0.693847,6.731343,0.599781,0.094066,5.857866
122870000,40.6137,7.425191,0.693847,6.731343,0.599781,0.094066,5.863984
122871000,40.6137,7.425191,0.693847,6.731343,0.599781,0.094066,5.882379
122872000,40.6137,7.425191,0.693847,6.731343,0.599781,0.094066,5.894090
122873000,40.6137,7.425191,0.693847,6.731343,0.599781,0.094066,5.904896
122874000,40.6137,7.425191,0.693847,6.731343,0.599781,0.094066,5.893299
122875000,40.6137,7.425191,0.693847,6.731343,0.599781,0.094066,5.902127
122876000,40.6137,7.425191,0.693847,6.731343,0.599781,0.094066,5.897844
122877000,40.6137,7.425191,0.693847,6.731343,0.599781,0.094066,5.892523
122878000,40.6137,7.425191,0.693847,6.731343,0.599781,0.094066,5.904180
122879000,40.6137,7.425191,0.693847,6.731343,0.599781,0.094066,5.884399
122880000,40.6137,7.425191,0.693847,6.731343,0.599781,0.094066,5.920778
122881000,40.6137,7.425191,0.693847,6.731343,0.599781,0.094066,5.902598
122882000,40.6137,7.425191,0.693847,6.731343,0.599781,0.094066,5.925241
122883000,40.6137,7.425191,0.693847,6.731343,0.599781,0.094066,5.931147
122884000,40.6137,7.425191,0.693847,6.731343,0.599781,0.094066,5.934286
122885000,40.6137,7.425191,0.693847,6.731343,0.599781,0.094066,5.922722
122886000,40.6137,7.425191,0.693847,6.731343,0.599781,0.094066,5.924523
122887000,40.6137,7.425191,0.693847,6.731343,0.599781,0.094066,5.931541
122888000,40.6137,7.425191,0.693847,6.731343,0.599781,0.094066,5.921305
122889000,40.6137,7.425191,0.693847,6.731343,0.599781,0.094066,5.925884
122890000,40.6137,7.425191,0.693847,6.731343,0.599781,0.094066,5.925033
122891000,40.6137,7.425191,0.693847,6.731343,0.599781,0.094066,5.932692
122892000,40.6137,7.425191,0.693847,6.731343,0.599781,0.094066,5.931724
122893000,40.6137,7.425191,0.693847,6.731343,0.599781,0.094066,5.918322
122894000,40.6137,7.425191,0.693847,6.731343,0.599781,0.094066,5.935462
122895000,40.6137,7.425191,0.693847,6.731343,0.599781,0.094066,5.926008
122896000,40.6137,7.425191,0.693847,6.731343,0.599781,0.094066,5.931453
122897000,40.6137,7.425191,0.693847,6.731343,0.599781,0.094066,5.918417
122898000,40.6137,7.425191,0.693847,6.731343,0.599781,0.094066,5.930684
122899000,40.6137,7.425191,0.693847,6.731343,0.599781,0.094066,5.938393
122900000,40.6137,7.425191,0.693847,6.731343,0.599781,0.094066,5.954709
122901000,40.6137,7.425191,0.693847,6.731343,0.599781,0.094066,5.955440
122902000,40.6137,7.425191,0.693847,6.731343,0.599781,0.094066,5.955773
122903000,40.6137,7.425191,0.693847,6.731343,0.599781,0.094066,5.959099
122904000,40.6137,7.425191,0.693847,6.731343,0.599781,0.094066,5.958606
122905000,40.6137,7.425191,0.693847,6.731343,0.599781,0.094066,5.956375
122906000,40.6137,7.425191,0.693847,6.731343,0.599781,0.094066,5.959485
122907000,40.6137,7.425191,0.693847,6.731343,0.599781,0.094066,5.949459
122908000,40.6137,7.425191,0.693847,6.731343,0.599781,0.094066,5.958586
122909000,40.6137,7.425191,0.693847,6.731343,0.599781,0.094066,5.958554
122910000,40.6137,7.425191,0.693847,6.731343,0.599781,0.094066,5.956369
122911000,40.6137,7.425191,0.693847,6.731343,0.599781,0.094066,5.952841
122912000,40.6137,7.425191,0.693847,6.731343,0.599781,0.094066,5.952975
122913000,40.6137,7.425191,0.693847,6.731343,0.599781,0.094066,5.956471
122914000,40.6137,7.425191,0.693847,6.731343,0.599781,0.094066,5.964791
122915000,40.6137,7.425191,0.693847,6.731343,0.599781,0.094066,5.953219
122916000,40.6137,7.425191,0.693847,6.731343,0.599781,0.094066,5.955807
122917000,40.6137,7.425191,0.693847,6.731343,0.599781,0.094066,5.957399
122918000,40.6137,7.425191,0.693847,6.731343,0.599781,0.094066,5.950908
122919000,40.6137,7.425191,0.693847,6.731343,0.599781,0.094066,5.965574
122920000,40.6137,7.425191,0.693847,6.731343,0.599781,0.094066,5.977592
122921000,40.6137,7.425191,0.693847,6.731343,0.599781,0.094066,5.991606
122922000,40.6137,7.425191,0.693847,6.731343,0.599781,0.094066,5.983121
122923000,40.6137,7.425191,0.693847,6.731343,0.599781,0.094066,5.986777
122924000,40.6137,7.425191,0.693847,6.731343,0.599781,0.094066,5.991513
122925000,40.6137,7.425191,0.693847,6.731343,0.599781,0.094066,5.979934
122926000,40.6137,7.425191,0.693847,6.731343,0.599781,0.094066,5.984572
122927000,40.6137,7.425191,0.693847,6.731343,0.599781,0.094066,5.987260
122928000,40.6137,7.425191,0.693847,6.731343,0.599781,0.094066,5.983813
122929000,40.6137,7.425191,0.693847,6.731343,0.599781,0.094066,5.993089
122930000,40.6137,7.425191,0.693847,6.731343,0.599781,0.094066,5.970945
122931000,40.6137,7.425191,0.693847,6.731343,0.599781,0.094066,5.997052
122932000,40.6137,7.425191,0.693847,6.731343,0.599781,0.094066,5.977899
122933000,40.6137,7.425191,0.693847,6.731343,0.599781,0.094066,5.996120
122934000,40.6137,7.425191,0.693847,6.731343,0.599781,0.094066,5.984186
122935000,40.6137,7.425191,0.693847,6.731343,0.599781,0.094066,5.983956
122936000,40.6137,7.425191,0.693847,6.731343,0.599781,0.094066,5.988127
122937000,40.6137,7.425191,0.693847,6.731343,0.599781,0.094066,5.981695
122938000,40.6137,7.425191,0.693847,6.731343,0.599781,0.094066,5.985872
122939000,40.6137,7.425191,0.693847,6.731343,0.599781,0.094066,5.988943
122940000,40.6137,7.425191,0.693847,6.731343,0.599781,0.094066,6.011371
122941000,40.6137,7.425191,0.693847,6.731343,0.599781,0.094066,6.014143
122942000,40.6137,7.425191,0.693847,6.731343,0.599781,0.094066,6.017452
122943000,40.6137,7.425191,0.693847,6.731343,0.599781,0.094066,6.017589
122944000,40.6137,7.425191,0.693847,6.731343,0.599781,0.094066,6.017073
122945000,40.6137,7.425191,0.693847,6.731343,0.599781,0.094066,6.011773
122946000,40.6137,7.425191,0.693847,6.731343,0.599781,0.094066,6.015789
122947000,40.6137,7.425191,0.693847,6.731343,0.599781,0.094066,6.019202
122948000,40.6137,7.425191,0.693847,6.731343,0.599781,0.094066,6.008713
122949000,40.6137,7.425191,0.693847,6.731343,0.599781,0.094066,7.154029
122950000,40.6137,7.425191,0.693847,6.731343,0.599781,0.094066,10.198807
122951000,40.6137,7.425191,0.693847,6.731343,0.599781,0.094066,6.081027
122952000,40.6137,7.425191,0.693847,6.731343,0.599781,0.094066,5.794939
122953000,40.6137,7.425191,0.693847,6.731343,0.599781,0.094066,5.823981
122954000,40.6137,7.425191,0.693847,6.731343,0.599781,0.094066,7.877605
122955000,40.6137,7.425191,0.693847,6.731343,0.599781,0.094066,5.812928
122956000,40.6137,7.425191,0.693847,6.731343,0.599781,0.094066,5.982457
122957000,40.6137,7.425191,0.693847,6.731343,0.599781,0.094066,6.165481
122958000,40.6137,7.425191,0.693847,6.731343,0.599781,0.094066,5.976516
122959000,40.6137,7.425191,0.693847,6.731343,0.599781,0.094066,6.142636
122960000,40.6137,7.425191,0.693847,6.731343,0.599781,0.094066,6.872681
122961000,40.6137,7.425191,0.693847,6.731343,0.599781,0.094066,11.333665
122962000,40.6137,7.425191,0.693847,6.731343,0.599781,0.094066,6.549517
122963000,40.6137,7.425191,0.693847,6.731343,0.599781,0.094066,6.153893
122964000,40.6137,7.425191,0.693847,6.731343,0.599781,0.094066,6.108406
122965000,40.6137,7.425191,0.693847,6.731343,0.599781,0.094066,6.077610
122966000,40.6137,7.425191,0.693847,6.731343,0.599781,0.094066,6.006338
122967000,40.6137,7.425191,0.693847,6.731343,0.599781,0.094066,5.985338
122968000,40.6137,7.425191,0.693847,6.731343,0.599781,0.094066,5.987481
122969000,40.6137,7.425191,0.693847,6.731343,0.599781,0.094066,5.946759
122970000,40.6137,7.425191,0.693847,6.731343,0.599781,0.094066,5.931929
122971000,40.6137,7.425191,0.693847,6.731343,0.599781,0.094066,5.930829
122972000,40.6137,7.425191,0.693847,6.731343,0.599781,0.094066,5.941732
122973000,40.6137,7.425191,0.693847,6.731343,0.599781,0.094066,5.935300
122974000,40.6137,7.425191,0.693847,6.731343,0.599781,0.094066,5.974668
122975000,40.6137,7.425191,0.693847,6.731343,0.599781,0.094066,5.926483
122976000,40.6137,7.425191,0.693847,6.731343,0.599781,0.094066,5.957078
122977000,40.6137,7.425191,0.693847,6.731343,0.599781,0.094066,5.930082
122978000,40.6137,7.425191,0.693847,6.731343,0.599781,0.094066,5.936518
122979000,40.6137,7.425191,0.693847,6.731343,0.599781,0.094066,5.949294
122980000,40.6137,7.425191,0.693847,6.731343,0.599781,0.094066,5.908705
122981000,40.6137,7.425191,0.693847,6.731343,0.599781,0.094066,5.901982
122982000,40.6137,7.425191,0.693847,6.731343,0.599781,0.094066,5.889286
122983000,40.6137,7.425191,0.693847,6.731343,0.599781,0.094066,5.887442
122984000,40.6137,7.425191,0.693847,6.731343,0.599781,0.094066,5.904006
122985000,40.6137,7.425191,0.693847,6.731343,0.599781,0.094066,5.879815
122986000,40.6137,7.425191,0.693847,6.731343,0.599781,0.094066,5.908659
122987000,40.6137,7.425191,0.693847,6.731343,0.599781,0.094066,5.875356
122988000,40.6137,7.425191,0.693847,6.731343,0.599781,0.094066,5.950610
122989000,40.6137,7.425191,0.693847,6.731343,0.599781,0.094066,5.934951
122990000,40.6137,7.425191,0.693847,6.731343,0.599781,0.094066,5.965602
122991000,40.6137,7.425191,0.693847,6.731343,0.599781,0.094066,5.945211
122992000,40.6137,7.425191,0.693847,6.731343,0.599781,0.094066,5.944558
122993000,40.6137,7.425191,0.693847,6.731343,0.599781,0.094066,5.952710
122994000,40.6137,7.425191,0.693847,6.731343,0.599781,0.094066,5.958294
122995000,40.6137,7.425191,0.693847,6.731343,0.599781,0.094066,5.937690
122996000,40.6137,7.425191,0.693847,6.731343,0.599781,0.094066,5.961441
122997000,40.6137,7.425191,0.693847,6.731343,0.599781,0.094066,5.944644
122998000,40.6137,7.425191,0.693847,6.731343,0.599781,0.094066,5.937943
122999000,40.6137,7.425191,0.693847,6.731343,0.599781,0.094066,5.932176
