Cycle,Area(mm^2),PeakDynamic(W),SubthresholdLeakage(W),GateLeakage(W),RunTimeDynamic(W)
26000000,1.3415,0.039994,0.023482,0.002970,0.000007
26001000,1.3415,0.039994,0.023482,0.002970,0.000256
26002000,1.3415,0.039994,0.023482,0.002970,0.000014
26003000,1.3415,0.039994,0.023482,0.002970,0.000000
26004000,1.3415,0.039994,0.023482,0.002970,0.000000
26005000,1.3415,0.039994,0.023482,0.002970,0.000949
26006000,1.3415,0.039994,0.023482,0.002970,0.000069
26007000,1.3415,0.039994,0.023482,0.002970,0.000390
26008000,1.3415,0.039994,0.023482,0.002970,0.000240
26009000,1.3415,0.039994,0.023482,0.002970,0.000000
26010000,1.3415,0.039994,0.023482,0.002970,0.000000
26011000,1.3415,0.039994,0.023482,0.002970,0.000000
26012000,1.3415,0.039994,0.023482,0.002970,0.001274
26013000,1.3415,0.039994,0.023482,0.002970,0.000265
26014000,1.3415,0.039994,0.023482,0.002970,0.000260
26015000,1.3415,0.039994,0.023482,0.002970,0.000059
26016000,1.3415,0.039994,0.023482,0.002970,0.000000
26017000,1.3415,0.039994,0.023482,0.002970,0.000000
26018000,1.3415,0.039994,0.023482,0.002970,0.000007
26019000,1.3415,0.039994,0.023482,0.002970,0.000290
26020000,1.3415,0.039994,0.023482,0.002970,0.000379
26021000,1.3415,0.039994,0.023482,0.002970,0.000456
26022000,1.3415,0.039994,0.023482,0.002970,0.000000
26023000,1.3415,0.039994,0.023482,0.002970,0.000000
26024000,1.3415,0.039994,0.023482,0.002970,0.000014
26025000,1.3415,0.039994,0.023482,0.002970,0.000007
26026000,1.3415,0.039994,0.023482,0.002970,0.000014
26027000,1.3415,0.039994,0.023482,0.002970,0.000463
26028000,1.3415,0.039994,0.023482,0.002970,0.000023
26029000,1.3415,0.039994,0.023482,0.002970,0.000000
26030000,1.3415,0.039994,0.023482,0.002970,0.000000
26031000,1.3415,0.039994,0.023482,0.002970,0.000014
26032000,1.3415,0.039994,0.023482,0.002970,0.000121
26033000,1.3415,0.039994,0.023482,0.002970,0.000333
26034000,1.3415,0.039994,0.023482,0.002970,0.000007
26035000,1.3415,0.039994,0.023482,0.002970,0.000000
26036000,1.3415,0.039994,0.023482,0.002970,0.000000
26037000,1.3415,0.039994,0.023482,0.002970,0.000084
26038000,1.3415,0.039994,0.023482,0.002970,0.000096
26039000,1.3415,0.039994,0.023482,0.002970,0.000160
26040000,1.3415,0.039994,0.023482,0.002970,0.000303
26041000,1.3415,0.039994,0.023482,0.002970,0.000045
26042000,1.3415,0.039994,0.023482,0.002970,0.000000
26043000,1.3415,0.039994,0.023482,0.002970,0.000000
26044000,1.3415,0.039994,0.023482,0.002970,0.000036
26045000,1.3415,0.039994,0.023482,0.002970,0.000203
26046000,1.3415,0.039994,0.023482,0.002970,0.000091
26047000,1.3415,0.039994,0.023482,0.002970,0.000007
26048000,1.3415,0.039994,0.023482,0.002970,0.000000
26049000,1.3415,0.039994,0.023482,0.002970,0.000000
26050000,1.3415,0.039994,0.023482,0.002970,0.000037
26051000,1.3415,0.039994,0.023482,0.002970,0.000000
26052000,1.3415,0.039994,0.023482,0.002970,0.000256
26053000,1.3415,0.039994,0.023482,0.002970,0.000504
26054000,1.3415,0.039994,0.023482,0.002970,0.000000
26055000,1.3415,0.039994,0.023482,0.002970,0.000000
26056000,1.3415,0.039994,0.023482,0.002970,0.000000
26057000,1.3415,0.039994,0.023482,0.002970,0.000175
26058000,1.3415,0.039994,0.023482,0.002970,0.000590
26059000,1.3415,0.039994,0.023482,0.002970,0.000180
26060000,1.3415,0.039994,0.023482,0.002970,0.000021
26061000,1.3415,0.039994,0.023482,0.002970,0.000000
26062000,1.3415,0.039994,0.023482,0.002970,0.000000
26063000,1.3415,0.039994,0.023482,0.002970,0.000255
26064000,1.3415,0.039994,0.023482,0.002970,0.000016
26065000,1.3415,0.039994,0.023482,0.002970,0.000486
26066000,1.3415,0.039994,0.023482,0.002970,0.000356
26067000,1.3415,0.039994,0.023482,0.002970,0.000000
26068000,1.3415,0.039994,0.023482,0.002970,0.000000
26069000,1.3415,0.039994,0.023482,0.002970,0.000048
26070000,1.3415,0.039994,0.023482,0.002970,0.000045
26071000,1.3415,0.039994,0.023482,0.002970,0.000087
26072000,1.3415,0.039994,0.023482,0.002970,0.000183
26073000,1.3415,0.039994,0.023482,0.002970,0.000007
26074000,1.3415,0.039994,0.023482,0.002970,0.000000
26075000,1.3415,0.039994,0.023482,0.002970,0.000000
26076000,1.3415,0.039994,0.023482,0.002970,0.000568
26077000,1.3415,0.039994,0.023482,0.002970,0.000219
26078000,1.3415,0.039994,0.023482,0.002970,0.000297
26079000,1.3415,0.039994,0.023482,0.002970,0.000385
26080000,1.3415,0.039994,0.023482,0.002970,0.000000
26081000,1.3415,0.039994,0.023482,0.002970,0.000000
26082000,1.3415,0.039994,0.023482,0.002970,0.000000
26083000,1.3415,0.039994,0.023482,0.002970,0.000007
26084000,1.3415,0.039994,0.023482,0.002970,0.000591
26085000,1.3415,0.039994,0.023482,0.002970,0.000014
26086000,1.3415,0.039994,0.023482,0.002970,0.000000
26087000,1.3415,0.039994,0.023482,0.002970,0.000000
26088000,1.3415,0.039994,0.023482,0.002970,0.000000
26089000,1.3415,0.039994,0.023482,0.002970,0.000043
26090000,1.3415,0.039994,0.023482,0.002970,0.000160
26091000,1.3415,0.039994,0.023482,0.002970,0.000077
26092000,1.3415,0.039994,0.023482,0.002970,0.000638
26093000,1.3415,0.039994,0.023482,0.002970,0.000000
26094000,1.3415,0.039994,0.023482,0.002970,0.000000
26095000,1.3415,0.039994,0.023482,0.002970,0.000205
26096000,1.3415,0.039994,0.023482,0.002970,0.000000
26097000,1.3415,0.039994,0.023482,0.002970,0.000344
26098000,1.3415,0.039994,0.023482,0.002970,0.000253
26099000,1.3415,0.039994,0.023482,0.002970,0.000000
26100000,1.3415,0.039994,0.023482,0.002970,0.000000
26101000,1.3415,0.039994,0.023482,0.002970,0.000000
26102000,1.3415,0.039994,0.023482,0.002970,0.000139
26103000,1.3415,0.039994,0.023482,0.002970,0.000454
26104000,1.3415,0.039994,0.023482,0.002970,0.000045
26105000,1.3415,0.039994,0.023482,0.002970,0.000089
26106000,1.3415,0.039994,0.023482,0.002970,0.000000
26107000,1.3415,0.039994,0.023482,0.002970,0.000000
26108000,1.3415,0.039994,0.023482,0.002970,0.000007
26109000,1.3415,0.039994,0.023482,0.002970,0.000000
26110000,1.3415,0.039994,0.023482,0.002970,0.000091
26111000,1.3415,0.039994,0.023482,0.002970,0.000007
26112000,1.3415,0.039994,0.023482,0.002970,0.000000
26113000,1.3415,0.039994,0.023482,0.002970,0.000000
26114000,1.3415,0.039994,0.023482,0.002970,0.000014
26115000,1.3415,0.039994,0.023482,0.002970,0.001108
26116000,1.3415,0.039994,0.023482,0.002970,0.000545
26117000,1.3415,0.039994,0.023482,0.002970,0.000068
26118000,1.3415,0.039994,0.023482,0.002970,0.000997
26119000,1.3415,0.039994,0.023482,0.002970,0.000000
26120000,1.3415,0.039994,0.023482,0.002970,0.000000
26121000,1.3415,0.039994,0.023482,0.002970,0.000030
26122000,1.3415,0.039994,0.023482,0.002970,0.000121
26123000,1.3415,0.039994,0.023482,0.002970,0.000226
26124000,1.3415,0.039994,0.023482,0.002970,0.000000
26125000,1.3415,0.039994,0.023482,0.002970,0.000007
26126000,1.3415,0.039994,0.023482,0.002970,0.000000
26127000,1.3415,0.039994,0.023482,0.002970,0.000000
26128000,1.3415,0.039994,0.023482,0.002970,0.000007
26129000,1.3415,0.039994,0.023482,0.002970,0.000308
26130000,1.3415,0.039994,0.023482,0.002970,0.001462
26131000,1.3415,0.039994,0.023482,0.002970,0.000214
26132000,1.3415,0.039994,0.023482,0.002970,0.000000
26133000,1.3415,0.039994,0.023482,0.002970,0.000000
26134000,1.3415,0.039994,0.023482,0.002970,0.000030
26135000,1.3415,0.039994,0.023482,0.002970,0.000102
26136000,1.3415,0.039994,0.023482,0.002970,0.000050
26137000,1.3415,0.039994,0.023482,0.002970,0.000066
26138000,1.3415,0.039994,0.023482,0.002970,0.000000
26139000,1.3415,0.039994,0.023482,0.002970,0.000000
26140000,1.3415,0.039994,0.023482,0.002970,0.000000
26141000,1.3415,0.039994,0.023482,0.002970,0.000230
26142000,1.3415,0.039994,0.023482,0.002970,0.000077
26143000,1.3415,0.039994,0.023482,0.002970,0.000039
26144000,1.3415,0.039994,0.023482,0.002970,0.000980
26145000,1.3415,0.039994,0.023482,0.002970,0.000000
26146000,1.3415,0.039994,0.023482,0.002970,0.000000
26147000,1.3415,0.039994,0.023482,0.002970,0.000144
26148000,1.3415,0.039994,0.023482,0.002970,0.000933
26149000,1.3415,0.039994,0.023482,0.002970,0.000438
26150000,1.3415,0.039994,0.023482,0.002970,0.000000
26151000,1.3415,0.039994,0.023482,0.002970,0.000043
26152000,1.3415,0.039994,0.023482,0.002970,0.000000
26153000,1.3415,0.039994,0.023482,0.002970,0.000000
26154000,1.3415,0.039994,0.023482,0.002970,0.000014
26155000,1.3415,0.039994,0.023482,0.002970,0.000403
26156000,1.3415,0.039994,0.023482,0.002970,0.000422
26157000,1.3415,0.039994,0.023482,0.002970,0.000068
26158000,1.3415,0.039994,0.023482,0.002970,0.000000
26159000,1.3415,0.039994,0.023482,0.002970,0.000000
26160000,1.3415,0.039994,0.023482,0.002970,0.000135
26161000,1.3415,0.039994,0.023482,0.002970,0.000014
26162000,1.3415,0.039994,0.023482,0.002970,0.000014
26163000,1.3415,0.039994,0.023482,0.002970,0.000296
26164000,1.3415,0.039994,0.023482,0.002970,0.000000
26165000,1.3415,0.039994,0.023482,0.002970,0.000000
26166000,1.3415,0.039994,0.023482,0.002970,0.000000
26167000,1.3415,0.039994,0.023482,0.002970,0.000037
26168000,1.3415,0.039994,0.023482,0.002970,0.000098
26169000,1.3415,0.039994,0.023482,0.002970,0.000014
26170000,1.3415,0.039994,0.023482,0.002970,0.000150
26171000,1.3415,0.039994,0.023482,0.002970,0.000000
26172000,1.3415,0.039994,0.023482,0.002970,0.000000
26173000,1.3415,0.039994,0.023482,0.002970,0.000007
26174000,1.3415,0.039994,0.023482,0.002970,0.000386
26175000,1.3415,0.039994,0.023482,0.002970,0.000265
26176000,1.3415,0.039994,0.023482,0.002970,0.000007
26177000,1.3415,0.039994,0.023482,0.002970,0.000000
26178000,1.3415,0.039994,0.023482,0.002970,0.000000
26179000,1.3415,0.039994,0.023482,0.002970,0.000062
26180000,1.3415,0.039994,0.023482,0.002970,0.000468
26181000,1.3415,0.039994,0.023482,0.002970,0.000021
26182000,1.3415,0.039994,0.023482,0.002970,0.000000
26183000,1.3415,0.039994,0.023482,0.002970,0.000274
26184000,1.3415,0.039994,0.023482,0.002970,0.000000
26185000,1.3415,0.039994,0.023482,0.002970,0.000000
26186000,1.3415,0.039994,0.023482,0.002970,0.000007
26187000,1.3415,0.039994,0.023482,0.002970,0.000007
26188000,1.3415,0.039994,0.023482,0.002970,0.000226
26189000,1.3415,0.039994,0.023482,0.002970,0.000251
26190000,1.3415,0.039994,0.023482,0.002970,0.000000
26191000,1.3415,0.039994,0.023482,0.002970,0.000000
26192000,1.3415,0.039994,0.023482,0.002970,0.000000
26193000,1.3415,0.039994,0.023482,0.002970,0.001076
26194000,1.3415,0.039994,0.023482,0.002970,0.000068
26195000,1.3415,0.039994,0.023482,0.002970,0.000000
26196000,1.3415,0.039994,0.023482,0.002970,0.000007
26197000,1.3415,0.039994,0.023482,0.002970,0.000000
26198000,1.3415,0.039994,0.023482,0.002970,0.000000
26199000,1.3415,0.039994,0.023482,0.002970,0.000524
26200000,1.3415,0.039994,0.023482,0.002970,0.000919
26201000,1.3415,0.039994,0.023482,0.002970,0.000230
26202000,1.3415,0.039994,0.023482,0.002970,0.000205
26203000,1.3415,0.039994,0.023482,0.002970,0.000000
26204000,1.3415,0.039994,0.023482,0.002970,0.000000
26205000,1.3415,0.039994,0.023482,0.002970,0.000000
26206000,1.3415,0.039994,0.023482,0.002970,0.000386
26207000,1.3415,0.039994,0.023482,0.002970,0.000294
26208000,1.3415,0.039994,0.023482,0.002970,0.000061
26209000,1.3415,0.039994,0.023482,0.002970,0.000000
26210000,1.3415,0.039994,0.023482,0.002970,0.000000
26211000,1.3415,0.039994,0.023482,0.002970,0.000000
26212000,1.3415,0.039994,0.023482,0.002970,0.000007
26213000,1.3415,0.039994,0.023482,0.002970,0.000600
26214000,1.3415,0.039994,0.023482,0.002970,0.000235
26215000,1.3415,0.039994,0.023482,0.002970,0.000045
26216000,1.3415,0.039994,0.023482,0.002970,0.000000
26217000,1.3415,0.039994,0.023482,0.002970,0.000000
26218000,1.3415,0.039994,0.023482,0.002970,0.000000
26219000,1.3415,0.039994,0.023482,0.002970,0.000030
26220000,1.3415,0.039994,0.023482,0.002970,0.000855
26221000,1.3415,0.039994,0.023482,0.002970,0.000028
26222000,1.3415,0.039994,0.023482,0.002970,0.000000
26223000,1.3415,0.039994,0.023482,0.002970,0.000000
26224000,1.3415,0.039994,0.023482,0.002970,0.000000
26225000,1.3415,0.039994,0.023482,0.002970,0.000251
26226000,1.3415,0.039994,0.023482,0.002970,0.000358
26227000,1.3415,0.039994,0.023482,0.002970,0.000280
26228000,1.3415,0.039994,0.023482,0.002970,0.000454
26229000,1.3415,0.039994,0.023482,0.002970,0.000000
26230000,1.3415,0.039994,0.023482,0.002970,0.000000
26231000,1.3415,0.039994,0.023482,0.002970,0.000068
26232000,1.3415,0.039994,0.023482,0.002970,0.000007
26233000,1.3415,0.039994,0.023482,0.002970,0.000344
26234000,1.3415,0.039994,0.023482,0.002970,0.000458
26235000,1.3415,0.039994,0.023482,0.002970,0.000000
26236000,1.3415,0.039994,0.023482,0.002970,0.000000
26237000,1.3415,0.039994,0.023482,0.002970,0.000000
26238000,1.3415,0.039994,0.023482,0.002970,0.000235
26239000,1.3415,0.039994,0.023482,0.002970,0.000385
26240000,1.3415,0.039994,0.023482,0.002970,0.000102
26241000,1.3415,0.039994,0.023482,0.002970,0.000796
26242000,1.3415,0.039994,0.023482,0.002970,0.000000
26243000,1.3415,0.039994,0.023482,0.002970,0.000000
26244000,1.3415,0.039994,0.023482,0.002970,0.000419
26245000,1.3415,0.039994,0.023482,0.002970,0.000201
26246000,1.3415,0.039994,0.023482,0.002970,0.000547
26247000,1.3415,0.039994,0.023482,0.002970,0.000130
26248000,1.3415,0.039994,0.023482,0.002970,0.000000
26249000,1.3415,0.039994,0.023482,0.002970,0.000000
26250000,1.3415,0.039994,0.023482,0.002970,0.000000
26251000,1.3415,0.039994,0.023482,0.002970,0.000214
26252000,1.3415,0.039994,0.023482,0.002970,0.000167
26253000,1.3415,0.039994,0.023482,0.002970,0.000007
26254000,1.3415,0.039994,0.023482,0.002970,0.000007
26255000,1.3415,0.039994,0.023482,0.002970,0.000000
26256000,1.3415,0.039994,0.023482,0.002970,0.000000
26257000,1.3415,0.039994,0.023482,0.002970,0.000068
26258000,1.3415,0.039994,0.023482,0.002970,0.000082
26259000,1.3415,0.039994,0.023482,0.002970,0.000137
26260000,1.3415,0.039994,0.023482,0.002970,0.000160
26261000,1.3415,0.039994,0.023482,0.002970,0.000000
26262000,1.3415,0.039994,0.023482,0.002970,0.000000
26263000,1.3415,0.039994,0.023482,0.002970,0.000000
26264000,1.3415,0.039994,0.023482,0.002970,0.000394
26265000,1.3415,0.039994,0.023482,0.002970,0.000417
26266000,1.3415,0.039994,0.023482,0.002970,0.000077
26267000,1.3415,0.039994,0.023482,0.002970,0.000050
26268000,1.3415,0.039994,0.023482,0.002970,0.000000
26269000,1.3415,0.039994,0.023482,0.002970,0.000000
26270000,1.3415,0.039994,0.023482,0.002970,0.000256
26271000,1.3415,0.039994,0.023482,0.002970,0.000053
26272000,1.3415,0.039994,0.023482,0.002970,0.000007
26273000,1.3415,0.039994,0.023482,0.002970,0.000586
26274000,1.3415,0.039994,0.023482,0.002970,0.000000
26275000,1.3415,0.039994,0.023482,0.002970,0.000000
26276000,1.3415,0.039994,0.023482,0.002970,0.000032
26277000,1.3415,0.039994,0.023482,0.002970,0.000167
26278000,1.3415,0.039994,0.023482,0.002970,0.000121
26279000,1.3415,0.039994,0.023482,0.002970,0.000007
26280000,1.3415,0.039994,0.023482,0.002970,0.000000
26281000,1.3415,0.039994,0.023482,0.002970,0.000000
26282000,1.3415,0.039994,0.023482,0.002970,0.000000
26283000,1.3415,0.039994,0.023482,0.002970,0.000061
26284000,1.3415,0.039994,0.023482,0.002970,0.000928
26285000,1.3415,0.039994,0.023482,0.002970,0.000000
26286000,1.3415,0.039994,0.023482,0.002970,0.000053
26287000,1.3415,0.039994,0.023482,0.002970,0.000000
26288000,1.3415,0.039994,0.023482,0.002970,0.000000
26289000,1.3415,0.039994,0.023482,0.002970,0.000068
26290000,1.3415,0.039994,0.023482,0.002970,0.000053
26291000,1.3415,0.039994,0.023482,0.002970,0.000661
26292000,1.3415,0.039994,0.023482,0.002970,0.000175
26293000,1.3415,0.039994,0.023482,0.002970,0.000000
26294000,1.3415,0.039994,0.023482,0.002970,0.000000
26295000,1.3415,0.039994,0.023482,0.002970,0.000000
26296000,1.3415,0.039994,0.023482,0.002970,0.000812
26297000,1.3415,0.039994,0.023482,0.002970,0.000370
26298000,1.3415,0.039994,0.023482,0.002970,0.000000
26299000,1.3415,0.039994,0.023482,0.002970,0.000151
26300000,1.3415,0.039994,0.023482,0.002970,0.000000
26301000,1.3415,0.039994,0.023482,0.002970,0.000000
26302000,1.3415,0.039994,0.023482,0.002970,0.000000
26303000,1.3415,0.039994,0.023482,0.002970,0.000153
26304000,1.3415,0.039994,0.023482,0.002970,0.000816
26305000,1.3415,0.039994,0.023482,0.002970,0.000059
26306000,1.3415,0.039994,0.023482,0.002970,0.000000
26307000,1.3415,0.039994,0.023482,0.002970,0.000360
26308000,1.3415,0.039994,0.023482,0.002970,0.000014
26309000,1.3415,0.039994,0.023482,0.002970,0.000305
26310000,1.3415,0.039994,0.023482,0.002970,0.000121
26311000,1.3415,0.039994,0.023482,0.002970,0.000000
26312000,1.3415,0.039994,0.023482,0.002970,0.000000
26313000,1.3415,0.039994,0.023482,0.002970,0.000000
26314000,1.3415,0.039994,0.023482,0.002970,0.000212
26315000,1.3415,0.039994,0.023482,0.002970,0.000068
26316000,1.3415,0.039994,0.023482,0.002970,0.000173
26317000,1.3415,0.039994,0.023482,0.002970,0.000385
26318000,1.3415,0.039994,0.023482,0.002970,0.000000
26319000,1.3415,0.039994,0.023482,0.002970,0.000000
26320000,1.3415,0.039994,0.023482,0.002970,0.000130
26321000,1.3415,0.039994,0.023482,0.002970,0.000000
26322000,1.3415,0.039994,0.023482,0.002970,0.000198
26323000,1.3415,0.039994,0.023482,0.002970,0.001097
26324000,1.3415,0.039994,0.023482,0.002970,0.000091
26325000,1.3415,0.039994,0.023482,0.002970,0.000023
26326000,1.3415,0.039994,0.023482,0.002970,0.000000
26327000,1.3415,0.039994,0.023482,0.002970,0.000440
26328000,1.3415,0.039994,0.023482,0.002970,0.000426
26329000,1.3415,0.039994,0.023482,0.002970,0.000000
26330000,1.3415,0.039994,0.023482,0.002970,0.000449
26331000,1.3415,0.039994,0.023482,0.002970,0.000000
26332000,1.3415,0.039994,0.023482,0.002970,0.000045
26333000,1.3415,0.039994,0.023482,0.002970,0.000061
26334000,1.3415,0.039994,0.023482,0.002970,0.000000
26335000,1.3415,0.039994,0.023482,0.002970,0.000007
26336000,1.3415,0.039994,0.023482,0.002970,0.000203
26337000,1.3415,0.039994,0.023482,0.002970,0.000068
26338000,1.3415,0.039994,0.023482,0.002970,0.000251
26339000,1.3415,0.039994,0.023482,0.002970,0.000244
26340000,1.3415,0.039994,0.023482,0.002970,0.000256
26341000,1.3415,0.039994,0.023482,0.002970,0.000191
26342000,1.3415,0.039994,0.023482,0.002970,0.000000
26343000,1.3415,0.039994,0.023482,0.002970,0.000142
26344000,1.3415,0.039994,0.023482,0.002970,0.000091
26345000,1.3415,0.039994,0.023482,0.002970,0.000388
26346000,1.3415,0.039994,0.023482,0.002970,0.000128
26347000,1.3415,0.039994,0.023482,0.002970,0.000000
26348000,1.3415,0.039994,0.023482,0.002970,0.000221
26349000,1.3415,0.039994,0.023482,0.002970,0.000000
26350000,1.3415,0.039994,0.023482,0.002970,0.000228
26351000,1.3415,0.039994,0.023482,0.002970,0.000036
26352000,1.3415,0.039994,0.023482,0.002970,0.000000
26353000,1.3415,0.039994,0.023482,0.002970,0.000221
26354000,1.3415,0.039994,0.023482,0.002970,0.000061
26355000,1.3415,0.039994,0.023482,0.002970,0.000000
26356000,1.3415,0.039994,0.023482,0.002970,0.000251
26357000,1.3415,0.039994,0.023482,0.002970,0.000319
26358000,1.3415,0.039994,0.023482,0.002970,0.000000
26359000,1.3415,0.039994,0.023482,0.002970,0.000062
26360000,1.3415,0.039994,0.023482,0.002970,0.000235
26361000,1.3415,0.039994,0.023482,0.002970,0.000198
26362000,1.3415,0.039994,0.023482,0.002970,0.000158
26363000,1.3415,0.039994,0.023482,0.002970,0.000014
26364000,1.3415,0.039994,0.023482,0.002970,0.000000
26365000,1.3415,0.039994,0.023482,0.002970,0.000219
26366000,1.3415,0.039994,0.023482,0.002970,0.000410
26367000,1.3415,0.039994,0.023482,0.002970,0.000803
26368000,1.3415,0.039994,0.023482,0.002970,0.000089
26369000,1.3415,0.039994,0.023482,0.002970,0.000000
26370000,1.3415,0.039994,0.023482,0.002970,0.000000
26371000,1.3415,0.039994,0.023482,0.002970,0.000000
26372000,1.3415,0.039994,0.023482,0.002970,0.000244
26373000,1.3415,0.039994,0.023482,0.002970,0.000198
26374000,1.3415,0.039994,0.023482,0.002970,0.000153
26375000,1.3415,0.039994,0.023482,0.002970,0.000000
26376000,1.3415,0.039994,0.023482,0.002970,0.000150
26377000,1.3415,0.039994,0.023482,0.002970,0.000000
26378000,1.3415,0.039994,0.023482,0.002970,0.000023
26379000,1.3415,0.039994,0.023482,0.002970,0.000264
26380000,1.3415,0.039994,0.023482,0.002970,0.000023
26381000,1.3415,0.039994,0.023482,0.002970,0.000000
26382000,1.3415,0.039994,0.023482,0.002970,0.000000
26383000,1.3415,0.039994,0.023482,0.002970,0.000000
26384000,1.3415,0.039994,0.023482,0.002970,0.000000
26385000,1.3415,0.039994,0.023482,0.002970,0.000442
26386000,1.3415,0.039994,0.023482,0.002970,0.000182
26387000,1.3415,0.039994,0.023482,0.002970,0.000028
26388000,1.3415,0.039994,0.023482,0.002970,0.000000
26389000,1.3415,0.039994,0.023482,0.002970,0.000000
26390000,1.3415,0.039994,0.023482,0.002970,0.000000
26391000,1.3415,0.039994,0.023482,0.002970,0.000198
26392000,1.3415,0.039994,0.023482,0.002970,0.000848
26393000,1.3415,0.039994,0.023482,0.002970,0.000160
26394000,1.3415,0.039994,0.023482,0.002970,0.000000
26395000,1.3415,0.039994,0.023482,0.002970,0.000000
26396000,1.3415,0.039994,0.023482,0.002970,0.000000
26397000,1.3415,0.039994,0.023482,0.002970,0.000046
26398000,1.3415,0.039994,0.023482,0.002970,0.000214
26399000,1.3415,0.039994,0.023482,0.002970,0.000431
26400000,1.3415,0.039994,0.023482,0.002970,0.000007
26401000,1.3415,0.039994,0.023482,0.002970,0.000000
26402000,1.3415,0.039994,0.023482,0.002970,0.000000
26403000,1.3415,0.039994,0.023482,0.002970,0.000000
26404000,1.3415,0.039994,0.023482,0.002970,0.000281
26405000,1.3415,0.039994,0.023482,0.002970,0.000741
26406000,1.3415,0.039994,0.023482,0.002970,0.000114
26407000,1.3415,0.039994,0.023482,0.002970,0.000000
26408000,1.3415,0.039994,0.023482,0.002970,0.000000
26409000,1.3415,0.039994,0.023482,0.002970,0.000000
26410000,1.3415,0.039994,0.023482,0.002970,0.000315
26411000,1.3415,0.039994,0.023482,0.002970,0.000579
26412000,1.3415,0.039994,0.023482,0.002970,0.000142
26413000,1.3415,0.039994,0.023482,0.002970,0.000000
26414000,1.3415,0.039994,0.023482,0.002970,0.000267
26415000,1.3415,0.039994,0.023482,0.002970,0.000091
26416000,1.3415,0.039994,0.023482,0.002970,0.000000
26417000,1.3415,0.039994,0.023482,0.002970,0.000114
26418000,1.3415,0.039994,0.023482,0.002970,0.000363
26419000,1.3415,0.039994,0.023482,0.002970,0.000000
26420000,1.3415,0.039994,0.023482,0.002970,0.000000
26421000,1.3415,0.039994,0.023482,0.002970,0.000077
26422000,1.3415,0.039994,0.023482,0.002970,0.000121
26423000,1.3415,0.039994,0.023482,0.002970,0.000000
26424000,1.3415,0.039994,0.023482,0.002970,0.000272
26425000,1.3415,0.039994,0.023482,0.002970,0.000007
26426000,1.3415,0.039994,0.023482,0.002970,0.000000
26427000,1.3415,0.039994,0.023482,0.002970,0.000061
26428000,1.3415,0.039994,0.023482,0.002970,0.000098
26429000,1.3415,0.039994,0.023482,0.002970,0.000167
26430000,1.3415,0.039994,0.023482,0.002970,0.000477
26431000,1.3415,0.039994,0.023482,0.002970,0.000474
26432000,1.3415,0.039994,0.023482,0.002970,0.000000
26433000,1.3415,0.039994,0.023482,0.002970,0.000000
26434000,1.3415,0.039994,0.023482,0.002970,0.000000
26435000,1.3415,0.039994,0.023482,0.002970,0.000030
26436000,1.3415,0.039994,0.023482,0.002970,0.000205
26437000,1.3415,0.039994,0.023482,0.002970,0.000251
26438000,1.3415,0.039994,0.023482,0.002970,0.000000
26439000,1.3415,0.039994,0.023482,0.002970,0.000000
26440000,1.3415,0.039994,0.023482,0.002970,0.000358
26441000,1.3415,0.039994,0.023482,0.002970,0.000205
26442000,1.3415,0.039994,0.023482,0.002970,0.000000
26443000,1.3415,0.039994,0.023482,0.002970,0.000007
26444000,1.3415,0.039994,0.023482,0.002970,0.000000
26445000,1.3415,0.039994,0.023482,0.002970,0.000000
26446000,1.3415,0.039994,0.023482,0.002970,0.000000
26447000,1.3415,0.039994,0.023482,0.002970,0.000107
26448000,1.3415,0.039994,0.023482,0.002970,0.000290
26449000,1.3415,0.039994,0.023482,0.002970,0.000000
26450000,1.3415,0.039994,0.023482,0.002970,0.000000
26451000,1.3415,0.039994,0.023482,0.002970,0.000000
26452000,1.3415,0.039994,0.023482,0.002970,0.000000
26453000,1.3415,0.039994,0.023482,0.002970,0.000201
26454000,1.3415,0.039994,0.023482,0.002970,0.000557
26455000,1.3415,0.039994,0.023482,0.002970,0.000000
26456000,1.3415,0.039994,0.023482,0.002970,0.000000
26457000,1.3415,0.039994,0.023482,0.002970,0.000000
26458000,1.3415,0.039994,0.023482,0.002970,0.000000
26459000,1.3415,0.039994,0.023482,0.002970,0.000089
26460000,1.3415,0.039994,0.023482,0.002970,0.000365
26461000,1.3415,0.039994,0.023482,0.002970,0.000297
26462000,1.3415,0.039994,0.023482,0.002970,0.000000
26463000,1.3415,0.039994,0.023482,0.002970,0.000000
26464000,1.3415,0.039994,0.023482,0.002970,0.000000
26465000,1.3415,0.039994,0.023482,0.002970,0.000000
26466000,1.3415,0.039994,0.023482,0.002970,0.000597
26467000,1.3415,0.039994,0.023482,0.002970,0.000014
26468000,1.3415,0.039994,0.023482,0.002970,0.000000
26469000,1.3415,0.039994,0.023482,0.002970,0.000000
26470000,1.3415,0.039994,0.023482,0.002970,0.000000
26471000,1.3415,0.039994,0.023482,0.002970,0.000000
26472000,1.3415,0.039994,0.023482,0.002970,0.000160
26473000,1.3415,0.039994,0.023482,0.002970,0.000310
26474000,1.3415,0.039994,0.023482,0.002970,0.000069
26475000,1.3415,0.039994,0.023482,0.002970,0.000000
26476000,1.3415,0.039994,0.023482,0.002970,0.000000
26477000,1.3415,0.039994,0.023482,0.002970,0.000000
26478000,1.3415,0.039994,0.023482,0.002970,0.000000
26479000,1.3415,0.039994,0.023482,0.002970,0.000716
26480000,1.3415,0.039994,0.023482,0.002970,0.000905
26481000,1.3415,0.039994,0.023482,0.002970,0.000000
26482000,1.3415,0.039994,0.023482,0.002970,0.000000
26483000,1.3415,0.039994,0.023482,0.002970,0.000000
26484000,1.3415,0.039994,0.023482,0.002970,0.000000
26485000,1.3415,0.039994,0.023482,0.002970,0.000226
26486000,1.3415,0.039994,0.023482,0.002970,0.000614
26487000,1.3415,0.039994,0.023482,0.002970,0.000000
26488000,1.3415,0.039994,0.023482,0.002970,0.000000
26489000,1.3415,0.039994,0.023482,0.002970,0.000000
26490000,1.3415,0.039994,0.023482,0.002970,0.000000
26491000,1.3415,0.039994,0.023482,0.002970,0.000636
26492000,1.3415,0.039994,0.023482,0.002970,0.000394
26493000,1.3415,0.039994,0.023482,0.002970,0.000191
26494000,1.3415,0.039994,0.023482,0.002970,0.000014
26495000,1.3415,0.039994,0.023482,0.002970,0.000000
26496000,1.3415,0.039994,0.023482,0.002970,0.000000
26497000,1.3415,0.039994,0.023482,0.002970,0.000007
26498000,1.3415,0.039994,0.023482,0.002970,0.000228
26499000,1.3415,0.039994,0.023482,0.002970,0.000068
26500000,1.3415,0.039994,0.023482,0.002970,0.000493
26501000,1.3415,0.039994,0.023482,0.002970,0.000137
26502000,1.3415,0.039994,0.023482,0.002970,0.000000
26503000,1.3415,0.039994,0.023482,0.002970,0.000000
26504000,1.3415,0.039994,0.023482,0.002970,0.000007
26505000,1.3415,0.039994,0.023482,0.002970,0.000166
26506000,1.3415,0.039994,0.023482,0.002970,0.000210
26507000,1.3415,0.039994,0.023482,0.002970,0.000007
26508000,1.3415,0.039994,0.023482,0.002970,0.000000
26509000,1.3415,0.039994,0.023482,0.002970,0.000000
26510000,1.3415,0.039994,0.023482,0.002970,0.000493
26511000,1.3415,0.039994,0.023482,0.002970,0.000061
26512000,1.3415,0.039994,0.023482,0.002970,0.000296
26513000,1.3415,0.039994,0.023482,0.002970,0.000151
26514000,1.3415,0.039994,0.023482,0.002970,0.000061
26515000,1.3415,0.039994,0.023482,0.002970,0.000000
26516000,1.3415,0.039994,0.023482,0.002970,0.000000
26517000,1.3415,0.039994,0.023482,0.002970,0.000153
26518000,1.3415,0.039994,0.023482,0.002970,0.000267
26519000,1.3415,0.039994,0.023482,0.002970,0.000007
26520000,1.3415,0.039994,0.023482,0.002970,0.000045
26521000,1.3415,0.039994,0.023482,0.002970,0.000000
26522000,1.3415,0.039994,0.023482,0.002970,0.000000
26523000,1.3415,0.039994,0.023482,0.002970,0.000151
26524000,1.3415,0.039994,0.023482,0.002970,0.000023
26525000,1.3415,0.039994,0.023482,0.002970,0.000185
26526000,1.3415,0.039994,0.023482,0.002970,0.000077
26527000,1.3415,0.039994,0.023482,0.002970,0.000280
26528000,1.3415,0.039994,0.023482,0.002970,0.000000
26529000,1.3415,0.039994,0.023482,0.002970,0.000000
26530000,1.3415,0.039994,0.023482,0.002970,0.000068
26531000,1.3415,0.039994,0.023482,0.002970,0.000000
26532000,1.3415,0.039994,0.023482,0.002970,0.000000
26533000,1.3415,0.039994,0.023482,0.002970,0.000119
26534000,1.3415,0.039994,0.023482,0.002970,0.000030
26535000,1.3415,0.039994,0.023482,0.002970,0.000000
26536000,1.3415,0.039994,0.023482,0.002970,0.000349
26537000,1.3415,0.039994,0.023482,0.002970,0.000403
26538000,1.3415,0.039994,0.023482,0.002970,0.000000
26539000,1.3415,0.039994,0.023482,0.002970,0.000023
26540000,1.3415,0.039994,0.023482,0.002970,0.000000
26541000,1.3415,0.039994,0.023482,0.002970,0.000000
26542000,1.3415,0.039994,0.023482,0.002970,0.000230
26543000,1.3415,0.039994,0.023482,0.002970,0.000326
26544000,1.3415,0.039994,0.023482,0.002970,0.000000
26545000,1.3415,0.039994,0.023482,0.002970,0.000007
26546000,1.3415,0.039994,0.023482,0.002970,0.000053
26547000,1.3415,0.039994,0.023482,0.002970,0.000068
26548000,1.3415,0.039994,0.023482,0.002970,0.000045
26549000,1.3415,0.039994,0.023482,0.002970,0.000435
26550000,1.3415,0.039994,0.023482,0.002970,0.000007
26551000,1.3415,0.039994,0.023482,0.002970,0.000000
26552000,1.3415,0.039994,0.023482,0.002970,0.000053
26553000,1.3415,0.039994,0.023482,0.002970,0.000166
26554000,1.3415,0.039994,0.023482,0.002970,0.000000
26555000,1.3415,0.039994,0.023482,0.002970,0.000260
26556000,1.3415,0.039994,0.023482,0.002970,0.000493
26557000,1.3415,0.039994,0.023482,0.002970,0.000000
26558000,1.3415,0.039994,0.023482,0.002970,0.000310
26559000,1.3415,0.039994,0.023482,0.002970,0.000175
26560000,1.3415,0.039994,0.023482,0.002970,0.000137
26561000,1.3415,0.039994,0.023482,0.002970,0.000030
26562000,1.3415,0.039994,0.023482,0.002970,0.000230
26563000,1.3415,0.039994,0.023482,0.002970,0.000061
26564000,1.3415,0.039994,0.023482,0.002970,0.000000
26565000,1.3415,0.039994,0.023482,0.002970,0.000488
26566000,1.3415,0.039994,0.023482,0.002970,0.000312
26567000,1.3415,0.039994,0.023482,0.002970,0.000000
26568000,1.3415,0.039994,0.023482,0.002970,0.000301
26569000,1.3415,0.039994,0.023482,0.002970,0.000258
26570000,1.3415,0.039994,0.023482,0.002970,0.000449
26571000,1.3415,0.039994,0.023482,0.002970,0.000000
26572000,1.3415,0.039994,0.023482,0.002970,0.000000
26573000,1.3415,0.039994,0.023482,0.002970,0.000046
26574000,1.3415,0.039994,0.023482,0.002970,0.000139
26575000,1.3415,0.039994,0.023482,0.002970,0.000000
26576000,1.3415,0.039994,0.023482,0.002970,0.000119
26577000,1.3415,0.039994,0.023482,0.002970,0.000000
26578000,1.3415,0.039994,0.023482,0.002970,0.000135
26579000,1.3415,0.039994,0.023482,0.002970,0.000121
26580000,1.3415,0.039994,0.023482,0.002970,0.000157
26581000,1.3415,0.039994,0.023482,0.002970,0.000499
26582000,1.3415,0.039994,0.023482,0.002970,0.000007
26583000,1.3415,0.039994,0.023482,0.002970,0.000000
26584000,1.3415,0.039994,0.023482,0.002970,0.000000
26585000,1.3415,0.039994,0.023482,0.002970,0.000000
26586000,1.3415,0.039994,0.023482,0.002970,0.000235
26587000,1.3415,0.039994,0.023482,0.002970,0.000303
26588000,1.3415,0.039994,0.023482,0.002970,0.000014
26589000,1.3415,0.039994,0.023482,0.002970,0.000000
26590000,1.3415,0.039994,0.023482,0.002970,0.000000
26591000,1.3415,0.039994,0.023482,0.002970,0.000000
26592000,1.3415,0.039994,0.023482,0.002970,0.000000
26593000,1.3415,0.039994,0.023482,0.002970,0.000150
26594000,1.3415,0.039994,0.023482,0.002970,0.000312
26595000,1.3415,0.039994,0.023482,0.002970,0.000000
26596000,1.3415,0.039994,0.023482,0.002970,0.000000
26597000,1.3415,0.039994,0.023482,0.002970,0.000000
26598000,1.3415,0.039994,0.023482,0.002970,0.000000
26599000,1.3415,0.039994,0.023482,0.002970,0.000135
26600000,1.3415,0.039994,0.023482,0.002970,0.000588
26601000,1.3415,0.039994,0.023482,0.002970,0.000395
26602000,1.3415,0.039994,0.023482,0.002970,0.000251
26603000,1.3415,0.039994,0.023482,0.002970,0.000000
26604000,1.3415,0.039994,0.023482,0.002970,0.000189
26605000,1.3415,0.039994,0.023482,0.002970,0.000198
26606000,1.3415,0.039994,0.023482,0.002970,0.000112
26607000,1.3415,0.039994,0.023482,0.002970,0.000242
26608000,1.3415,0.039994,0.023482,0.002970,0.000007
26609000,1.3415,0.039994,0.023482,0.002970,0.000000
26610000,1.3415,0.039994,0.023482,0.002970,0.000158
26611000,1.3415,0.039994,0.023482,0.002970,0.000023
26612000,1.3415,0.039994,0.023482,0.002970,0.000191
26613000,1.3415,0.039994,0.023482,0.002970,0.000175
26614000,1.3415,0.039994,0.023482,0.002970,0.000217
26615000,1.3415,0.039994,0.023482,0.002970,0.000037
26616000,1.3415,0.039994,0.023482,0.002970,0.000000
26617000,1.3415,0.039994,0.023482,0.002970,0.000014
26618000,1.3415,0.039994,0.023482,0.002970,0.000028
26619000,1.3415,0.039994,0.023482,0.002970,0.000000
26620000,1.3415,0.039994,0.023482,0.002970,0.000023
26621000,1.3415,0.039994,0.023482,0.002970,0.000419
26622000,1.3415,0.039994,0.023482,0.002970,0.000287
26623000,1.3415,0.039994,0.023482,0.002970,0.000289
26624000,1.3415,0.039994,0.023482,0.002970,0.000061
26625000,1.3415,0.039994,0.023482,0.002970,0.000007
26626000,1.3415,0.039994,0.023482,0.002970,0.000000
26627000,1.3415,0.039994,0.023482,0.002970,0.000000
26628000,1.3415,0.039994,0.023482,0.002970,0.000091
26629000,1.3415,0.039994,0.023482,0.002970,0.000014
26630000,1.3415,0.039994,0.023482,0.002970,0.000023
26631000,1.3415,0.039994,0.023482,0.002970,0.000570
26632000,1.3415,0.039994,0.023482,0.002970,0.000000
26633000,1.3415,0.039994,0.023482,0.002970,0.000000
26634000,1.3415,0.039994,0.023482,0.002970,0.000180
26635000,1.3415,0.039994,0.023482,0.002970,0.000114
26636000,1.3415,0.039994,0.023482,0.002970,0.000534
26637000,1.3415,0.039994,0.023482,0.002970,0.000000
26638000,1.3415,0.039994,0.023482,0.002970,0.000014
26639000,1.3415,0.039994,0.023482,0.002970,0.000000
26640000,1.3415,0.039994,0.023482,0.002970,0.000183
26641000,1.3415,0.039994,0.023482,0.002970,0.000570
26642000,1.3415,0.039994,0.023482,0.002970,0.000007
26643000,1.3415,0.039994,0.023482,0.002970,0.000000
26644000,1.3415,0.039994,0.023482,0.002970,0.000132
26645000,1.3415,0.039994,0.023482,0.002970,0.000477
26646000,1.3415,0.039994,0.023482,0.002970,0.000000
26647000,1.3415,0.039994,0.023482,0.002970,0.000021
26648000,1.3415,0.039994,0.023482,0.002970,0.000720
26649000,1.3415,0.039994,0.023482,0.002970,0.000000
26650000,1.3415,0.039994,0.023482,0.002970,0.000053
26651000,1.3415,0.039994,0.023482,0.002970,0.000331
26652000,1.3415,0.039994,0.023482,0.002970,0.000000
26653000,1.3415,0.039994,0.023482,0.002970,0.000167
26654000,1.3415,0.039994,0.023482,0.002970,0.000158
26655000,1.3415,0.039994,0.023482,0.002970,0.000000
26656000,1.3415,0.039994,0.023482,0.002970,0.000000
26657000,1.3415,0.039994,0.023482,0.002970,0.000944
26658000,1.3415,0.039994,0.023482,0.002970,0.000014
26659000,1.3415,0.039994,0.023482,0.002970,0.000000
26660000,1.3415,0.039994,0.023482,0.002970,0.000098
26661000,1.3415,0.039994,0.023482,0.002970,0.000214
26662000,1.3415,0.039994,0.023482,0.002970,0.000000
26663000,1.3415,0.039994,0.023482,0.002970,0.000014
26664000,1.3415,0.039994,0.023482,0.002970,0.000216
26665000,1.3415,0.039994,0.023482,0.002970,0.000000
26666000,1.3415,0.039994,0.023482,0.002970,0.000000
26667000,1.3415,0.039994,0.023482,0.002970,0.000007
26668000,1.3415,0.039994,0.023482,0.002970,0.000372
26669000,1.3415,0.039994,0.023482,0.002970,0.000000
26670000,1.3415,0.039994,0.023482,0.002970,0.000440
26671000,1.3415,0.039994,0.023482,0.002970,0.000030
26672000,1.3415,0.039994,0.023482,0.002970,0.000023
26673000,1.3415,0.039994,0.023482,0.002970,0.000000
26674000,1.3415,0.039994,0.023482,0.002970,0.000189
26675000,1.3415,0.039994,0.023482,0.002970,0.000062
26676000,1.3415,0.039994,0.023482,0.002970,0.000000
26677000,1.3415,0.039994,0.023482,0.002970,0.000207
26678000,1.3415,0.039994,0.023482,0.002970,0.000000
26679000,1.3415,0.039994,0.023482,0.002970,0.000210
26680000,1.3415,0.039994,0.023482,0.002970,0.000082
26681000,1.3415,0.039994,0.023482,0.002970,0.000007
26682000,1.3415,0.039994,0.023482,0.002970,0.000000
26683000,1.3415,0.039994,0.023482,0.002970,0.000091
26684000,1.3415,0.039994,0.023482,0.002970,0.000023
26685000,1.3415,0.039994,0.023482,0.002970,0.000014
26686000,1.3415,0.039994,0.023482,0.002970,0.000413
26687000,1.3415,0.039994,0.023482,0.002970,0.000328
26688000,1.3415,0.039994,0.023482,0.002970,0.000000
26689000,1.3415,0.039994,0.023482,0.002970,0.000000
26690000,1.3415,0.039994,0.023482,0.002970,0.000007
26691000,1.3415,0.039994,0.023482,0.002970,0.000226
26692000,1.3415,0.039994,0.023482,0.002970,0.000028
26693000,1.3415,0.039994,0.023482,0.002970,0.000077
26694000,1.3415,0.039994,0.023482,0.002970,0.000052
26695000,1.3415,0.039994,0.023482,0.002970,0.000000
26696000,1.3415,0.039994,0.023482,0.002970,0.000000
26697000,1.3415,0.039994,0.023482,0.002970,0.000182
26698000,1.3415,0.039994,0.023482,0.002970,0.000367
26699000,1.3415,0.039994,0.023482,0.002970,0.000000
26700000,1.3415,0.039994,0.023482,0.002970,0.000128
26701000,1.3415,0.039994,0.023482,0.002970,0.000037
26702000,1.3415,0.039994,0.023482,0.002970,0.000000
26703000,1.3415,0.039994,0.023482,0.002970,0.000000
26704000,1.3415,0.039994,0.023482,0.002970,0.000410
26705000,1.3415,0.039994,0.023482,0.002970,0.000007
26706000,1.3415,0.039994,0.023482,0.002970,0.000173
26707000,1.3415,0.039994,0.023482,0.002970,0.001086
26708000,1.3415,0.039994,0.023482,0.002970,0.000180
26709000,1.3415,0.039994,0.023482,0.002970,0.000000
26710000,1.3415,0.039994,0.023482,0.002970,0.000077
26711000,1.3415,0.039994,0.023482,0.002970,0.000180
26712000,1.3415,0.039994,0.023482,0.002970,0.000000
26713000,1.3415,0.039994,0.023482,0.002970,0.000123
26714000,1.3415,0.039994,0.023482,0.002970,0.000061
26715000,1.3415,0.039994,0.023482,0.002970,0.000000
26716000,1.3415,0.039994,0.023482,0.002970,0.000000
26717000,1.3415,0.039994,0.023482,0.002970,0.000091
26718000,1.3415,0.039994,0.023482,0.002970,0.000007
26719000,1.3415,0.039994,0.023482,0.002970,0.000007
26720000,1.3415,0.039994,0.023482,0.002970,0.000442
26721000,1.3415,0.039994,0.023482,0.002970,0.000000
26722000,1.3415,0.039994,0.023482,0.002970,0.000000
26723000,1.3415,0.039994,0.023482,0.002970,0.000000
26724000,1.3415,0.039994,0.023482,0.002970,0.000052
26725000,1.3415,0.039994,0.023482,0.002970,0.000000
26726000,1.3415,0.039994,0.023482,0.002970,0.000233
26727000,1.3415,0.039994,0.023482,0.002970,0.000100
26728000,1.3415,0.039994,0.023482,0.002970,0.000000
26729000,1.3415,0.039994,0.023482,0.002970,0.000000
26730000,1.3415,0.039994,0.023482,0.002970,0.000014
26731000,1.3415,0.039994,0.023482,0.002970,0.000000
26732000,1.3415,0.039994,0.023482,0.002970,0.000123
26733000,1.3415,0.039994,0.023482,0.002970,0.000119
26734000,1.3415,0.039994,0.023482,0.002970,0.000000
26735000,1.3415,0.039994,0.023482,0.002970,0.000000
26736000,1.3415,0.039994,0.023482,0.002970,0.000447
26737000,1.3415,0.039994,0.023482,0.002970,0.000379
26738000,1.3415,0.039994,0.023482,0.002970,0.000046
26739000,1.3415,0.039994,0.023482,0.002970,0.000053
26740000,1.3415,0.039994,0.023482,0.002970,0.000000
26741000,1.3415,0.039994,0.023482,0.002970,0.000000
26742000,1.3415,0.039994,0.023482,0.002970,0.000000
26743000,1.3415,0.039994,0.023482,0.002970,0.000791
26744000,1.3415,0.039994,0.023482,0.002970,0.000000
26745000,1.3415,0.039994,0.023482,0.002970,0.000707
26746000,1.3415,0.039994,0.023482,0.002970,0.000379
26747000,1.3415,0.039994,0.023482,0.002970,0.000000
26748000,1.3415,0.039994,0.023482,0.002970,0.000000
26749000,1.3415,0.039994,0.023482,0.002970,0.000456
26750000,1.3415,0.039994,0.023482,0.002970,0.000189
26751000,1.3415,0.039994,0.023482,0.002970,0.000000
26752000,1.3415,0.039994,0.023482,0.002970,0.000007
26753000,1.3415,0.039994,0.023482,0.002970,0.000000
26754000,1.3415,0.039994,0.023482,0.002970,0.000000
26755000,1.3415,0.039994,0.023482,0.002970,0.000000
26756000,1.3415,0.039994,0.023482,0.002970,0.000789
26757000,1.3415,0.039994,0.023482,0.002970,0.000053
26758000,1.3415,0.039994,0.023482,0.002970,0.000144
26759000,1.3415,0.039994,0.023482,0.002970,0.000000
26760000,1.3415,0.039994,0.023482,0.002970,0.000000
26761000,1.3415,0.039994,0.023482,0.002970,0.000000
26762000,1.3415,0.039994,0.023482,0.002970,0.000053
26763000,1.3415,0.039994,0.023482,0.002970,0.000541
26764000,1.3415,0.039994,0.023482,0.002970,0.000007
26765000,1.3415,0.039994,0.023482,0.002970,0.000000
26766000,1.3415,0.039994,0.023482,0.002970,0.000000
26767000,1.3415,0.039994,0.023482,0.002970,0.000000
26768000,1.3415,0.039994,0.023482,0.002970,0.000285
26769000,1.3415,0.039994,0.023482,0.002970,0.000014
26770000,1.3415,0.039994,0.023482,0.002970,0.000000
26771000,1.3415,0.039994,0.023482,0.002970,0.000517
26772000,1.3415,0.039994,0.023482,0.002970,0.000000
26773000,1.3415,0.039994,0.023482,0.002970,0.000000
26774000,1.3415,0.039994,0.023482,0.002970,0.000000
26775000,1.3415,0.039994,0.023482,0.002970,0.000077
26776000,1.3415,0.039994,0.023482,0.002970,0.000531
26777000,1.3415,0.039994,0.023482,0.002970,0.000014
26778000,1.3415,0.039994,0.023482,0.002970,0.000000
26779000,1.3415,0.039994,0.023482,0.002970,0.000000
26780000,1.3415,0.039994,0.023482,0.002970,0.000000
26781000,1.3415,0.039994,0.023482,0.002970,0.000114
26782000,1.3415,0.039994,0.023482,0.002970,0.000695
26783000,1.3415,0.039994,0.023482,0.002970,0.000000
26784000,1.3415,0.039994,0.023482,0.002970,0.000007
26785000,1.3415,0.039994,0.023482,0.002970,0.000000
26786000,1.3415,0.039994,0.023482,0.002970,0.000000
26787000,1.3415,0.039994,0.023482,0.002970,0.000000
26788000,1.3415,0.039994,0.023482,0.002970,0.000495
26789000,1.3415,0.039994,0.023482,0.002970,0.000100
26790000,1.3415,0.039994,0.023482,0.002970,0.000000
26791000,1.3415,0.039994,0.023482,0.002970,0.000000
26792000,1.3415,0.039994,0.023482,0.002970,0.000000
26793000,1.3415,0.039994,0.023482,0.002970,0.000000
26794000,1.3415,0.039994,0.023482,0.002970,0.000219
26795000,1.3415,0.039994,0.023482,0.002970,0.000166
26796000,1.3415,0.039994,0.023482,0.002970,0.000000
26797000,1.3415,0.039994,0.023482,0.002970,0.000000
26798000,1.3415,0.039994,0.023482,0.002970,0.000000
26799000,1.3415,0.039994,0.023482,0.002970,0.000000
26800000,1.3415,0.039994,0.023482,0.002970,0.000082
26801000,1.3415,0.039994,0.023482,0.002970,0.000322
26802000,1.3415,0.039994,0.023482,0.002970,0.000000
26803000,1.3415,0.039994,0.023482,0.002970,0.000000
26804000,1.3415,0.039994,0.023482,0.002970,0.000000
26805000,1.3415,0.039994,0.023482,0.002970,0.000000
26806000,1.3415,0.039994,0.023482,0.002970,0.000000
26807000,1.3415,0.039994,0.023482,0.002970,0.000021
26808000,1.3415,0.039994,0.023482,0.002970,0.000582
26809000,1.3415,0.039994,0.023482,0.002970,0.000000
26810000,1.3415,0.039994,0.023482,0.002970,0.000000
26811000,1.3415,0.039994,0.023482,0.002970,0.000000
26812000,1.3415,0.039994,0.023482,0.002970,0.000000
26813000,1.3415,0.039994,0.023482,0.002970,0.000000
26814000,1.3415,0.039994,0.023482,0.002970,0.000757
26815000,1.3415,0.039994,0.023482,0.002970,0.000007
26816000,1.3415,0.039994,0.023482,0.002970,0.000000
26817000,1.3415,0.039994,0.023482,0.002970,0.000000
26818000,1.3415,0.039994,0.023482,0.002970,0.000000
26819000,1.3415,0.039994,0.023482,0.002970,0.000007
26820000,1.3415,0.039994,0.023482,0.002970,0.000055
26821000,1.3415,0.039994,0.023482,0.002970,0.000386
26822000,1.3415,0.039994,0.023482,0.002970,0.000007
26823000,1.3415,0.039994,0.023482,0.002970,0.000000
26824000,1.3415,0.039994,0.023482,0.002970,0.000037
26825000,1.3415,0.039994,0.023482,0.002970,0.000021
26826000,1.3415,0.039994,0.023482,0.002970,0.000000
26827000,1.3415,0.039994,0.023482,0.002970,0.000272
26828000,1.3415,0.039994,0.023482,0.002970,0.000037
26829000,1.3415,0.039994,0.023482,0.002970,0.000166
26830000,1.3415,0.039994,0.023482,0.002970,0.000000
26831000,1.3415,0.039994,0.023482,0.002970,0.000198
26832000,1.3415,0.039994,0.023482,0.002970,0.000000
26833000,1.3415,0.039994,0.023482,0.002970,0.000037
26834000,1.3415,0.039994,0.023482,0.002970,0.000046
26835000,1.3415,0.039994,0.023482,0.002970,0.000007
26836000,1.3415,0.039994,0.023482,0.002970,0.000509
26837000,1.3415,0.039994,0.023482,0.002970,0.000007
26838000,1.3415,0.039994,0.023482,0.002970,0.000000
26839000,1.3415,0.039994,0.023482,0.002970,0.000000
26840000,1.3415,0.039994,0.023482,0.002970,0.000157
26841000,1.3415,0.039994,0.023482,0.002970,0.000098
26842000,1.3415,0.039994,0.023482,0.002970,0.000634
26843000,1.3415,0.039994,0.023482,0.002970,0.000000
26844000,1.3415,0.039994,0.023482,0.002970,0.000591
26845000,1.3415,0.039994,0.023482,0.002970,0.000000
26846000,1.3415,0.039994,0.023482,0.002970,0.000055
26847000,1.3415,0.039994,0.023482,0.002970,0.000196
26848000,1.3415,0.039994,0.023482,0.002970,0.000663
26849000,1.3415,0.039994,0.023482,0.002970,0.000021
26850000,1.3415,0.039994,0.023482,0.002970,0.000504
26851000,1.3415,0.039994,0.023482,0.002970,0.000445
26852000,1.3415,0.039994,0.023482,0.002970,0.000000
26853000,1.3415,0.039994,0.023482,0.002970,0.000000
26854000,1.3415,0.039994,0.023482,0.002970,0.000000
26855000,1.3415,0.039994,0.023482,0.002970,0.000153
26856000,1.3415,0.039994,0.023482,0.002970,0.000100
26857000,1.3415,0.039994,0.023482,0.002970,0.001231
26858000,1.3415,0.039994,0.023482,0.002970,0.000077
26859000,1.3415,0.039994,0.023482,0.002970,0.000000
26860000,1.3415,0.039994,0.023482,0.002970,0.000000
26861000,1.3415,0.039994,0.023482,0.002970,0.000037
26862000,1.3415,0.039994,0.023482,0.002970,0.000007
26863000,1.3415,0.039994,0.023482,0.002970,0.000030
26864000,1.3415,0.039994,0.023482,0.002970,0.000844
26865000,1.3415,0.039994,0.023482,0.002970,0.000000
26866000,1.3415,0.039994,0.023482,0.002970,0.000000
26867000,1.3415,0.039994,0.023482,0.002970,0.000158
26868000,1.3415,0.039994,0.023482,0.002970,0.001111
26869000,1.3415,0.039994,0.023482,0.002970,0.000000
26870000,1.3415,0.039994,0.023482,0.002970,0.000452
26871000,1.3415,0.039994,0.023482,0.002970,0.000007
26872000,1.3415,0.039994,0.023482,0.002970,0.000000
26873000,1.3415,0.039994,0.023482,0.002970,0.000000
26874000,1.3415,0.039994,0.023482,0.002970,0.000187
26875000,1.3415,0.039994,0.023482,0.002970,0.000000
26876000,1.3415,0.039994,0.023482,0.002970,0.000180
26877000,1.3415,0.039994,0.023482,0.002970,0.000100
26878000,1.3415,0.039994,0.023482,0.002970,0.000000
26879000,1.3415,0.039994,0.023482,0.002970,0.000000
26880000,1.3415,0.039994,0.023482,0.002970,0.000000
26881000,1.3415,0.039994,0.023482,0.002970,0.001377
26882000,1.3415,0.039994,0.023482,0.002970,0.000634
26883000,1.3415,0.039994,0.023482,0.002970,0.000700
26884000,1.3415,0.039994,0.023482,0.002970,0.000000
26885000,1.3415,0.039994,0.023482,0.002970,0.000000
26886000,1.3415,0.039994,0.023482,0.002970,0.000183
26887000,1.3415,0.039994,0.023482,0.002970,0.000000
26888000,1.3415,0.039994,0.023482,0.002970,0.000000
26889000,1.3415,0.039994,0.023482,0.002970,0.000353
26890000,1.3415,0.039994,0.023482,0.002970,0.000045
26891000,1.3415,0.039994,0.023482,0.002970,0.000000
26892000,1.3415,0.039994,0.023482,0.002970,0.000191
26893000,1.3415,0.039994,0.023482,0.002970,0.000000
26894000,1.3415,0.039994,0.023482,0.002970,0.000000
26895000,1.3415,0.039994,0.023482,0.002970,0.000600
26896000,1.3415,0.039994,0.023482,0.002970,0.000239
26897000,1.3415,0.039994,0.023482,0.002970,0.000000
26898000,1.3415,0.039994,0.023482,0.002970,0.000652
26899000,1.3415,0.039994,0.023482,0.002970,0.000189
26900000,1.3415,0.039994,0.023482,0.002970,0.000000
26901000,1.3415,0.039994,0.023482,0.002970,0.000000
26902000,1.3415,0.039994,0.023482,0.002970,0.000458
26903000,1.3415,0.039994,0.023482,0.002970,0.000000
26904000,1.3415,0.039994,0.023482,0.002970,0.000000
26905000,1.3415,0.039994,0.023482,0.002970,0.000347
26906000,1.3415,0.039994,0.023482,0.002970,0.000000
26907000,1.3415,0.039994,0.023482,0.002970,0.000000
26908000,1.3415,0.039994,0.023482,0.002970,0.000290
26909000,1.3415,0.039994,0.023482,0.002970,0.000028
26910000,1.3415,0.039994,0.023482,0.002970,0.000000
26911000,1.3415,0.039994,0.023482,0.002970,0.000164
26912000,1.3415,0.039994,0.023482,0.002970,0.000007
26913000,1.3415,0.039994,0.023482,0.002970,0.000000
26914000,1.3415,0.039994,0.023482,0.002970,0.000000
26915000,1.3415,0.039994,0.023482,0.002970,0.000554
26916000,1.3415,0.039994,0.023482,0.002970,0.000000
26917000,1.3415,0.039994,0.023482,0.002970,0.000102
26918000,1.3415,0.039994,0.023482,0.002970,0.000183
26919000,1.3415,0.039994,0.023482,0.002970,0.000000
26920000,1.3415,0.039994,0.023482,0.002970,0.000000
26921000,1.3415,0.039994,0.023482,0.002970,0.000023
26922000,1.3415,0.039994,0.023482,0.002970,0.000023
26923000,1.3415,0.039994,0.023482,0.002970,0.000000
26924000,1.3415,0.039994,0.023482,0.002970,0.000394
26925000,1.3415,0.039994,0.023482,0.002970,0.000000
26926000,1.3415,0.039994,0.023482,0.002970,0.000000
26927000,1.3415,0.039994,0.023482,0.002970,0.000000
26928000,1.3415,0.039994,0.023482,0.002970,0.000919
26929000,1.3415,0.039994,0.023482,0.002970,0.000000
26930000,1.3415,0.039994,0.023482,0.002970,0.000014
26931000,1.3415,0.039994,0.023482,0.002970,0.000023
26932000,1.3415,0.039994,0.023482,0.002970,0.000000
26933000,1.3415,0.039994,0.023482,0.002970,0.000000
26934000,1.3415,0.039994,0.023482,0.002970,0.000406
26935000,1.3415,0.039994,0.023482,0.002970,0.000144
26936000,1.3415,0.039994,0.023482,0.002970,0.000000
26937000,1.3415,0.039994,0.023482,0.002970,0.000150
26938000,1.3415,0.039994,0.023482,0.002970,0.000000
26939000,1.3415,0.039994,0.023482,0.002970,0.000000
26940000,1.3415,0.039994,0.023482,0.002970,0.000216
26941000,1.3415,0.039994,0.023482,0.002970,0.000721
26942000,1.3415,0.039994,0.023482,0.002970,0.000000
26943000,1.3415,0.039994,0.023482,0.002970,0.000312
26944000,1.3415,0.039994,0.023482,0.002970,0.000766
26945000,1.3415,0.039994,0.023482,0.002970,0.000000
26946000,1.3415,0.039994,0.023482,0.002970,0.000000
26947000,1.3415,0.039994,0.023482,0.002970,0.000499
26948000,1.3415,0.039994,0.023482,0.002970,0.000000
26949000,1.3415,0.039994,0.023482,0.002970,0.000032
26950000,1.3415,0.039994,0.023482,0.002970,0.000880
26951000,1.3415,0.039994,0.023482,0.002970,0.000014
26952000,1.3415,0.039994,0.023482,0.002970,0.000000
26953000,1.3415,0.039994,0.023482,0.002970,0.000219
26954000,1.3415,0.039994,0.023482,0.002970,0.000271
26955000,1.3415,0.039994,0.023482,0.002970,0.000000
26956000,1.3415,0.039994,0.023482,0.002970,0.000401
26957000,1.3415,0.039994,0.023482,0.002970,0.000356
26958000,1.3415,0.039994,0.023482,0.002970,0.000000
26959000,1.3415,0.039994,0.023482,0.002970,0.000000
26960000,1.3415,0.039994,0.023482,0.002970,0.000052
26961000,1.3415,0.039994,0.023482,0.002970,0.000000
26962000,1.3415,0.039994,0.023482,0.002970,0.000230
26963000,1.3415,0.039994,0.023482,0.002970,0.000191
26964000,1.3415,0.039994,0.023482,0.002970,0.000000
26965000,1.3415,0.039994,0.023482,0.002970,0.000000
26966000,1.3415,0.039994,0.023482,0.002970,0.000023
26967000,1.3415,0.039994,0.023482,0.002970,0.000458
26968000,1.3415,0.039994,0.023482,0.002970,0.000157
26969000,1.3415,0.039994,0.023482,0.002970,0.000132
26970000,1.3415,0.039994,0.023482,0.002970,0.000000
26971000,1.3415,0.039994,0.023482,0.002970,0.000000
26972000,1.3415,0.039994,0.023482,0.002970,0.000000
26973000,1.3415,0.039994,0.023482,0.002970,0.000533
26974000,1.3415,0.039994,0.023482,0.002970,0.000091
26975000,1.3415,0.039994,0.023482,0.002970,0.000007
26976000,1.3415,0.039994,0.023482,0.002970,0.000007
26977000,1.3415,0.039994,0.023482,0.002970,0.000000
26978000,1.3415,0.039994,0.023482,0.002970,0.000000
26979000,1.3415,0.039994,0.023482,0.002970,0.000212
26980000,1.3415,0.039994,0.023482,0.002970,0.000068
26981000,1.3415,0.039994,0.023482,0.002970,0.000349
26982000,1.3415,0.039994,0.023482,0.002970,0.000007
26983000,1.3415,0.039994,0.023482,0.002970,0.000000
26984000,1.3415,0.039994,0.023482,0.002970,0.000000
26985000,1.3415,0.039994,0.023482,0.002970,0.000000
26986000,1.3415,0.039994,0.023482,0.002970,0.000287
26987000,1.3415,0.039994,0.023482,0.002970,0.000030
26988000,1.3415,0.039994,0.023482,0.002970,0.000007
26989000,1.3415,0.039994,0.023482,0.002970,0.000000
26990000,1.3415,0.039994,0.023482,0.002970,0.000000
26991000,1.3415,0.039994,0.023482,0.002970,0.000000
26992000,1.3415,0.039994,0.023482,0.002970,0.000098
26993000,1.3415,0.039994,0.023482,0.002970,0.000219
26994000,1.3415,0.039994,0.023482,0.002970,0.000007
26995000,1.3415,0.039994,0.023482,0.002970,0.000037
26996000,1.3415,0.039994,0.023482,0.002970,0.000000
26997000,1.3415,0.039994,0.023482,0.002970,0.000000
26998000,1.3415,0.039994,0.023482,0.002970,0.000000
26999000,1.3415,0.039994,0.023482,0.002970,0.000151
