Cycle,Area(mm^2),PeakPower(W),TotalLeakage(W),PeakDynamic(W),SubthresholdLeakage(W),GateLeakage(W),RunTimeDynamic(W)
9000000,40.6137,7.425191,0.693847,6.731343,0.599781,0.094066,8.004998
9001000,40.6137,7.425191,0.693847,6.731343,0.599781,0.094066,8.079236
9002000,40.6137,7.425191,0.693847,6.731343,0.599781,0.094066,8.041892
9003000,40.6137,7.425191,0.693847,6.731343,0.599781,0.094066,7.966472
9004000,40.6137,7.425191,0.693847,6.731343,0.599781,0.094066,7.920489
9005000,40.6137,7.425191,0.693847,6.731343,0.599781,0.094066,7.950259
9006000,40.6137,7.425191,0.693847,6.731343,0.599781,0.094066,7.920489
9007000,40.6137,7.425191,0.693847,6.731343,0.599781,0.094066,7.921844
9008000,40.6137,7.425191,0.693847,6.731343,0.599781,0.094066,8.066020
9009000,40.6137,7.425191,0.693847,6.731343,0.599781,0.094066,7.936166
9010000,40.6137,7.425191,0.693847,6.731343,0.599781,0.094066,7.920489
9011000,40.6137,7.425191,0.693847,6.731343,0.599781,0.094066,7.925954
9012000,40.6137,7.425191,0.693847,6.731343,0.599781,0.094066,7.925466
9013000,40.6137,7.425191,0.693847,6.731343,0.599781,0.094066,7.920489
9014000,40.6137,7.425191,0.693847,6.731343,0.599781,0.094066,8.233027
9015000,40.6137,7.425191,0.693847,6.731343,0.599781,0.094066,7.968306
9016000,40.6137,7.425191,0.693847,6.731343,0.599781,0.094066,7.920489
9017000,40.6137,7.425191,0.693847,6.731343,0.599781,0.094066,7.920510
9018000,40.6137,7.425191,0.693847,6.731343,0.599781,0.094066,7.920489
9019000,40.6137,7.425191,0.693847,6.731343,0.599781,0.094066,8.018981
9020000,40.6137,7.425191,0.693847,6.731343,0.599781,0.094066,7.920489
9021000,40.6137,7.425191,0.693847,6.731343,0.599781,0.094066,8.013506
9022000,40.6137,7.425191,0.693847,6.731343,0.599781,0.094066,7.920489
9023000,40.6137,7.425191,0.693847,6.731343,0.599781,0.094066,7.920489
9024000,40.6137,7.425191,0.693847,6.731343,0.599781,0.094066,7.920510
9025000,40.6137,7.425191,0.693847,6.731343,0.599781,0.094066,8.010609
9026000,40.6137,7.425191,0.693847,6.731343,0.599781,0.094066,8.048033
9027000,40.6137,7.425191,0.693847,6.731343,0.599781,0.094066,7.959901
9028000,40.6137,7.425191,0.693847,6.731343,0.599781,0.094066,7.979631
9029000,40.6137,7.425191,0.693847,6.731343,0.599781,0.094066,7.920489
9030000,40.6137,7.425191,0.693847,6.731343,0.599781,0.094066,7.958397
9031000,40.6137,7.425191,0.693847,6.731343,0.599781,0.094066,7.920489
9032000,40.6137,7.425191,0.693847,6.731343,0.599781,0.094066,7.920573
9033000,40.6137,7.425191,0.693847,6.731343,0.599781,0.094066,7.973554
9034000,40.6137,7.425191,0.693847,6.731343,0.599781,0.094066,7.997576
9035000,40.6137,7.425191,0.693847,6.731343,0.599781,0.094066,7.936163
9036000,40.6137,7.425191,0.693847,6.731343,0.599781,0.094066,7.969919
9037000,40.6137,7.425191,0.693847,6.731343,0.599781,0.094066,7.937854
9038000,40.6137,7.425191,0.693847,6.731343,0.599781,0.094066,7.920301
9039000,40.6137,7.425191,0.693847,6.731343,0.599781,0.094066,7.974789
9040000,40.6137,7.425191,0.693847,6.731343,0.599781,0.094066,8.027420
9041000,40.6137,7.425191,0.693847,6.731343,0.599781,0.094066,7.951711
9042000,40.6137,7.425191,0.693847,6.731343,0.599781,0.094066,7.920489
9043000,40.6137,7.425191,0.693847,6.731343,0.599781,0.094066,8.011049
9044000,40.6137,7.425191,0.693847,6.731343,0.599781,0.094066,7.920489
9045000,40.6137,7.425191,0.693847,6.731343,0.599781,0.094066,7.920489
9046000,40.6137,7.425191,0.693847,6.731343,0.599781,0.094066,8.036771
9047000,40.6137,7.425191,0.693847,6.731343,0.599781,0.094066,7.923259
9048000,40.6137,7.425191,0.693847,6.731343,0.599781,0.094066,7.920489
9049000,40.6137,7.425191,0.693847,6.731343,0.599781,0.094066,8.004869
9050000,40.6137,7.425191,0.693847,6.731343,0.599781,0.094066,8.071239
9051000,40.6137,7.425191,0.693847,6.731343,0.599781,0.094066,7.920489
9052000,40.6137,7.425191,0.693847,6.731343,0.599781,0.094066,7.921198
9053000,40.6137,7.425191,0.693847,6.731343,0.599781,0.094066,7.958876
9054000,40.6137,7.425191,0.693847,6.731343,0.599781,0.094066,7.959319
9055000,40.6137,7.425191,0.693847,6.731343,0.599781,0.094066,7.920395
9056000,40.6137,7.425191,0.693847,6.731343,0.599781,0.094066,8.078613
9057000,40.6137,7.425191,0.693847,6.731343,0.599781,0.094066,7.920489
9058000,40.6137,7.425191,0.693847,6.731343,0.599781,0.094066,7.920489
9059000,40.6137,7.425191,0.693847,6.731343,0.599781,0.094066,7.920489
9060000,40.6137,7.425191,0.693847,6.731343,0.599781,0.094066,7.980077
9061000,40.6137,7.425191,0.693847,6.731343,0.599781,0.094066,7.920489
9062000,40.6137,7.425191,0.693847,6.731343,0.599781,0.094066,7.920489
9063000,40.6137,7.425191,0.693847,6.731343,0.599781,0.094066,7.981570
9064000,40.6137,7.425191,0.693847,6.731343,0.599781,0.094066,7.920489
9065000,40.6137,7.425191,0.693847,6.731343,0.599781,0.094066,7.919816
9066000,40.6137,7.425191,0.693847,6.731343,0.599781,0.094066,7.999100
9067000,40.6137,7.425191,0.693847,6.731343,0.599781,0.094066,8.003767
9068000,40.6137,7.425191,0.693847,6.731343,0.599781,0.094066,7.938575
9069000,40.6137,7.425191,0.693847,6.731343,0.599781,0.094066,8.051410
9070000,40.6137,7.425191,0.693847,6.731343,0.599781,0.094066,7.975879
9071000,40.6137,7.425191,0.693847,6.731343,0.599781,0.094066,7.920489
9072000,40.6137,7.425191,0.693847,6.731343,0.599781,0.094066,7.920489
9073000,40.6137,7.425191,0.693847,6.731343,0.599781,0.094066,8.189081
9074000,40.6137,7.425191,0.693847,6.731343,0.599781,0.094066,7.984575
9075000,40.6137,7.425191,0.693847,6.731343,0.599781,0.094066,7.920489
9076000,40.6137,7.425191,0.693847,6.731343,0.599781,0.094066,7.984002
9077000,40.6137,7.425191,0.693847,6.731343,0.599781,0.094066,7.919487
9078000,40.6137,7.425191,0.693847,6.731343,0.599781,0.094066,7.920395
9079000,40.6137,7.425191,0.693847,6.731343,0.599781,0.094066,7.921167
9080000,40.6137,7.425191,0.693847,6.731343,0.599781,0.094066,7.958170
9081000,40.6137,7.425191,0.693847,6.731343,0.599781,0.094066,8.037638
9082000,40.6137,7.425191,0.693847,6.731343,0.599781,0.094066,8.125285
9083000,40.6137,7.425191,0.693847,6.731343,0.599781,0.094066,7.922283
9084000,40.6137,7.425191,0.693847,6.731343,0.599781,0.094066,7.920489
9085000,40.6137,7.425191,0.693847,6.731343,0.599781,0.094066,7.920489
9086000,40.6137,7.425191,0.693847,6.731343,0.599781,0.094066,7.921103
9087000,40.6137,7.425191,0.693847,6.731343,0.599781,0.094066,7.959470
9088000,40.6137,7.425191,0.693847,6.731343,0.599781,0.094066,7.920935
9089000,40.6137,7.425191,0.693847,6.731343,0.599781,0.094066,7.950621
9090000,40.6137,7.425191,0.693847,6.731343,0.599781,0.094066,7.920489
9091000,40.6137,7.425191,0.693847,6.731343,0.599781,0.094066,7.920489
9092000,40.6137,7.425191,0.693847,6.731343,0.599781,0.094066,7.922067
9093000,40.6137,7.425191,0.693847,6.731343,0.599781,0.094066,7.920489
9094000,40.6137,7.425191,0.693847,6.731343,0.599781,0.094066,8.126969
9095000,40.6137,7.425191,0.693847,6.731343,0.599781,0.094066,8.069281
9096000,40.6137,7.425191,0.693847,6.731343,0.599781,0.094066,7.930817
9097000,40.6137,7.425191,0.693847,6.731343,0.599781,0.094066,7.920489
9098000,40.6137,7.425191,0.693847,6.731343,0.599781,0.094066,7.920489
9099000,40.6137,7.425191,0.693847,6.731343,0.599781,0.094066,7.921167
9100000,40.6137,7.425191,0.693847,6.731343,0.599781,0.094066,8.030931
9101000,40.6137,7.425191,0.693847,6.731343,0.599781,0.094066,8.275070
9102000,40.6137,7.425191,0.693847,6.731343,0.599781,0.094066,7.952342
9103000,40.6137,7.425191,0.693847,6.731343,0.599781,0.094066,7.920489
9104000,40.6137,7.425191,0.693847,6.731343,0.599781,0.094066,7.920489
9105000,40.6137,7.425191,0.693847,6.731343,0.599781,0.094066,8.066220
9106000,40.6137,7.425191,0.693847,6.731343,0.599781,0.094066,7.920489
9107000,40.6137,7.425191,0.693847,6.731343,0.599781,0.094066,7.923372
9108000,40.6137,7.425191,0.693847,6.731343,0.599781,0.094066,8.015791
9109000,40.6137,7.425191,0.693847,6.731343,0.599781,0.094066,7.920489
9110000,40.6137,7.425191,0.693847,6.731343,0.599781,0.094066,7.920489
9111000,40.6137,7.425191,0.693847,6.731343,0.599781,0.094066,7.920489
9112000,40.6137,7.425191,0.693847,6.731343,0.599781,0.094066,7.938685
9113000,40.6137,7.425191,0.693847,6.731343,0.599781,0.094066,7.953099
9114000,40.6137,7.425191,0.693847,6.731343,0.599781,0.094066,8.010955
9115000,40.6137,7.425191,0.693847,6.731343,0.599781,0.094066,8.529197
9116000,40.6137,7.425191,0.693847,6.731343,0.599781,0.094066,7.919698
9117000,40.6137,7.425191,0.693847,6.731343,0.599781,0.094066,7.919604
9118000,40.6137,7.425191,0.693847,6.731343,0.599781,0.094066,7.975284
9119000,40.6137,7.425191,0.693847,6.731343,0.599781,0.094066,7.925237
9120000,40.6137,7.425191,0.693847,6.731343,0.599781,0.094066,7.951404
9121000,40.6137,7.425191,0.693847,6.731343,0.599781,0.094066,7.920510
9122000,40.6137,7.425191,0.693847,6.731343,0.599781,0.094066,7.934262
9123000,40.6137,7.425191,0.693847,6.731343,0.599781,0.094066,7.920489
9124000,40.6137,7.425191,0.693847,6.731343,0.599781,0.094066,7.920489
9125000,40.6137,7.425191,0.693847,6.731343,0.599781,0.094066,8.072024
9126000,40.6137,7.425191,0.693847,6.731343,0.599781,0.094066,7.920362
9127000,40.6137,7.425191,0.693847,6.731343,0.599781,0.094066,8.087828
9128000,40.6137,7.425191,0.693847,6.731343,0.599781,0.094066,7.974804
9129000,40.6137,7.425191,0.693847,6.731343,0.599781,0.094066,7.920489
9130000,40.6137,7.425191,0.693847,6.731343,0.599781,0.094066,7.920489
9131000,40.6137,7.425191,0.693847,6.731343,0.599781,0.094066,8.012127
9132000,40.6137,7.425191,0.693847,6.731343,0.599781,0.094066,7.958853
9133000,40.6137,7.425191,0.693847,6.731343,0.599781,0.094066,7.945215
9134000,40.6137,7.425191,0.693847,6.731343,0.599781,0.094066,8.144161
9135000,40.6137,7.425191,0.693847,6.731343,0.599781,0.094066,7.941344
9136000,40.6137,7.425191,0.693847,6.731343,0.599781,0.094066,7.930347
9137000,40.6137,7.425191,0.693847,6.731343,0.599781,0.094066,7.920489
9138000,40.6137,7.425191,0.693847,6.731343,0.599781,0.094066,8.072179
9139000,40.6137,7.425191,0.693847,6.731343,0.599781,0.094066,7.982832
9140000,40.6137,7.425191,0.693847,6.731343,0.599781,0.094066,7.924470
9141000,40.6137,7.425191,0.693847,6.731343,0.599781,0.094066,7.920489
9142000,40.6137,7.425191,0.693847,6.731343,0.599781,0.094066,7.922143
9143000,40.6137,7.425191,0.693847,6.731343,0.599781,0.094066,7.920489
9144000,40.6137,7.425191,0.693847,6.731343,0.599781,0.094066,7.922362
9145000,40.6137,7.425191,0.693847,6.731343,0.599781,0.094066,8.031773
9146000,40.6137,7.425191,0.693847,6.731343,0.599781,0.094066,7.964522
9147000,40.6137,7.425191,0.693847,6.731343,0.599781,0.094066,7.949914
9148000,40.6137,7.425191,0.693847,6.731343,0.599781,0.094066,8.251714
9149000,40.6137,7.425191,0.693847,6.731343,0.599781,0.094066,7.920489
9150000,40.6137,7.425191,0.693847,6.731343,0.599781,0.094066,7.920489
9151000,40.6137,7.425191,0.693847,6.731343,0.599781,0.094066,7.922875
9152000,40.6137,7.425191,0.693847,6.731343,0.599781,0.094066,8.008708
9153000,40.6137,7.425191,0.693847,6.731343,0.599781,0.094066,7.930410
9154000,40.6137,7.425191,0.693847,6.731343,0.599781,0.094066,8.014779
9155000,40.6137,7.425191,0.693847,6.731343,0.599781,0.094066,7.920489
9156000,40.6137,7.425191,0.693847,6.731343,0.599781,0.094066,7.919698
9157000,40.6137,7.425191,0.693847,6.731343,0.599781,0.094066,8.176087
9158000,40.6137,7.425191,0.693847,6.731343,0.599781,0.094066,8.069671
9159000,40.6137,7.425191,0.693847,6.731343,0.599781,0.094066,8.064977
9160000,40.6137,7.425191,0.693847,6.731343,0.599781,0.094066,7.981955
9161000,40.6137,7.425191,0.693847,6.731343,0.599781,0.094066,8.081731
9162000,40.6137,7.425191,0.693847,6.731343,0.599781,0.094066,7.920489
9163000,40.6137,7.425191,0.693847,6.731343,0.599781,0.094066,7.920489
9164000,40.6137,7.425191,0.693847,6.731343,0.599781,0.094066,8.098277
9165000,40.6137,7.425191,0.693847,6.731343,0.599781,0.094066,7.920893
9166000,40.6137,7.425191,0.693847,6.731343,0.599781,0.094066,8.122003
9167000,40.6137,7.425191,0.693847,6.731343,0.599781,0.094066,8.264639
9168000,40.6137,7.425191,0.693847,6.731343,0.599781,0.094066,7.923650
9169000,40.6137,7.425191,0.693847,6.731343,0.599781,0.094066,7.920489
9170000,40.6137,7.425191,0.693847,6.731343,0.599781,0.094066,7.920489
9171000,40.6137,7.425191,0.693847,6.731343,0.599781,0.094066,7.920510
9172000,40.6137,7.425191,0.693847,6.731343,0.599781,0.094066,7.920935
9173000,40.6137,7.425191,0.693847,6.731343,0.599781,0.094066,8.096751
9174000,40.6137,7.425191,0.693847,6.731343,0.599781,0.094066,7.960619
9175000,40.6137,7.425191,0.693847,6.731343,0.599781,0.094066,7.920277
9176000,40.6137,7.425191,0.693847,6.731343,0.599781,0.094066,7.920489
9177000,40.6137,7.425191,0.693847,6.731343,0.599781,0.094066,8.169649
9178000,40.6137,7.425191,0.693847,6.731343,0.599781,0.094066,8.067024
9179000,40.6137,7.425191,0.693847,6.731343,0.599781,0.094066,8.132901
9180000,40.6137,7.425191,0.693847,6.731343,0.599781,0.094066,8.311021
9181000,40.6137,7.425191,0.693847,6.731343,0.599781,0.094066,7.920935
9182000,40.6137,7.425191,0.693847,6.731343,0.599781,0.094066,7.920489
9183000,40.6137,7.425191,0.693847,6.731343,0.599781,0.094066,7.920489
9184000,40.6137,7.425191,0.693847,6.731343,0.599781,0.094066,8.072145
9185000,40.6137,7.425191,0.693847,6.731343,0.599781,0.094066,7.920510
9186000,40.6137,7.425191,0.693847,6.731343,0.599781,0.094066,8.013399
9187000,40.6137,7.425191,0.693847,6.731343,0.599781,0.094066,8.110566
9188000,40.6137,7.425191,0.693847,6.731343,0.599781,0.094066,7.920510
9189000,40.6137,7.425191,0.693847,6.731343,0.599781,0.094066,7.922562
9190000,40.6137,7.425191,0.693847,6.731343,0.599781,0.094066,8.247786
9191000,40.6137,7.425191,0.693847,6.731343,0.599781,0.094066,7.920489
9192000,40.6137,7.425191,0.693847,6.731343,0.599781,0.094066,7.920489
9193000,40.6137,7.425191,0.693847,6.731343,0.599781,0.094066,8.165810
9194000,40.6137,7.425191,0.693847,6.731343,0.599781,0.094066,7.978571
9195000,40.6137,7.425191,0.693847,6.731343,0.599781,0.094066,7.920489
9196000,40.6137,7.425191,0.693847,6.731343,0.599781,0.094066,7.942681
9197000,40.6137,7.425191,0.693847,6.731343,0.599781,0.094066,7.930644
9198000,40.6137,7.425191,0.693847,6.731343,0.599781,0.094066,7.920277
9199000,40.6137,7.425191,0.693847,6.731343,0.599781,0.094066,8.052841
9200000,40.6137,7.425191,0.693847,6.731343,0.599781,0.094066,8.144333
9201000,40.6137,7.425191,0.693847,6.731343,0.599781,0.094066,7.920489
9202000,40.6137,7.425191,0.693847,6.731343,0.599781,0.094066,7.920489
9203000,40.6137,7.425191,0.693847,6.731343,0.599781,0.094066,7.940354
9204000,40.6137,7.425191,0.693847,6.731343,0.599781,0.094066,7.981422
9205000,40.6137,7.425191,0.693847,6.731343,0.599781,0.094066,7.920278
9206000,40.6137,7.425191,0.693847,6.731343,0.599781,0.094066,7.961305
9207000,40.6137,7.425191,0.693847,6.731343,0.599781,0.094066,7.921718
9208000,40.6137,7.425191,0.693847,6.731343,0.599781,0.094066,7.920489
9209000,40.6137,7.425191,0.693847,6.731343,0.599781,0.094066,7.920489
9210000,40.6137,7.425191,0.693847,6.731343,0.599781,0.094066,8.027115
9211000,40.6137,7.425191,0.693847,6.731343,0.599781,0.094066,7.920489
9212000,40.6137,7.425191,0.693847,6.731343,0.599781,0.094066,8.020770
9213000,40.6137,7.425191,0.693847,6.731343,0.599781,0.094066,8.065416
9214000,40.6137,7.425191,0.693847,6.731343,0.599781,0.094066,7.951678
9215000,40.6137,7.425191,0.693847,6.731343,0.599781,0.094066,7.920395
9216000,40.6137,7.425191,0.693847,6.731343,0.599781,0.094066,7.920489
9217000,40.6137,7.425191,0.693847,6.731343,0.599781,0.094066,7.921498
9218000,40.6137,7.425191,0.693847,6.731343,0.599781,0.094066,7.922151
9219000,40.6137,7.425191,0.693847,6.731343,0.599781,0.094066,7.982102
9220000,40.6137,7.425191,0.693847,6.731343,0.599781,0.094066,7.920489
9221000,40.6137,7.425191,0.693847,6.731343,0.599781,0.094066,7.920510
9222000,40.6137,7.425191,0.693847,6.731343,0.599781,0.094066,7.920489
9223000,40.6137,7.425191,0.693847,6.731343,0.599781,0.094066,8.017645
9224000,40.6137,7.425191,0.693847,6.731343,0.599781,0.094066,7.940120
9225000,40.6137,7.425191,0.693847,6.731343,0.599781,0.094066,7.971698
9226000,40.6137,7.425191,0.693847,6.731343,0.599781,0.094066,7.922165
9227000,40.6137,7.425191,0.693847,6.731343,0.599781,0.094066,8.185496
9228000,40.6137,7.425191,0.693847,6.731343,0.599781,0.094066,7.924869
9229000,40.6137,7.425191,0.693847,6.731343,0.599781,0.094066,8.011859
9230000,40.6137,7.425191,0.693847,6.731343,0.599781,0.094066,8.053790
9231000,40.6137,7.425191,0.693847,6.731343,0.599781,0.094066,8.005144
9232000,40.6137,7.425191,0.693847,6.731343,0.599781,0.094066,8.039368
9233000,40.6137,7.425191,0.693847,6.731343,0.599781,0.094066,7.933000
9234000,40.6137,7.425191,0.693847,6.731343,0.599781,0.094066,7.920939
9235000,40.6137,7.425191,0.693847,6.731343,0.599781,0.094066,7.920489
9236000,40.6137,7.425191,0.693847,6.731343,0.599781,0.094066,7.919816
9237000,40.6137,7.425191,0.693847,6.731343,0.599781,0.094066,8.044308
9238000,40.6137,7.425191,0.693847,6.731343,0.599781,0.094066,7.919815
9239000,40.6137,7.425191,0.693847,6.731343,0.599781,0.094066,8.071718
9240000,40.6137,7.425191,0.693847,6.731343,0.599781,0.094066,7.920935
9241000,40.6137,7.425191,0.693847,6.731343,0.599781,0.094066,7.920489
9242000,40.6137,7.425191,0.693847,6.731343,0.599781,0.094066,7.920489
9243000,40.6137,7.425191,0.693847,6.731343,0.599781,0.094066,8.048148
9244000,40.6137,7.425191,0.693847,6.731343,0.599781,0.094066,7.920489
9245000,40.6137,7.425191,0.693847,6.731343,0.599781,0.094066,8.089162
9246000,40.6137,7.425191,0.693847,6.731343,0.599781,0.094066,7.940563
9247000,40.6137,7.425191,0.693847,6.731343,0.599781,0.094066,8.044303
9248000,40.6137,7.425191,0.693847,6.731343,0.599781,0.094066,7.920489
9249000,40.6137,7.425191,0.693847,6.731343,0.599781,0.094066,7.952573
9250000,40.6137,7.425191,0.693847,6.731343,0.599781,0.094066,7.923486
9251000,40.6137,7.425191,0.693847,6.731343,0.599781,0.094066,7.953680
9252000,40.6137,7.425191,0.693847,6.731343,0.599781,0.094066,7.943650
9253000,40.6137,7.425191,0.693847,6.731343,0.599781,0.094066,8.003307
9254000,40.6137,7.425191,0.693847,6.731343,0.599781,0.094066,7.929789
9255000,40.6137,7.425191,0.693847,6.731343,0.599781,0.094066,7.920277
9256000,40.6137,7.425191,0.693847,6.731343,0.599781,0.094066,7.920573
9257000,40.6137,7.425191,0.693847,6.731343,0.599781,0.094066,8.064662
9258000,40.6137,7.425191,0.693847,6.731343,0.599781,0.094066,8.071236
9259000,40.6137,7.425191,0.693847,6.731343,0.599781,0.094066,8.072124
9260000,40.6137,7.425191,0.693847,6.731343,0.599781,0.094066,8.066912
9261000,40.6137,7.425191,0.693847,6.731343,0.599781,0.094066,7.920489
9262000,40.6137,7.425191,0.693847,6.731343,0.599781,0.094066,7.979153
9263000,40.6137,7.425191,0.693847,6.731343,0.599781,0.094066,7.920489
9264000,40.6137,7.425191,0.693847,6.731343,0.599781,0.094066,7.920510
9265000,40.6137,7.425191,0.693847,6.731343,0.599781,0.094066,8.016685
9266000,40.6137,7.425191,0.693847,6.731343,0.599781,0.094066,7.950394
9267000,40.6137,7.425191,0.693847,6.731343,0.599781,0.094066,7.937401
9268000,40.6137,7.425191,0.693847,6.731343,0.599781,0.094066,7.920489
9269000,40.6137,7.425191,0.693847,6.731343,0.599781,0.094066,7.981275
9270000,40.6137,7.425191,0.693847,6.731343,0.599781,0.094066,8.053067
9271000,40.6137,7.425191,0.693847,6.731343,0.599781,0.094066,7.990580
9272000,40.6137,7.425191,0.693847,6.731343,0.599781,0.094066,7.931871
9273000,40.6137,7.425191,0.693847,6.731343,0.599781,0.094066,8.010822
9274000,40.6137,7.425191,0.693847,6.731343,0.599781,0.094066,7.920489
9275000,40.6137,7.425191,0.693847,6.731343,0.599781,0.094066,7.922124
9276000,40.6137,7.425191,0.693847,6.731343,0.599781,0.094066,7.920414
9277000,40.6137,7.425191,0.693847,6.731343,0.599781,0.094066,8.000617
9278000,40.6137,7.425191,0.693847,6.731343,0.599781,0.094066,7.927659
9279000,40.6137,7.425191,0.693847,6.731343,0.599781,0.094066,7.920489
9280000,40.6137,7.425191,0.693847,6.731343,0.599781,0.094066,7.951188
9281000,40.6137,7.425191,0.693847,6.731343,0.599781,0.094066,7.919698
9282000,40.6137,7.425191,0.693847,6.731343,0.599781,0.094066,7.952511
9283000,40.6137,7.425191,0.693847,6.731343,0.599781,0.094066,7.920489
9284000,40.6137,7.425191,0.693847,6.731343,0.599781,0.094066,7.941586
9285000,40.6137,7.425191,0.693847,6.731343,0.599781,0.094066,8.213037
9286000,40.6137,7.425191,0.693847,6.731343,0.599781,0.094066,7.921108
9287000,40.6137,7.425191,0.693847,6.731343,0.599781,0.094066,7.942940
9288000,40.6137,7.425191,0.693847,6.731343,0.599781,0.094066,7.960342
9289000,40.6137,7.425191,0.693847,6.731343,0.599781,0.094066,7.920489
9290000,40.6137,7.425191,0.693847,6.731343,0.599781,0.094066,7.923254
9291000,40.6137,7.425191,0.693847,6.731343,0.599781,0.094066,8.382055
9292000,40.6137,7.425191,0.693847,6.731343,0.599781,0.094066,7.920489
9293000,40.6137,7.425191,0.693847,6.731343,0.599781,0.094066,8.225844
9294000,40.6137,7.425191,0.693847,6.731343,0.599781,0.094066,7.999447
9295000,40.6137,7.425191,0.693847,6.731343,0.599781,0.094066,7.919921
9296000,40.6137,7.425191,0.693847,6.731343,0.599781,0.094066,7.920489
9297000,40.6137,7.425191,0.693847,6.731343,0.599781,0.094066,7.921448
9298000,40.6137,7.425191,0.693847,6.731343,0.599781,0.094066,7.923616
9299000,40.6137,7.425191,0.693847,6.731343,0.599781,0.094066,7.974151
9300000,40.6137,7.425191,0.693847,6.731343,0.599781,0.094066,7.986351
9301000,40.6137,7.425191,0.693847,6.731343,0.599781,0.094066,7.920489
9302000,40.6137,7.425191,0.693847,6.731343,0.599781,0.094066,7.923570
9303000,40.6137,7.425191,0.693847,6.731343,0.599781,0.094066,7.920489
9304000,40.6137,7.425191,0.693847,6.731343,0.599781,0.094066,7.950705
9305000,40.6137,7.425191,0.693847,6.731343,0.599781,0.094066,7.920489
9306000,40.6137,7.425191,0.693847,6.731343,0.599781,0.094066,7.966228
9307000,40.6137,7.425191,0.693847,6.731343,0.599781,0.094066,7.920489
9308000,40.6137,7.425191,0.693847,6.731343,0.599781,0.094066,7.944184
9309000,40.6137,7.425191,0.693847,6.731343,0.599781,0.094066,7.919837
9310000,40.6137,7.425191,0.693847,6.731343,0.599781,0.094066,8.022173
9311000,40.6137,7.425191,0.693847,6.731343,0.599781,0.094066,8.671121
9312000,40.6137,7.425191,0.693847,6.731343,0.599781,0.094066,7.932152
9313000,40.6137,7.425191,0.693847,6.731343,0.599781,0.094066,8.208393
9314000,40.6137,7.425191,0.693847,6.731343,0.599781,0.094066,7.920489
9315000,40.6137,7.425191,0.693847,6.731343,0.599781,0.094066,7.940931
9316000,40.6137,7.425191,0.693847,6.731343,0.599781,0.094066,8.051923
9317000,40.6137,7.425191,0.693847,6.731343,0.599781,0.094066,8.044274
9318000,40.6137,7.425191,0.693847,6.731343,0.599781,0.094066,8.037208
9319000,40.6137,7.425191,0.693847,6.731343,0.599781,0.094066,7.959983
9320000,40.6137,7.425191,0.693847,6.731343,0.599781,0.094066,7.940298
9321000,40.6137,7.425191,0.693847,6.731343,0.599781,0.094066,7.920489
9322000,40.6137,7.425191,0.693847,6.731343,0.599781,0.094066,8.171080
9323000,40.6137,7.425191,0.693847,6.731343,0.599781,0.094066,7.940921
9324000,40.6137,7.425191,0.693847,6.731343,0.599781,0.094066,8.261113
9325000,40.6137,7.425191,0.693847,6.731343,0.599781,0.094066,8.052366
9326000,40.6137,7.425191,0.693847,6.731343,0.599781,0.094066,8.197071
9327000,40.6137,7.425191,0.693847,6.731343,0.599781,0.094066,7.920956
9328000,40.6137,7.425191,0.693847,6.731343,0.599781,0.094066,7.920489
9329000,40.6137,7.425191,0.693847,6.731343,0.599781,0.094066,7.920510
9330000,40.6137,7.425191,0.693847,6.731343,0.599781,0.094066,7.968491
9331000,40.6137,7.425191,0.693847,6.731343,0.599781,0.094066,8.055045
9332000,40.6137,7.425191,0.693847,6.731343,0.599781,0.094066,7.920489
9333000,40.6137,7.425191,0.693847,6.731343,0.599781,0.094066,8.346351
9334000,40.6137,7.425191,0.693847,6.731343,0.599781,0.094066,7.939942
9335000,40.6137,7.425191,0.693847,6.731343,0.599781,0.094066,7.920144
9336000,40.6137,7.425191,0.693847,6.731343,0.599781,0.094066,7.920489
9337000,40.6137,7.425191,0.693847,6.731343,0.599781,0.094066,7.924516
9338000,40.6137,7.425191,0.693847,6.731343,0.599781,0.094066,7.949597
9339000,40.6137,7.425191,0.693847,6.731343,0.599781,0.094066,8.040460
9340000,40.6137,7.425191,0.693847,6.731343,0.599781,0.094066,8.218037
9341000,40.6137,7.425191,0.693847,6.731343,0.599781,0.094066,7.920489
9342000,40.6137,7.425191,0.693847,6.731343,0.599781,0.094066,8.285109
9343000,40.6137,7.425191,0.693847,6.731343,0.599781,0.094066,7.920489
9344000,40.6137,7.425191,0.693847,6.731343,0.599781,0.094066,8.143918
9345000,40.6137,7.425191,0.693847,6.731343,0.599781,0.094066,7.935146
9346000,40.6137,7.425191,0.693847,6.731343,0.599781,0.094066,8.302589
9347000,40.6137,7.425191,0.693847,6.731343,0.599781,0.094066,7.942805
9348000,40.6137,7.425191,0.693847,6.731343,0.599781,0.094066,8.068282
9349000,40.6137,7.425191,0.693847,6.731343,0.599781,0.094066,7.957373
9350000,40.6137,7.425191,0.693847,6.731343,0.599781,0.094066,7.920489
9351000,40.6137,7.425191,0.693847,6.731343,0.599781,0.094066,8.193082
9352000,40.6137,7.425191,0.693847,6.731343,0.599781,0.094066,8.350376
9353000,40.6137,7.425191,0.693847,6.731343,0.599781,0.094066,8.209078
9354000,40.6137,7.425191,0.693847,6.731343,0.599781,0.094066,7.920489
9355000,40.6137,7.425191,0.693847,6.731343,0.599781,0.094066,7.956332
9356000,40.6137,7.425191,0.693847,6.731343,0.599781,0.094066,7.920489
9357000,40.6137,7.425191,0.693847,6.731343,0.599781,0.094066,7.920489
9358000,40.6137,7.425191,0.693847,6.731343,0.599781,0.094066,7.920489
9359000,40.6137,7.425191,0.693847,6.731343,0.599781,0.094066,8.625126
9360000,40.6137,7.425191,0.693847,6.731343,0.599781,0.094066,7.956884
9361000,40.6137,7.425191,0.693847,6.731343,0.599781,0.094066,7.927460
9362000,40.6137,7.425191,0.693847,6.731343,0.599781,0.094066,8.262993
9363000,40.6137,7.425191,0.693847,6.731343,0.599781,0.094066,7.920510
9364000,40.6137,7.425191,0.693847,6.731343,0.599781,0.094066,7.919698
9365000,40.6137,7.425191,0.693847,6.731343,0.599781,0.094066,7.941406
9366000,40.6137,7.425191,0.693847,6.731343,0.599781,0.094066,7.961055
9367000,40.6137,7.425191,0.693847,6.731343,0.599781,0.094066,7.920277
9368000,40.6137,7.425191,0.693847,6.731343,0.599781,0.094066,7.920489
9369000,40.6137,7.425191,0.693847,6.731343,0.599781,0.094066,8.043739
9370000,40.6137,7.425191,0.693847,6.731343,0.599781,0.094066,7.919816
9371000,40.6137,7.425191,0.693847,6.731343,0.599781,0.094066,7.921246
9372000,40.6137,7.425191,0.693847,6.731343,0.599781,0.094066,8.196781
9373000,40.6137,7.425191,0.693847,6.731343,0.599781,0.094066,7.920595
9374000,40.6137,7.425191,0.693847,6.731343,0.599781,0.094066,7.920489
9375000,40.6137,7.425191,0.693847,6.731343,0.599781,0.094066,8.037938
9376000,40.6137,7.425191,0.693847,6.731343,0.599781,0.094066,8.699277
9377000,40.6137,7.425191,0.693847,6.731343,0.599781,0.094066,7.936978
9378000,40.6137,7.425191,0.693847,6.731343,0.599781,0.094066,7.920489
9379000,40.6137,7.425191,0.693847,6.731343,0.599781,0.094066,8.094294
9380000,40.6137,7.425191,0.693847,6.731343,0.599781,0.094066,7.920489
9381000,40.6137,7.425191,0.693847,6.731343,0.599781,0.094066,7.920489
9382000,40.6137,7.425191,0.693847,6.731343,0.599781,0.094066,7.920489
9383000,40.6137,7.425191,0.693847,6.731343,0.599781,0.094066,7.949910
9384000,40.6137,7.425191,0.693847,6.731343,0.599781,0.094066,7.920489
9385000,40.6137,7.425191,0.693847,6.731343,0.599781,0.094066,8.074170
9386000,40.6137,7.425191,0.693847,6.731343,0.599781,0.094066,8.294365
9387000,40.6137,7.425191,0.693847,6.731343,0.599781,0.094066,7.920489
9388000,40.6137,7.425191,0.693847,6.731343,0.599781,0.094066,7.919816
9389000,40.6137,7.425191,0.693847,6.731343,0.599781,0.094066,8.012988
9390000,40.6137,7.425191,0.693847,6.731343,0.599781,0.094066,7.920395
9391000,40.6137,7.425191,0.693847,6.731343,0.599781,0.094066,7.920489
9392000,40.6137,7.425191,0.693847,6.731343,0.599781,0.094066,8.296405
9393000,40.6137,7.425191,0.693847,6.731343,0.599781,0.094066,7.980682
9394000,40.6137,7.425191,0.693847,6.731343,0.599781,0.094066,7.920489
9395000,40.6137,7.425191,0.693847,6.731343,0.599781,0.094066,7.920489
9396000,40.6137,7.425191,0.693847,6.731343,0.599781,0.094066,8.076884
9397000,40.6137,7.425191,0.693847,6.731343,0.599781,0.094066,7.920489
9398000,40.6137,7.425191,0.693847,6.731343,0.599781,0.094066,7.920489
9399000,40.6137,7.425191,0.693847,6.731343,0.599781,0.094066,8.729978
9400000,40.6137,7.425191,0.693847,6.731343,0.599781,0.094066,8.058762
9401000,40.6137,7.425191,0.693847,6.731343,0.599781,0.094066,7.920489
9402000,40.6137,7.425191,0.693847,6.731343,0.599781,0.094066,7.969364
9403000,40.6137,7.425191,0.693847,6.731343,0.599781,0.094066,8.111376
9404000,40.6137,7.425191,0.693847,6.731343,0.599781,0.094066,8.362617
9405000,40.6137,7.425191,0.693847,6.731343,0.599781,0.094066,7.982771
9406000,40.6137,7.425191,0.693847,6.731343,0.599781,0.094066,8.103552
9407000,40.6137,7.425191,0.693847,6.731343,0.599781,0.094066,8.073824
9408000,40.6137,7.425191,0.693847,6.731343,0.599781,0.094066,7.920489
9409000,40.6137,7.425191,0.693847,6.731343,0.599781,0.094066,7.920489
9410000,40.6137,7.425191,0.693847,6.731343,0.599781,0.094066,8.006315
9411000,40.6137,7.425191,0.693847,6.731343,0.599781,0.094066,7.952018
9412000,40.6137,7.425191,0.693847,6.731343,0.599781,0.094066,7.961430
9413000,40.6137,7.425191,0.693847,6.731343,0.599781,0.094066,7.985223
9414000,40.6137,7.425191,0.693847,6.731343,0.599781,0.094066,7.920489
9415000,40.6137,7.425191,0.693847,6.731343,0.599781,0.094066,7.920489
9416000,40.6137,7.425191,0.693847,6.731343,0.599781,0.094066,7.920489
9417000,40.6137,7.425191,0.693847,6.731343,0.599781,0.094066,7.961784
9418000,40.6137,7.425191,0.693847,6.731343,0.599781,0.094066,7.921937
9419000,40.6137,7.425191,0.693847,6.731343,0.599781,0.094066,7.973361
9420000,40.6137,7.425191,0.693847,6.731343,0.599781,0.094066,8.085292
9421000,40.6137,7.425191,0.693847,6.731343,0.599781,0.094066,7.920489
9422000,40.6137,7.425191,0.693847,6.731343,0.599781,0.094066,7.920489
9423000,40.6137,7.425191,0.693847,6.731343,0.599781,0.094066,7.920489
9424000,40.6137,7.425191,0.693847,6.731343,0.599781,0.094066,8.012916
9425000,40.6137,7.425191,0.693847,6.731343,0.599781,0.094066,8.068077
9426000,40.6137,7.425191,0.693847,6.731343,0.599781,0.094066,7.983851
9427000,40.6137,7.425191,0.693847,6.731343,0.599781,0.094066,7.920489
9428000,40.6137,7.425191,0.693847,6.731343,0.599781,0.094066,7.920489
9429000,40.6137,7.425191,0.693847,6.731343,0.599781,0.094066,7.923097
9430000,40.6137,7.425191,0.693847,6.731343,0.599781,0.094066,7.920510
9431000,40.6137,7.425191,0.693847,6.731343,0.599781,0.094066,8.143429
9432000,40.6137,7.425191,0.693847,6.731343,0.599781,0.094066,7.940668
9433000,40.6137,7.425191,0.693847,6.731343,0.599781,0.094066,7.919837
9434000,40.6137,7.425191,0.693847,6.731343,0.599781,0.094066,7.920489
9435000,40.6137,7.425191,0.693847,6.731343,0.599781,0.094066,7.920278
9436000,40.6137,7.425191,0.693847,6.731343,0.599781,0.094066,7.948752
9437000,40.6137,7.425191,0.693847,6.731343,0.599781,0.094066,7.996108
9438000,40.6137,7.425191,0.693847,6.731343,0.599781,0.094066,8.163084
9439000,40.6137,7.425191,0.693847,6.731343,0.599781,0.094066,8.007682
9440000,40.6137,7.425191,0.693847,6.731343,0.599781,0.094066,7.920489
9441000,40.6137,7.425191,0.693847,6.731343,0.599781,0.094066,7.920489
9442000,40.6137,7.425191,0.693847,6.731343,0.599781,0.094066,8.011336
9443000,40.6137,7.425191,0.693847,6.731343,0.599781,0.094066,7.979973
9444000,40.6137,7.425191,0.693847,6.731343,0.599781,0.094066,7.990511
9445000,40.6137,7.425191,0.693847,6.731343,0.599781,0.094066,8.218610
9446000,40.6137,7.425191,0.693847,6.731343,0.599781,0.094066,8.032275
9447000,40.6137,7.425191,0.693847,6.731343,0.599781,0.094066,7.960183
9448000,40.6137,7.425191,0.693847,6.731343,0.599781,0.094066,7.920489
9449000,40.6137,7.425191,0.693847,6.731343,0.599781,0.094066,8.008465
9450000,40.6137,7.425191,0.693847,6.731343,0.599781,0.094066,7.972558
9451000,40.6137,7.425191,0.693847,6.731343,0.599781,0.094066,8.066826
9452000,40.6137,7.425191,0.693847,6.731343,0.599781,0.094066,7.965953
9453000,40.6137,7.425191,0.693847,6.731343,0.599781,0.094066,7.958522
9454000,40.6137,7.425191,0.693847,6.731343,0.599781,0.094066,8.046467
9455000,40.6137,7.425191,0.693847,6.731343,0.599781,0.094066,7.990614
9456000,40.6137,7.425191,0.693847,6.731343,0.599781,0.094066,7.920489
9457000,40.6137,7.425191,0.693847,6.731343,0.599781,0.094066,7.922265
9458000,40.6137,7.425191,0.693847,6.731343,0.599781,0.094066,8.017901
9459000,40.6137,7.425191,0.693847,6.731343,0.599781,0.094066,7.935169
9460000,40.6137,7.425191,0.693847,6.731343,0.599781,0.094066,7.920489
9461000,40.6137,7.425191,0.693847,6.731343,0.599781,0.094066,7.920489
9462000,40.6137,7.425191,0.693847,6.731343,0.599781,0.094066,7.920935
9463000,40.6137,7.425191,0.693847,6.731343,0.599781,0.094066,7.960738
9464000,40.6137,7.425191,0.693847,6.731343,0.599781,0.094066,8.013302
9465000,40.6137,7.425191,0.693847,6.731343,0.599781,0.094066,8.002516
9466000,40.6137,7.425191,0.693847,6.731343,0.599781,0.094066,8.084195
9467000,40.6137,7.425191,0.693847,6.731343,0.599781,0.094066,7.920489
9468000,40.6137,7.425191,0.693847,6.731343,0.599781,0.094066,7.943009
9469000,40.6137,7.425191,0.693847,6.731343,0.599781,0.094066,8.001634
9470000,40.6137,7.425191,0.693847,6.731343,0.599781,0.094066,7.943394
9471000,40.6137,7.425191,0.693847,6.731343,0.599781,0.094066,7.936628
9472000,40.6137,7.425191,0.693847,6.731343,0.599781,0.094066,8.016761
9473000,40.6137,7.425191,0.693847,6.731343,0.599781,0.094066,7.942754
9474000,40.6137,7.425191,0.693847,6.731343,0.599781,0.094066,7.920489
9475000,40.6137,7.425191,0.693847,6.731343,0.599781,0.094066,8.121790
9476000,40.6137,7.425191,0.693847,6.731343,0.599781,0.094066,7.958832
9477000,40.6137,7.425191,0.693847,6.731343,0.599781,0.094066,7.931365
9478000,40.6137,7.425191,0.693847,6.731343,0.599781,0.094066,7.919698
9479000,40.6137,7.425191,0.693847,6.731343,0.599781,0.094066,7.977969
9480000,40.6137,7.425191,0.693847,6.731343,0.599781,0.094066,7.951084
9481000,40.6137,7.425191,0.693847,6.731343,0.599781,0.094066,7.943244
9482000,40.6137,7.425191,0.693847,6.731343,0.599781,0.094066,7.921403
9483000,40.6137,7.425191,0.693847,6.731343,0.599781,0.094066,8.046709
9484000,40.6137,7.425191,0.693847,6.731343,0.599781,0.094066,7.920489
9485000,40.6137,7.425191,0.693847,6.731343,0.599781,0.094066,7.920489
9486000,40.6137,7.425191,0.693847,6.731343,0.599781,0.094066,7.920489
9487000,40.6137,7.425191,0.693847,6.731343,0.599781,0.094066,7.948828
9488000,40.6137,7.425191,0.693847,6.731343,0.599781,0.094066,7.920489
9489000,40.6137,7.425191,0.693847,6.731343,0.599781,0.094066,8.118231
9490000,40.6137,7.425191,0.693847,6.731343,0.599781,0.094066,8.235698
9491000,40.6137,7.425191,0.693847,6.731343,0.599781,0.094066,8.013157
9492000,40.6137,7.425191,0.693847,6.731343,0.599781,0.094066,7.920489
9493000,40.6137,7.425191,0.693847,6.731343,0.599781,0.094066,7.920489
9494000,40.6137,7.425191,0.693847,6.731343,0.599781,0.094066,7.920489
9495000,40.6137,7.425191,0.693847,6.731343,0.599781,0.094066,7.920489
9496000,40.6137,7.425191,0.693847,6.731343,0.599781,0.094066,8.131569
9497000,40.6137,7.425191,0.693847,6.731343,0.599781,0.094066,8.183255
9498000,40.6137,7.425191,0.693847,6.731343,0.599781,0.094066,8.140635
9499000,40.6137,7.425191,0.693847,6.731343,0.599781,0.094066,7.920489
9500000,40.6137,7.425191,0.693847,6.731343,0.599781,0.094066,7.920489
9501000,40.6137,7.425191,0.693847,6.731343,0.599781,0.094066,7.920489
9502000,40.6137,7.425191,0.693847,6.731343,0.599781,0.094066,7.930802
9503000,40.6137,7.425191,0.693847,6.731343,0.599781,0.094066,8.382087
9504000,40.6137,7.425191,0.693847,6.731343,0.599781,0.094066,7.921044
9505000,40.6137,7.425191,0.693847,6.731343,0.599781,0.094066,7.920489
9506000,40.6137,7.425191,0.693847,6.731343,0.599781,0.094066,7.920489
9507000,40.6137,7.425191,0.693847,6.731343,0.599781,0.094066,7.920489
9508000,40.6137,7.425191,0.693847,6.731343,0.599781,0.094066,7.920489
9509000,40.6137,7.425191,0.693847,6.731343,0.599781,0.094066,8.038842
9510000,40.6137,7.425191,0.693847,6.731343,0.599781,0.094066,8.049190
9511000,40.6137,7.425191,0.693847,6.731343,0.599781,0.094066,7.923422
9512000,40.6137,7.425191,0.693847,6.731343,0.599781,0.094066,7.920489
9513000,40.6137,7.425191,0.693847,6.731343,0.599781,0.094066,7.920489
9514000,40.6137,7.425191,0.693847,6.731343,0.599781,0.094066,7.920489
9515000,40.6137,7.425191,0.693847,6.731343,0.599781,0.094066,7.928119
9516000,40.6137,7.425191,0.693847,6.731343,0.599781,0.094066,7.940781
9517000,40.6137,7.425191,0.693847,6.731343,0.599781,0.094066,8.056489
9518000,40.6137,7.425191,0.693847,6.731343,0.599781,0.094066,7.933732
9519000,40.6137,7.425191,0.693847,6.731343,0.599781,0.094066,7.920395
9520000,40.6137,7.425191,0.693847,6.731343,0.599781,0.094066,7.920489
9521000,40.6137,7.425191,0.693847,6.731343,0.599781,0.094066,7.920489
9522000,40.6137,7.425191,0.693847,6.731343,0.599781,0.094066,8.007660
9523000,40.6137,7.425191,0.693847,6.731343,0.599781,0.094066,8.074753
9524000,40.6137,7.425191,0.693847,6.731343,0.599781,0.094066,7.965514
9525000,40.6137,7.425191,0.693847,6.731343,0.599781,0.094066,8.178989
9526000,40.6137,7.425191,0.693847,6.731343,0.599781,0.094066,8.040254
9527000,40.6137,7.425191,0.693847,6.731343,0.599781,0.094066,8.407819
9528000,40.6137,7.425191,0.693847,6.731343,0.599781,0.094066,7.944934
9529000,40.6137,7.425191,0.693847,6.731343,0.599781,0.094066,7.990325
9530000,40.6137,7.425191,0.693847,6.731343,0.599781,0.094066,7.920489
9531000,40.6137,7.425191,0.693847,6.731343,0.599781,0.094066,8.028744
9532000,40.6137,7.425191,0.693847,6.731343,0.599781,0.094066,7.935925
9533000,40.6137,7.425191,0.693847,6.731343,0.599781,0.094066,7.943494
9534000,40.6137,7.425191,0.693847,6.731343,0.599781,0.094066,7.929399
9535000,40.6137,7.425191,0.693847,6.731343,0.599781,0.094066,8.110230
9536000,40.6137,7.425191,0.693847,6.731343,0.599781,0.094066,7.995997
9537000,40.6137,7.425191,0.693847,6.731343,0.599781,0.094066,7.920489
9538000,40.6137,7.425191,0.693847,6.731343,0.599781,0.094066,7.920510
9539000,40.6137,7.425191,0.693847,6.731343,0.599781,0.094066,7.920489
9540000,40.6137,7.425191,0.693847,6.731343,0.599781,0.094066,7.981186
9541000,40.6137,7.425191,0.693847,6.731343,0.599781,0.094066,7.977584
9542000,40.6137,7.425191,0.693847,6.731343,0.599781,0.094066,8.457883
9543000,40.6137,7.425191,0.693847,6.731343,0.599781,0.094066,7.920489
9544000,40.6137,7.425191,0.693847,6.731343,0.599781,0.094066,8.016613
9545000,40.6137,7.425191,0.693847,6.731343,0.599781,0.094066,7.925783
9546000,40.6137,7.425191,0.693847,6.731343,0.599781,0.094066,7.979505
9547000,40.6137,7.425191,0.693847,6.731343,0.599781,0.094066,8.051769
9548000,40.6137,7.425191,0.693847,6.731343,0.599781,0.094066,7.923009
9549000,40.6137,7.425191,0.693847,6.731343,0.599781,0.094066,7.920935
9550000,40.6137,7.425191,0.693847,6.731343,0.599781,0.094066,7.919816
9551000,40.6137,7.425191,0.693847,6.731343,0.599781,0.094066,7.921944
9552000,40.6137,7.425191,0.693847,6.731343,0.599781,0.094066,7.920489
9553000,40.6137,7.425191,0.693847,6.731343,0.599781,0.094066,7.922033
9554000,40.6137,7.425191,0.693847,6.731343,0.599781,0.094066,8.051443
9555000,40.6137,7.425191,0.693847,6.731343,0.599781,0.094066,8.005410
9556000,40.6137,7.425191,0.693847,6.731343,0.599781,0.094066,7.920489
9557000,40.6137,7.425191,0.693847,6.731343,0.599781,0.094066,8.010163
9558000,40.6137,7.425191,0.693847,6.731343,0.599781,0.094066,7.920489
9559000,40.6137,7.425191,0.693847,6.731343,0.599781,0.094066,8.005002
9560000,40.6137,7.425191,0.693847,6.731343,0.599781,0.094066,7.930325
9561000,40.6137,7.425191,0.693847,6.731343,0.599781,0.094066,7.920956
9562000,40.6137,7.425191,0.693847,6.731343,0.599781,0.094066,8.010674
9563000,40.6137,7.425191,0.693847,6.731343,0.599781,0.094066,7.920489
9564000,40.6137,7.425191,0.693847,6.731343,0.599781,0.094066,7.980299
9565000,40.6137,7.425191,0.693847,6.731343,0.599781,0.094066,7.920489
9566000,40.6137,7.425191,0.693847,6.731343,0.599781,0.094066,8.392732
9567000,40.6137,7.425191,0.693847,6.731343,0.599781,0.094066,7.920489
9568000,40.6137,7.425191,0.693847,6.731343,0.599781,0.094066,8.103477
9569000,40.6137,7.425191,0.693847,6.731343,0.599781,0.094066,7.927509
9570000,40.6137,7.425191,0.693847,6.731343,0.599781,0.094066,8.118224
9571000,40.6137,7.425191,0.693847,6.731343,0.599781,0.094066,7.934494
9572000,40.6137,7.425191,0.693847,6.731343,0.599781,0.094066,7.920914
9573000,40.6137,7.425191,0.693847,6.731343,0.599781,0.094066,7.920510
9574000,40.6137,7.425191,0.693847,6.731343,0.599781,0.094066,7.919698
9575000,40.6137,7.425191,0.693847,6.731343,0.599781,0.094066,7.922870
9576000,40.6137,7.425191,0.693847,6.731343,0.599781,0.094066,7.920489
9577000,40.6137,7.425191,0.693847,6.731343,0.599781,0.094066,7.923957
9578000,40.6137,7.425191,0.693847,6.731343,0.599781,0.094066,7.921023
9579000,40.6137,7.425191,0.693847,6.731343,0.599781,0.094066,7.949253
9580000,40.6137,7.425191,0.693847,6.731343,0.599781,0.094066,7.920489
9581000,40.6137,7.425191,0.693847,6.731343,0.599781,0.094066,7.949317
9582000,40.6137,7.425191,0.693847,6.731343,0.599781,0.094066,7.920998
9583000,40.6137,7.425191,0.693847,6.731343,0.599781,0.094066,7.998161
9584000,40.6137,7.425191,0.693847,6.731343,0.599781,0.094066,7.935197
9585000,40.6137,7.425191,0.693847,6.731343,0.599781,0.094066,7.922829
9586000,40.6137,7.425191,0.693847,6.731343,0.599781,0.094066,7.920489
9587000,40.6137,7.425191,0.693847,6.731343,0.599781,0.094066,8.520979
9588000,40.6137,7.425191,0.693847,6.731343,0.599781,0.094066,8.109776
9589000,40.6137,7.425191,0.693847,6.731343,0.599781,0.094066,7.920489
9590000,40.6137,7.425191,0.693847,6.731343,0.599781,0.094066,7.951976
9591000,40.6137,7.425191,0.693847,6.731343,0.599781,0.094066,7.920489
9592000,40.6137,7.425191,0.693847,6.731343,0.599781,0.094066,8.013655
9593000,40.6137,7.425191,0.693847,6.731343,0.599781,0.094066,7.920489
9594000,40.6137,7.425191,0.693847,6.731343,0.599781,0.094066,8.228945
9595000,40.6137,7.425191,0.693847,6.731343,0.599781,0.094066,7.920301
9596000,40.6137,7.425191,0.693847,6.731343,0.599781,0.094066,8.062737
9597000,40.6137,7.425191,0.693847,6.731343,0.599781,0.094066,7.981821
9598000,40.6137,7.425191,0.693847,6.731343,0.599781,0.094066,7.999314
9599000,40.6137,7.425191,0.693847,6.731343,0.599781,0.094066,7.930347
9600000,40.6137,7.425191,0.693847,6.731343,0.599781,0.094066,7.944989
9601000,40.6137,7.425191,0.693847,6.731343,0.599781,0.094066,7.991393
9602000,40.6137,7.425191,0.693847,6.731343,0.599781,0.094066,7.920489
9603000,40.6137,7.425191,0.693847,6.731343,0.599781,0.094066,7.920489
9604000,40.6137,7.425191,0.693847,6.731343,0.599781,0.094066,7.920510
9605000,40.6137,7.425191,0.693847,6.731343,0.599781,0.094066,8.243683
9606000,40.6137,7.425191,0.693847,6.731343,0.599781,0.094066,7.932581
9607000,40.6137,7.425191,0.693847,6.731343,0.599781,0.094066,7.924511
9608000,40.6137,7.425191,0.693847,6.731343,0.599781,0.094066,7.920489
9609000,40.6137,7.425191,0.693847,6.731343,0.599781,0.094066,7.920395
9610000,40.6137,7.425191,0.693847,6.731343,0.599781,0.094066,8.019659
9611000,40.6137,7.425191,0.693847,6.731343,0.599781,0.094066,7.920489
9612000,40.6137,7.425191,0.693847,6.731343,0.599781,0.094066,7.920573
9613000,40.6137,7.425191,0.693847,6.731343,0.599781,0.094066,8.077130
9614000,40.6137,7.425191,0.693847,6.731343,0.599781,0.094066,7.947243
9615000,40.6137,7.425191,0.693847,6.731343,0.599781,0.094066,7.920489
9616000,40.6137,7.425191,0.693847,6.731343,0.599781,0.094066,7.920489
9617000,40.6137,7.425191,0.693847,6.731343,0.599781,0.094066,7.986192
9618000,40.6137,7.425191,0.693847,6.731343,0.599781,0.094066,8.109942
9619000,40.6137,7.425191,0.693847,6.731343,0.599781,0.094066,7.952315
9620000,40.6137,7.425191,0.693847,6.731343,0.599781,0.094066,7.981781
9621000,40.6137,7.425191,0.693847,6.731343,0.599781,0.094066,7.920489
9622000,40.6137,7.425191,0.693847,6.731343,0.599781,0.094066,7.920489
9623000,40.6137,7.425191,0.693847,6.731343,0.599781,0.094066,7.921381
9624000,40.6137,7.425191,0.693847,6.731343,0.599781,0.094066,7.919815
9625000,40.6137,7.425191,0.693847,6.731343,0.599781,0.094066,8.071176
9626000,40.6137,7.425191,0.693847,6.731343,0.599781,0.094066,7.981766
9627000,40.6137,7.425191,0.693847,6.731343,0.599781,0.094066,7.920510
9628000,40.6137,7.425191,0.693847,6.731343,0.599781,0.094066,7.920489
9629000,40.6137,7.425191,0.693847,6.731343,0.599781,0.094066,7.920489
9630000,40.6137,7.425191,0.693847,6.731343,0.599781,0.094066,8.021188
9631000,40.6137,7.425191,0.693847,6.731343,0.599781,0.094066,7.950127
9632000,40.6137,7.425191,0.693847,6.731343,0.599781,0.094066,7.922031
9633000,40.6137,7.425191,0.693847,6.731343,0.599781,0.094066,7.921020
9634000,40.6137,7.425191,0.693847,6.731343,0.599781,0.094066,7.919025
9635000,40.6137,7.425191,0.693847,6.731343,0.599781,0.094066,7.920183
9636000,40.6137,7.425191,0.693847,6.731343,0.599781,0.094066,7.921479
9637000,40.6137,7.425191,0.693847,6.731343,0.599781,0.094066,7.920489
9638000,40.6137,7.425191,0.693847,6.731343,0.599781,0.094066,7.984617
9639000,40.6137,7.425191,0.693847,6.731343,0.599781,0.094066,7.920510
9640000,40.6137,7.425191,0.693847,6.731343,0.599781,0.094066,7.920510
9641000,40.6137,7.425191,0.693847,6.731343,0.599781,0.094066,7.920489
9642000,40.6137,7.425191,0.693847,6.731343,0.599781,0.094066,7.920489
9643000,40.6137,7.425191,0.693847,6.731343,0.599781,0.094066,8.082694
9644000,40.6137,7.425191,0.693847,6.731343,0.599781,0.094066,7.947305
9645000,40.6137,7.425191,0.693847,6.731343,0.599781,0.094066,7.988393
9646000,40.6137,7.425191,0.693847,6.731343,0.599781,0.094066,8.015359
9647000,40.6137,7.425191,0.693847,6.731343,0.599781,0.094066,7.921507
9648000,40.6137,7.425191,0.693847,6.731343,0.599781,0.094066,7.920489
9649000,40.6137,7.425191,0.693847,6.731343,0.599781,0.094066,8.010265
9650000,40.6137,7.425191,0.693847,6.731343,0.599781,0.094066,7.955350
9651000,40.6137,7.425191,0.693847,6.731343,0.599781,0.094066,7.920573
9652000,40.6137,7.425191,0.693847,6.731343,0.599781,0.094066,7.922783
9653000,40.6137,7.425191,0.693847,6.731343,0.599781,0.094066,7.979729
9654000,40.6137,7.425191,0.693847,6.731343,0.599781,0.094066,7.920489
9655000,40.6137,7.425191,0.693847,6.731343,0.599781,0.094066,7.920489
9656000,40.6137,7.425191,0.693847,6.731343,0.599781,0.094066,7.920510
9657000,40.6137,7.425191,0.693847,6.731343,0.599781,0.094066,7.920510
9658000,40.6137,7.425191,0.693847,6.731343,0.599781,0.094066,8.051689
9659000,40.6137,7.425191,0.693847,6.731343,0.599781,0.094066,8.099656
9660000,40.6137,7.425191,0.693847,6.731343,0.599781,0.094066,7.920489
9661000,40.6137,7.425191,0.693847,6.731343,0.599781,0.094066,7.920489
9662000,40.6137,7.425191,0.693847,6.731343,0.599781,0.094066,8.006826
9663000,40.6137,7.425191,0.693847,6.731343,0.599781,0.094066,7.932993
9664000,40.6137,7.425191,0.693847,6.731343,0.599781,0.094066,7.926077
9665000,40.6137,7.425191,0.693847,6.731343,0.599781,0.094066,8.021947
9666000,40.6137,7.425191,0.693847,6.731343,0.599781,0.094066,7.958463
9667000,40.6137,7.425191,0.693847,6.731343,0.599781,0.094066,7.920489
9668000,40.6137,7.425191,0.693847,6.731343,0.599781,0.094066,7.920489
9669000,40.6137,7.425191,0.693847,6.731343,0.599781,0.094066,8.010651
9670000,40.6137,7.425191,0.693847,6.731343,0.599781,0.094066,7.922365
9671000,40.6137,7.425191,0.693847,6.731343,0.599781,0.094066,8.001878
9672000,40.6137,7.425191,0.693847,6.731343,0.599781,0.094066,8.239269
9673000,40.6137,7.425191,0.693847,6.731343,0.599781,0.094066,7.920489
9674000,40.6137,7.425191,0.693847,6.731343,0.599781,0.094066,7.919605
9675000,40.6137,7.425191,0.693847,6.731343,0.599781,0.094066,7.923991
9676000,40.6137,7.425191,0.693847,6.731343,0.599781,0.094066,7.920573
9677000,40.6137,7.425191,0.693847,6.731343,0.599781,0.094066,7.981241
9678000,40.6137,7.425191,0.693847,6.731343,0.599781,0.094066,7.920489
9679000,40.6137,7.425191,0.693847,6.731343,0.599781,0.094066,7.949872
9680000,40.6137,7.425191,0.693847,6.731343,0.599781,0.094066,7.920489
9681000,40.6137,7.425191,0.693847,6.731343,0.599781,0.094066,7.920489
9682000,40.6137,7.425191,0.693847,6.731343,0.599781,0.094066,8.009944
9683000,40.6137,7.425191,0.693847,6.731343,0.599781,0.094066,7.921414
9684000,40.6137,7.425191,0.693847,6.731343,0.599781,0.094066,7.962110
9685000,40.6137,7.425191,0.693847,6.731343,0.599781,0.094066,8.009221
9686000,40.6137,7.425191,0.693847,6.731343,0.599781,0.094066,7.920489
9687000,40.6137,7.425191,0.693847,6.731343,0.599781,0.094066,7.920489
9688000,40.6137,7.425191,0.693847,6.731343,0.599781,0.094066,7.997657
9689000,40.6137,7.425191,0.693847,6.731343,0.599781,0.094066,8.213037
9690000,40.6137,7.425191,0.693847,6.731343,0.599781,0.094066,7.921167
9691000,40.6137,7.425191,0.693847,6.731343,0.599781,0.094066,7.984230
9692000,40.6137,7.425191,0.693847,6.731343,0.599781,0.094066,7.920510
9693000,40.6137,7.425191,0.693847,6.731343,0.599781,0.094066,7.920489
9694000,40.6137,7.425191,0.693847,6.731343,0.599781,0.094066,7.920489
9695000,40.6137,7.425191,0.693847,6.731343,0.599781,0.094066,7.924945
9696000,40.6137,7.425191,0.693847,6.731343,0.599781,0.094066,8.064442
9697000,40.6137,7.425191,0.693847,6.731343,0.599781,0.094066,7.927463
9698000,40.6137,7.425191,0.693847,6.731343,0.599781,0.094066,8.021161
9699000,40.6137,7.425191,0.693847,6.731343,0.599781,0.094066,7.920489
9700000,40.6137,7.425191,0.693847,6.731343,0.599781,0.094066,7.920489
9701000,40.6137,7.425191,0.693847,6.731343,0.599781,0.094066,7.920489
9702000,40.6137,7.425191,0.693847,6.731343,0.599781,0.094066,7.920510
9703000,40.6137,7.425191,0.693847,6.731343,0.599781,0.094066,7.957897
9704000,40.6137,7.425191,0.693847,6.731343,0.599781,0.094066,8.197810
9705000,40.6137,7.425191,0.693847,6.731343,0.599781,0.094066,7.920510
9706000,40.6137,7.425191,0.693847,6.731343,0.599781,0.094066,7.920489
9707000,40.6137,7.425191,0.693847,6.731343,0.599781,0.094066,7.920489
9708000,40.6137,7.425191,0.693847,6.731343,0.599781,0.094066,7.920573
9709000,40.6137,7.425191,0.693847,6.731343,0.599781,0.094066,7.980176
9710000,40.6137,7.425191,0.693847,6.731343,0.599781,0.094066,8.112221
9711000,40.6137,7.425191,0.693847,6.731343,0.599781,0.094066,8.254372
9712000,40.6137,7.425191,0.693847,6.731343,0.599781,0.094066,7.920489
9713000,40.6137,7.425191,0.693847,6.731343,0.599781,0.094066,7.919698
9714000,40.6137,7.425191,0.693847,6.731343,0.599781,0.094066,7.922267
9715000,40.6137,7.425191,0.693847,6.731343,0.599781,0.094066,7.919698
9716000,40.6137,7.425191,0.693847,6.731343,0.599781,0.094066,7.955128
9717000,40.6137,7.425191,0.693847,6.731343,0.599781,0.094066,7.931900
9718000,40.6137,7.425191,0.693847,6.731343,0.599781,0.094066,7.921223
9719000,40.6137,7.425191,0.693847,6.731343,0.599781,0.094066,7.920489
9720000,40.6137,7.425191,0.693847,6.731343,0.599781,0.094066,7.920489
9721000,40.6137,7.425191,0.693847,6.731343,0.599781,0.094066,7.920935
9722000,40.6137,7.425191,0.693847,6.731343,0.599781,0.094066,7.921023
9723000,40.6137,7.425191,0.693847,6.731343,0.599781,0.094066,8.017838
9724000,40.6137,7.425191,0.693847,6.731343,0.599781,0.094066,7.920416
9725000,40.6137,7.425191,0.693847,6.731343,0.599781,0.094066,7.920489
9726000,40.6137,7.425191,0.693847,6.731343,0.599781,0.094066,7.920489
9727000,40.6137,7.425191,0.693847,6.731343,0.599781,0.094066,7.960049
9728000,40.6137,7.425191,0.693847,6.731343,0.599781,0.094066,7.940120
9729000,40.6137,7.425191,0.693847,6.731343,0.599781,0.094066,7.924853
9730000,40.6137,7.425191,0.693847,6.731343,0.599781,0.094066,7.936623
9731000,40.6137,7.425191,0.693847,6.731343,0.599781,0.094066,8.048572
9732000,40.6137,7.425191,0.693847,6.731343,0.599781,0.094066,7.920489
9733000,40.6137,7.425191,0.693847,6.731343,0.599781,0.094066,7.920489
9734000,40.6137,7.425191,0.693847,6.731343,0.599781,0.094066,7.985171
9735000,40.6137,7.425191,0.693847,6.731343,0.599781,0.094066,7.949253
9736000,40.6137,7.425191,0.693847,6.731343,0.599781,0.094066,7.922787
9737000,40.6137,7.425191,0.693847,6.731343,0.599781,0.094066,7.953197
9738000,40.6137,7.425191,0.693847,6.731343,0.599781,0.094066,7.919698
9739000,40.6137,7.425191,0.693847,6.731343,0.599781,0.094066,7.920489
9740000,40.6137,7.425191,0.693847,6.731343,0.599781,0.094066,7.989770
9741000,40.6137,7.425191,0.693847,6.731343,0.599781,0.094066,8.199288
9742000,40.6137,7.425191,0.693847,6.731343,0.599781,0.094066,7.955862
9743000,40.6137,7.425191,0.693847,6.731343,0.599781,0.094066,8.046077
9744000,40.6137,7.425191,0.693847,6.731343,0.599781,0.094066,7.983896
9745000,40.6137,7.425191,0.693847,6.731343,0.599781,0.094066,7.920395
9746000,40.6137,7.425191,0.693847,6.731343,0.599781,0.094066,7.920489
9747000,40.6137,7.425191,0.693847,6.731343,0.599781,0.094066,8.044858
9748000,40.6137,7.425191,0.693847,6.731343,0.599781,0.094066,7.921389
9749000,40.6137,7.425191,0.693847,6.731343,0.599781,0.094066,7.920935
9750000,40.6137,7.425191,0.693847,6.731343,0.599781,0.094066,7.939968
9751000,40.6137,7.425191,0.693847,6.731343,0.599781,0.094066,7.930262
9752000,40.6137,7.425191,0.693847,6.731343,0.599781,0.094066,7.920489
9753000,40.6137,7.425191,0.693847,6.731343,0.599781,0.094066,7.919816
9754000,40.6137,7.425191,0.693847,6.731343,0.599781,0.094066,7.988087
9755000,40.6137,7.425191,0.693847,6.731343,0.599781,0.094066,7.922864
9756000,40.6137,7.425191,0.693847,6.731343,0.599781,0.094066,7.988397
9757000,40.6137,7.425191,0.693847,6.731343,0.599781,0.094066,8.141034
9758000,40.6137,7.425191,0.693847,6.731343,0.599781,0.094066,7.920489
9759000,40.6137,7.425191,0.693847,6.731343,0.599781,0.094066,7.920489
9760000,40.6137,7.425191,0.693847,6.731343,0.599781,0.094066,8.049951
9761000,40.6137,7.425191,0.693847,6.731343,0.599781,0.094066,7.921469
9762000,40.6137,7.425191,0.693847,6.731343,0.599781,0.094066,7.955019
9763000,40.6137,7.425191,0.693847,6.731343,0.599781,0.094066,8.072764
9764000,40.6137,7.425191,0.693847,6.731343,0.599781,0.094066,7.921821
9765000,40.6137,7.425191,0.693847,6.731343,0.599781,0.094066,7.920489
9766000,40.6137,7.425191,0.693847,6.731343,0.599781,0.094066,7.921626
9767000,40.6137,7.425191,0.693847,6.731343,0.599781,0.094066,7.920510
9768000,40.6137,7.425191,0.693847,6.731343,0.599781,0.094066,7.951741
9769000,40.6137,7.425191,0.693847,6.731343,0.599781,0.094066,7.920573
9770000,40.6137,7.425191,0.693847,6.731343,0.599781,0.094066,7.955422
9771000,40.6137,7.425191,0.693847,6.731343,0.599781,0.094066,7.920489
9772000,40.6137,7.425191,0.693847,6.731343,0.599781,0.094066,7.920489
9773000,40.6137,7.425191,0.693847,6.731343,0.599781,0.094066,7.921223
9774000,40.6137,7.425191,0.693847,6.731343,0.599781,0.094066,7.922354
9775000,40.6137,7.425191,0.693847,6.731343,0.599781,0.094066,7.951038
9776000,40.6137,7.425191,0.693847,6.731343,0.599781,0.094066,8.045034
9777000,40.6137,7.425191,0.693847,6.731343,0.599781,0.094066,7.931133
9778000,40.6137,7.425191,0.693847,6.731343,0.599781,0.094066,7.919698
9779000,40.6137,7.425191,0.693847,6.731343,0.599781,0.094066,7.920416
9780000,40.6137,7.425191,0.693847,6.731343,0.599781,0.094066,7.920489
9781000,40.6137,7.425191,0.693847,6.731343,0.599781,0.094066,8.181864
9782000,40.6137,7.425191,0.693847,6.731343,0.599781,0.094066,7.995182
9783000,40.6137,7.425191,0.693847,6.731343,0.599781,0.094066,7.920510
9784000,40.6137,7.425191,0.693847,6.731343,0.599781,0.094066,7.919698
9785000,40.6137,7.425191,0.693847,6.731343,0.599781,0.094066,7.920395
9786000,40.6137,7.425191,0.693847,6.731343,0.599781,0.094066,7.957154
9787000,40.6137,7.425191,0.693847,6.731343,0.599781,0.094066,8.019090
9788000,40.6137,7.425191,0.693847,6.731343,0.599781,0.094066,8.073969
9789000,40.6137,7.425191,0.693847,6.731343,0.599781,0.094066,8.011134
9790000,40.6137,7.425191,0.693847,6.731343,0.599781,0.094066,7.920489
9791000,40.6137,7.425191,0.693847,6.731343,0.599781,0.094066,7.920489
9792000,40.6137,7.425191,0.693847,6.731343,0.599781,0.094066,7.950305
9793000,40.6137,7.425191,0.693847,6.731343,0.599781,0.094066,7.920278
9794000,40.6137,7.425191,0.693847,6.731343,0.599781,0.094066,8.067367
9795000,40.6137,7.425191,0.693847,6.731343,0.599781,0.094066,7.929493
9796000,40.6137,7.425191,0.693847,6.731343,0.599781,0.094066,8.018149
9797000,40.6137,7.425191,0.693847,6.731343,0.599781,0.094066,7.920489
9798000,40.6137,7.425191,0.693847,6.731343,0.599781,0.094066,7.920489
9799000,40.6137,7.425191,0.693847,6.731343,0.599781,0.094066,7.981852
9800000,40.6137,7.425191,0.693847,6.731343,0.599781,0.094066,7.941362
9801000,40.6137,7.425191,0.693847,6.731343,0.599781,0.094066,7.964981
9802000,40.6137,7.425191,0.693847,6.731343,0.599781,0.094066,7.920510
9803000,40.6137,7.425191,0.693847,6.731343,0.599781,0.094066,7.920489
9804000,40.6137,7.425191,0.693847,6.731343,0.599781,0.094066,7.920489
9805000,40.6137,7.425191,0.693847,6.731343,0.599781,0.094066,7.950075
9806000,40.6137,7.425191,0.693847,6.731343,0.599781,0.094066,7.920489
9807000,40.6137,7.425191,0.693847,6.731343,0.599781,0.094066,7.949918
9808000,40.6137,7.425191,0.693847,6.731343,0.599781,0.094066,8.002925
9809000,40.6137,7.425191,0.693847,6.731343,0.599781,0.094066,7.960621
9810000,40.6137,7.425191,0.693847,6.731343,0.599781,0.094066,7.920489
9811000,40.6137,7.425191,0.693847,6.731343,0.599781,0.094066,7.921690
9812000,40.6137,7.425191,0.693847,6.731343,0.599781,0.094066,7.920573
9813000,40.6137,7.425191,0.693847,6.731343,0.599781,0.094066,8.127751
9814000,40.6137,7.425191,0.693847,6.731343,0.599781,0.094066,8.162577
9815000,40.6137,7.425191,0.693847,6.731343,0.599781,0.094066,7.980429
9816000,40.6137,7.425191,0.693847,6.731343,0.599781,0.094066,7.920489
9817000,40.6137,7.425191,0.693847,6.731343,0.599781,0.094066,7.920489
9818000,40.6137,7.425191,0.693847,6.731343,0.599781,0.094066,8.116660
9819000,40.6137,7.425191,0.693847,6.731343,0.599781,0.094066,7.970109
9820000,40.6137,7.425191,0.693847,6.731343,0.599781,0.094066,7.980804
9821000,40.6137,7.425191,0.693847,6.731343,0.599781,0.094066,7.949957
9822000,40.6137,7.425191,0.693847,6.731343,0.599781,0.094066,7.920510
9823000,40.6137,7.425191,0.693847,6.731343,0.599781,0.094066,7.920489
9824000,40.6137,7.425191,0.693847,6.731343,0.599781,0.094066,7.919816
9825000,40.6137,7.425191,0.693847,6.731343,0.599781,0.094066,8.312054
9826000,40.6137,7.425191,0.693847,6.731343,0.599781,0.094066,7.940884
9827000,40.6137,7.425191,0.693847,6.731343,0.599781,0.094066,8.138711
9828000,40.6137,7.425191,0.693847,6.731343,0.599781,0.094066,8.266037
9829000,40.6137,7.425191,0.693847,6.731343,0.599781,0.094066,7.920489
9830000,40.6137,7.425191,0.693847,6.731343,0.599781,0.094066,7.920489
9831000,40.6137,7.425191,0.693847,6.731343,0.599781,0.094066,7.946308
9832000,40.6137,7.425191,0.693847,6.731343,0.599781,0.094066,7.930410
9833000,40.6137,7.425191,0.693847,6.731343,0.599781,0.094066,8.122554
9834000,40.6137,7.425191,0.693847,6.731343,0.599781,0.094066,8.176584
9835000,40.6137,7.425191,0.693847,6.731343,0.599781,0.094066,7.930512
9836000,40.6137,7.425191,0.693847,6.731343,0.599781,0.094066,7.920277
9837000,40.6137,7.425191,0.693847,6.731343,0.599781,0.094066,7.920489
9838000,40.6137,7.425191,0.693847,6.731343,0.599781,0.094066,8.010857
9839000,40.6137,7.425191,0.693847,6.731343,0.599781,0.094066,8.069780
9840000,40.6137,7.425191,0.693847,6.731343,0.599781,0.094066,7.962846
9841000,40.6137,7.425191,0.693847,6.731343,0.599781,0.094066,7.979336
9842000,40.6137,7.425191,0.693847,6.731343,0.599781,0.094066,7.920489
9843000,40.6137,7.425191,0.693847,6.731343,0.599781,0.094066,7.920489
9844000,40.6137,7.425191,0.693847,6.731343,0.599781,0.094066,8.099011
9845000,40.6137,7.425191,0.693847,6.731343,0.599781,0.094066,7.950174
9846000,40.6137,7.425191,0.693847,6.731343,0.599781,0.094066,8.040609
9847000,40.6137,7.425191,0.693847,6.731343,0.599781,0.094066,8.044884
9848000,40.6137,7.425191,0.693847,6.731343,0.599781,0.094066,7.920489
9849000,40.6137,7.425191,0.693847,6.731343,0.599781,0.094066,7.920489
9850000,40.6137,7.425191,0.693847,6.731343,0.599781,0.094066,7.920489
9851000,40.6137,7.425191,0.693847,6.731343,0.599781,0.094066,7.958180
9852000,40.6137,7.425191,0.693847,6.731343,0.599781,0.094066,7.955103
9853000,40.6137,7.425191,0.693847,6.731343,0.599781,0.094066,7.923689
9854000,40.6137,7.425191,0.693847,6.731343,0.599781,0.094066,7.920510
9855000,40.6137,7.425191,0.693847,6.731343,0.599781,0.094066,7.920489
9856000,40.6137,7.425191,0.693847,6.731343,0.599781,0.094066,7.920489
9857000,40.6137,7.425191,0.693847,6.731343,0.599781,0.094066,7.920510
9858000,40.6137,7.425191,0.693847,6.731343,0.599781,0.094066,7.924707
9859000,40.6137,7.425191,0.693847,6.731343,0.599781,0.094066,7.985669
9860000,40.6137,7.425191,0.693847,6.731343,0.599781,0.094066,7.986186
9861000,40.6137,7.425191,0.693847,6.731343,0.599781,0.094066,7.920489
9862000,40.6137,7.425191,0.693847,6.731343,0.599781,0.094066,7.920489
9863000,40.6137,7.425191,0.693847,6.731343,0.599781,0.094066,7.920489
9864000,40.6137,7.425191,0.693847,6.731343,0.599781,0.094066,7.923571
9865000,40.6137,7.425191,0.693847,6.731343,0.599781,0.094066,8.250862
9866000,40.6137,7.425191,0.693847,6.731343,0.599781,0.094066,7.987123
9867000,40.6137,7.425191,0.693847,6.731343,0.599781,0.094066,7.920510
9868000,40.6137,7.425191,0.693847,6.731343,0.599781,0.094066,7.920489
9869000,40.6137,7.425191,0.693847,6.731343,0.599781,0.094066,7.920489
9870000,40.6137,7.425191,0.693847,6.731343,0.599781,0.094066,7.925439
9871000,40.6137,7.425191,0.693847,6.731343,0.599781,0.094066,7.921259
9872000,40.6137,7.425191,0.693847,6.731343,0.599781,0.094066,8.247182
9873000,40.6137,7.425191,0.693847,6.731343,0.599781,0.094066,8.118230
9874000,40.6137,7.425191,0.693847,6.731343,0.599781,0.094066,7.925414
9875000,40.6137,7.425191,0.693847,6.731343,0.599781,0.094066,7.919816
9876000,40.6137,7.425191,0.693847,6.731343,0.599781,0.094066,7.920277
9877000,40.6137,7.425191,0.693847,6.731343,0.599781,0.094066,7.980831
9878000,40.6137,7.425191,0.693847,6.731343,0.599781,0.094066,7.921153
9879000,40.6137,7.425191,0.693847,6.731343,0.599781,0.094066,7.953182
9880000,40.6137,7.425191,0.693847,6.731343,0.599781,0.094066,7.920510
9881000,40.6137,7.425191,0.693847,6.731343,0.599781,0.094066,7.920489
9882000,40.6137,7.425191,0.693847,6.731343,0.599781,0.094066,7.920489
9883000,40.6137,7.425191,0.693847,6.731343,0.599781,0.094066,7.922004
9884000,40.6137,7.425191,0.693847,6.731343,0.599781,0.094066,7.920489
9885000,40.6137,7.425191,0.693847,6.731343,0.599781,0.094066,8.237771
9886000,40.6137,7.425191,0.693847,6.731343,0.599781,0.094066,8.019813
9887000,40.6137,7.425191,0.693847,6.731343,0.599781,0.094066,7.920489
9888000,40.6137,7.425191,0.693847,6.731343,0.599781,0.094066,7.920489
9889000,40.6137,7.425191,0.693847,6.731343,0.599781,0.094066,7.921265
9890000,40.6137,7.425191,0.693847,6.731343,0.599781,0.094066,7.920510
9891000,40.6137,7.425191,0.693847,6.731343,0.599781,0.094066,7.959717
9892000,40.6137,7.425191,0.693847,6.731343,0.599781,0.094066,8.012738
9893000,40.6137,7.425191,0.693847,6.731343,0.599781,0.094066,7.949697
9894000,40.6137,7.425191,0.693847,6.731343,0.599781,0.094066,7.920395
9895000,40.6137,7.425191,0.693847,6.731343,0.599781,0.094066,7.920489
9896000,40.6137,7.425191,0.693847,6.731343,0.599781,0.094066,7.950627
9897000,40.6137,7.425191,0.693847,6.731343,0.599781,0.094066,7.920489
9898000,40.6137,7.425191,0.693847,6.731343,0.599781,0.094066,7.980777
9899000,40.6137,7.425191,0.693847,6.731343,0.599781,0.094066,8.054182
9900000,40.6137,7.425191,0.693847,6.731343,0.599781,0.094066,7.920489
9901000,40.6137,7.425191,0.693847,6.731343,0.599781,0.094066,7.920489
9902000,40.6137,7.425191,0.693847,6.731343,0.599781,0.094066,7.920510
9903000,40.6137,7.425191,0.693847,6.731343,0.599781,0.094066,7.920489
9904000,40.6137,7.425191,0.693847,6.731343,0.599781,0.094066,8.033440
9905000,40.6137,7.425191,0.693847,6.731343,0.599781,0.094066,8.025567
9906000,40.6137,7.425191,0.693847,6.731343,0.599781,0.094066,7.920489
9907000,40.6137,7.425191,0.693847,6.731343,0.599781,0.094066,7.920489
9908000,40.6137,7.425191,0.693847,6.731343,0.599781,0.094066,7.920489
9909000,40.6137,7.425191,0.693847,6.731343,0.599781,0.094066,8.042306
9910000,40.6137,7.425191,0.693847,6.731343,0.599781,0.094066,7.921511
9911000,40.6137,7.425191,0.693847,6.731343,0.599781,0.094066,8.104463
9912000,40.6137,7.425191,0.693847,6.731343,0.599781,0.094066,8.137413
9913000,40.6137,7.425191,0.693847,6.731343,0.599781,0.094066,7.920278
9914000,40.6137,7.425191,0.693847,6.731343,0.599781,0.094066,7.919815
9915000,40.6137,7.425191,0.693847,6.731343,0.599781,0.094066,7.990803
9916000,40.6137,7.425191,0.693847,6.731343,0.599781,0.094066,7.920277
9917000,40.6137,7.425191,0.693847,6.731343,0.599781,0.094066,8.043289
9918000,40.6137,7.425191,0.693847,6.731343,0.599781,0.094066,7.960095
9919000,40.6137,7.425191,0.693847,6.731343,0.599781,0.094066,7.920489
9920000,40.6137,7.425191,0.693847,6.731343,0.599781,0.094066,7.920489
9921000,40.6137,7.425191,0.693847,6.731343,0.599781,0.094066,7.920489
9922000,40.6137,7.425191,0.693847,6.731343,0.599781,0.094066,8.099629
9923000,40.6137,7.425191,0.693847,6.731343,0.599781,0.094066,7.920489
9924000,40.6137,7.425191,0.693847,6.731343,0.599781,0.094066,8.230701
9925000,40.6137,7.425191,0.693847,6.731343,0.599781,0.094066,8.048089
9926000,40.6137,7.425191,0.693847,6.731343,0.599781,0.094066,7.920489
9927000,40.6137,7.425191,0.693847,6.731343,0.599781,0.094066,7.920489
9928000,40.6137,7.425191,0.693847,6.731343,0.599781,0.094066,8.296125
9929000,40.6137,7.425191,0.693847,6.731343,0.599781,0.094066,8.079688
9930000,40.6137,7.425191,0.693847,6.731343,0.599781,0.094066,8.248273
9931000,40.6137,7.425191,0.693847,6.731343,0.599781,0.094066,7.996992
9932000,40.6137,7.425191,0.693847,6.731343,0.599781,0.094066,7.920395
9933000,40.6137,7.425191,0.693847,6.731343,0.599781,0.094066,7.919698
9934000,40.6137,7.425191,0.693847,6.731343,0.599781,0.094066,7.920489
9935000,40.6137,7.425191,0.693847,6.731343,0.599781,0.094066,7.954125
9936000,40.6137,7.425191,0.693847,6.731343,0.599781,0.094066,7.921507
9937000,40.6137,7.425191,0.693847,6.731343,0.599781,0.094066,7.950353
9938000,40.6137,7.425191,0.693847,6.731343,0.599781,0.094066,7.948891
9939000,40.6137,7.425191,0.693847,6.731343,0.599781,0.094066,7.920489
9940000,40.6137,7.425191,0.693847,6.731343,0.599781,0.094066,7.920489
9941000,40.6137,7.425191,0.693847,6.731343,0.599781,0.094066,7.920489
9942000,40.6137,7.425191,0.693847,6.731343,0.599781,0.094066,7.920510
9943000,40.6137,7.425191,0.693847,6.731343,0.599781,0.094066,8.024502
9944000,40.6137,7.425191,0.693847,6.731343,0.599781,0.094066,8.296482
9945000,40.6137,7.425191,0.693847,6.731343,0.599781,0.094066,8.045797
9946000,40.6137,7.425191,0.693847,6.731343,0.599781,0.094066,7.920489
9947000,40.6137,7.425191,0.693847,6.731343,0.599781,0.094066,7.920489
9948000,40.6137,7.425191,0.693847,6.731343,0.599781,0.094066,7.923496
9949000,40.6137,7.425191,0.693847,6.731343,0.599781,0.094066,7.967274
9950000,40.6137,7.425191,0.693847,6.731343,0.599781,0.094066,8.026133
9951000,40.6137,7.425191,0.693847,6.731343,0.599781,0.094066,7.936042
9952000,40.6137,7.425191,0.693847,6.731343,0.599781,0.094066,7.920489
9953000,40.6137,7.425191,0.693847,6.731343,0.599781,0.094066,7.920278
9954000,40.6137,7.425191,0.693847,6.731343,0.599781,0.094066,7.924884
9955000,40.6137,7.425191,0.693847,6.731343,0.599781,0.094066,7.919698
9956000,40.6137,7.425191,0.693847,6.731343,0.599781,0.094066,8.049725
9957000,40.6137,7.425191,0.693847,6.731343,0.599781,0.094066,7.921648
9958000,40.6137,7.425191,0.693847,6.731343,0.599781,0.094066,7.920489
9959000,40.6137,7.425191,0.693847,6.731343,0.599781,0.094066,7.919698
9960000,40.6137,7.425191,0.693847,6.731343,0.599781,0.094066,7.920395
9961000,40.6137,7.425191,0.693847,6.731343,0.599781,0.094066,7.920510
9962000,40.6137,7.425191,0.693847,6.731343,0.599781,0.094066,7.953276
9963000,40.6137,7.425191,0.693847,6.731343,0.599781,0.094066,8.003917
9964000,40.6137,7.425191,0.693847,6.731343,0.599781,0.094066,7.936565
9965000,40.6137,7.425191,0.693847,6.731343,0.599781,0.094066,7.920489
9966000,40.6137,7.425191,0.693847,6.731343,0.599781,0.094066,7.920489
9967000,40.6137,7.425191,0.693847,6.731343,0.599781,0.094066,8.072616
9968000,40.6137,7.425191,0.693847,6.731343,0.599781,0.094066,7.920489
9969000,40.6137,7.425191,0.693847,6.731343,0.599781,0.094066,8.165724
9970000,40.6137,7.425191,0.693847,6.731343,0.599781,0.094066,7.981456
9971000,40.6137,7.425191,0.693847,6.731343,0.599781,0.094066,7.920489
9972000,40.6137,7.425191,0.693847,6.731343,0.599781,0.094066,7.920489
9973000,40.6137,7.425191,0.693847,6.731343,0.599781,0.094066,8.000861
9974000,40.6137,7.425191,0.693847,6.731343,0.599781,0.094066,8.048366
9975000,40.6137,7.425191,0.693847,6.731343,0.599781,0.094066,8.029521
9976000,40.6137,7.425191,0.693847,6.731343,0.599781,0.094066,7.940672
9977000,40.6137,7.425191,0.693847,6.731343,0.599781,0.094066,7.920489
9978000,40.6137,7.425191,0.693847,6.731343,0.599781,0.094066,7.920489
9979000,40.6137,7.425191,0.693847,6.731343,0.599781,0.094066,7.920489
9980000,40.6137,7.425191,0.693847,6.731343,0.599781,0.094066,8.200303
9981000,40.6137,7.425191,0.693847,6.731343,0.599781,0.094066,7.945966
9982000,40.6137,7.425191,0.693847,6.731343,0.599781,0.094066,8.023128
9983000,40.6137,7.425191,0.693847,6.731343,0.599781,0.094066,7.978106
9984000,40.6137,7.425191,0.693847,6.731343,0.599781,0.094066,7.920489
9985000,40.6137,7.425191,0.693847,6.731343,0.599781,0.094066,7.920489
9986000,40.6137,7.425191,0.693847,6.731343,0.599781,0.094066,7.920489
9987000,40.6137,7.425191,0.693847,6.731343,0.599781,0.094066,7.920510
9988000,40.6137,7.425191,0.693847,6.731343,0.599781,0.094066,8.085319
9989000,40.6137,7.425191,0.693847,6.731343,0.599781,0.094066,8.068648
9990000,40.6137,7.425191,0.693847,6.731343,0.599781,0.094066,7.920489
9991000,40.6137,7.425191,0.693847,6.731343,0.599781,0.094066,7.920489
9992000,40.6137,7.425191,0.693847,6.731343,0.599781,0.094066,7.920489
9993000,40.6137,7.425191,0.693847,6.731343,0.599781,0.094066,8.048603
9994000,40.6137,7.425191,0.693847,6.731343,0.599781,0.094066,8.042376
9995000,40.6137,7.425191,0.693847,6.731343,0.599781,0.094066,8.045198
9996000,40.6137,7.425191,0.693847,6.731343,0.599781,0.094066,8.172812
9997000,40.6137,7.425191,0.693847,6.731343,0.599781,0.094066,7.920489
9998000,40.6137,7.425191,0.693847,6.731343,0.599781,0.094066,7.920489
9999000,40.6137,7.425191,0.693847,6.731343,0.599781,0.094066,7.920573
