Cycle,Area(mm^2),PeakDynamic(W),SubthresholdLeakage(W),GateLeakage(W),RunTimeDynamic(W)
14000000,8.6440,0.261844,0.058609,0.079322,0.220727
14001000,8.6440,0.261844,0.058609,0.079322,0.206855
14002000,8.6440,0.261844,0.058609,0.079322,0.216233
14003000,8.6440,0.261844,0.058609,0.079322,0.206812
14004000,8.6440,0.261844,0.058609,0.079322,0.211031
14005000,8.6440,0.261844,0.058609,0.079322,0.214925
14006000,8.6440,0.261844,0.058609,0.079322,0.204689
14007000,8.6440,0.261844,0.058609,0.079322,0.214866
14008000,8.6440,0.261844,0.058609,0.079322,0.216916
14009000,8.6440,0.261844,0.058609,0.079322,0.210526
14010000,8.6440,0.261844,0.058609,0.079322,0.211510
14011000,8.6440,0.261844,0.058609,0.079322,0.218203
14012000,8.6440,0.261844,0.058609,0.079322,0.215232
14013000,8.6440,0.261844,0.058609,0.079322,0.211521
14014000,8.6440,0.261844,0.058609,0.079322,0.208430
14015000,8.6440,0.261844,0.058609,0.079322,0.204521
14016000,8.6440,0.261844,0.058609,0.079322,0.220917
14017000,8.6440,0.261844,0.058609,0.079322,0.210439
14018000,8.6440,0.261844,0.058609,0.079322,0.222393
14019000,8.6440,0.261844,0.058609,0.079322,0.204463
14020000,8.6440,0.261844,0.058609,0.079322,0.201303
14021000,8.6440,0.261844,0.058609,0.079322,0.206199
14022000,8.6440,0.261844,0.058609,0.079322,0.219287
14023000,8.6440,0.261844,0.058609,0.079322,0.206472
14024000,8.6440,0.261844,0.058609,0.079322,0.216216
14025000,8.6440,0.261844,0.058609,0.079322,0.208497
14026000,8.6440,0.261844,0.058609,0.079322,0.204820
14027000,8.6440,0.261844,0.058609,0.079322,0.215505
14028000,8.6440,0.261844,0.058609,0.079322,0.213527
14029000,8.6440,0.261844,0.058609,0.079322,0.210736
14030000,8.6440,0.261844,0.058609,0.079322,0.206104
14031000,8.6440,0.261844,0.058609,0.079322,0.210531
14032000,8.6440,0.261844,0.058609,0.079322,0.207378
14033000,8.6440,0.261844,0.058609,0.079322,0.221744
14034000,8.6440,0.261844,0.058609,0.079322,0.212374
14035000,8.6440,0.261844,0.058609,0.079322,0.210620
14036000,8.6440,0.261844,0.058609,0.079322,0.214271
14037000,8.6440,0.261844,0.058609,0.079322,0.212202
14038000,8.6440,0.261844,0.058609,0.079322,0.206587
14039000,8.6440,0.261844,0.058609,0.079322,0.206422
14040000,8.6440,0.261844,0.058609,0.079322,0.225029
14041000,8.6440,0.261844,0.058609,0.079322,0.207488
14042000,8.6440,0.261844,0.058609,0.079322,0.212820
14043000,8.6440,0.261844,0.058609,0.079322,0.216472
14044000,8.6440,0.261844,0.058609,0.079322,0.208253
14045000,8.6440,0.261844,0.058609,0.079322,0.204790
14046000,8.6440,0.261844,0.058609,0.079322,0.211027
14047000,8.6440,0.261844,0.058609,0.079322,0.212341
14048000,8.6440,0.261844,0.058609,0.079322,0.197692
14049000,8.6440,0.261844,0.058609,0.079322,0.217814
14050000,8.6440,0.261844,0.058609,0.079322,0.218950
14051000,8.6440,0.261844,0.058609,0.079322,0.201586
14052000,8.6440,0.261844,0.058609,0.079322,0.215249
14053000,8.6440,0.261844,0.058609,0.079322,0.212671
14054000,8.6440,0.261844,0.058609,0.079322,0.205280
14055000,8.6440,0.261844,0.058609,0.079322,0.220243
14056000,8.6440,0.261844,0.058609,0.079322,0.210636
14057000,8.6440,0.261844,0.058609,0.079322,0.199339
14058000,8.6440,0.261844,0.058609,0.079322,0.224325
14059000,8.6440,0.261844,0.058609,0.079322,0.214930
14060000,8.6440,0.261844,0.058609,0.079322,0.208228
14061000,8.6440,0.261844,0.058609,0.079322,0.214072
14062000,8.6440,0.261844,0.058609,0.079322,0.205729
14063000,8.6440,0.261844,0.058609,0.079322,0.212446
14064000,8.6440,0.261844,0.058609,0.079322,0.212015
14065000,8.6440,0.261844,0.058609,0.079322,0.217667
14066000,8.6440,0.261844,0.058609,0.079322,0.202117
14067000,8.6440,0.261844,0.058609,0.079322,0.209356
14068000,8.6440,0.261844,0.058609,0.079322,0.218384
14069000,8.6440,0.261844,0.058609,0.079322,0.206505
14070000,8.6440,0.261844,0.058609,0.079322,0.206607
14071000,8.6440,0.261844,0.058609,0.079322,0.213613
14072000,8.6440,0.261844,0.058609,0.079322,0.205342
14073000,8.6440,0.261844,0.058609,0.079322,0.215188
14074000,8.6440,0.261844,0.058609,0.079322,0.218850
14075000,8.6440,0.261844,0.058609,0.079322,0.219599
14076000,8.6440,0.261844,0.058609,0.079322,0.213428
14077000,8.6440,0.261844,0.058609,0.079322,0.208392
14078000,8.6440,0.261844,0.058609,0.079322,0.202817
14079000,8.6440,0.261844,0.058609,0.079322,0.210222
14080000,8.6440,0.261844,0.058609,0.079322,0.216182
14081000,8.6440,0.261844,0.058609,0.079322,0.210207
14082000,8.6440,0.261844,0.058609,0.079322,0.211980
14083000,8.6440,0.261844,0.058609,0.079322,0.207171
14084000,8.6440,0.261844,0.058609,0.079322,0.215264
14085000,8.6440,0.261844,0.058609,0.079322,0.211887
14086000,8.6440,0.261844,0.058609,0.079322,0.210393
14087000,8.6440,0.261844,0.058609,0.079322,0.209665
14088000,8.6440,0.261844,0.058609,0.079322,0.211888
14089000,8.6440,0.261844,0.058609,0.079322,0.201290
14090000,8.6440,0.261844,0.058609,0.079322,0.215626
14091000,8.6440,0.261844,0.058609,0.079322,0.217832
14092000,8.6440,0.261844,0.058609,0.079322,0.206177
14093000,8.6440,0.261844,0.058609,0.079322,0.209339
14094000,8.6440,0.261844,0.058609,0.079322,0.207110
14095000,8.6440,0.261844,0.058609,0.079322,0.210724
14096000,8.6440,0.261844,0.058609,0.079322,0.207329
14097000,8.6440,0.261844,0.058609,0.079322,0.215009
14098000,8.6440,0.261844,0.058609,0.079322,0.205600
14099000,8.6440,0.261844,0.058609,0.079322,0.207441
14100000,8.6440,0.261844,0.058609,0.079322,0.209996
14101000,8.6440,0.261844,0.058609,0.079322,0.220645
14102000,8.6440,0.261844,0.058609,0.079322,0.209511
14103000,8.6440,0.261844,0.058609,0.079322,0.210920
14104000,8.6440,0.261844,0.058609,0.079322,0.207902
14105000,8.6440,0.261844,0.058609,0.079322,0.207710
14106000,8.6440,0.261844,0.058609,0.079322,0.218768
14107000,8.6440,0.261844,0.058609,0.079322,0.204384
14108000,8.6440,0.261844,0.058609,0.079322,0.212419
14109000,8.6440,0.261844,0.058609,0.079322,0.202358
14110000,8.6440,0.261844,0.058609,0.079322,0.205022
14111000,8.6440,0.261844,0.058609,0.079322,0.211283
14112000,8.6440,0.261844,0.058609,0.079322,0.208943
14113000,8.6440,0.261844,0.058609,0.079322,0.210372
14114000,8.6440,0.261844,0.058609,0.079322,0.207674
14115000,8.6440,0.261844,0.058609,0.079322,0.208496
14116000,8.6440,0.261844,0.058609,0.079322,0.215265
14117000,8.6440,0.261844,0.058609,0.079322,0.216974
14118000,8.6440,0.261844,0.058609,0.079322,0.209714
14119000,8.6440,0.261844,0.058609,0.079322,0.216167
14120000,8.6440,0.261844,0.058609,0.079322,0.209392
14121000,8.6440,0.261844,0.058609,0.079322,0.216707
14122000,8.6440,0.261844,0.058609,0.079322,0.203522
14123000,8.6440,0.261844,0.058609,0.079322,0.208209
14124000,8.6440,0.261844,0.058609,0.079322,0.212800
14125000,8.6440,0.261844,0.058609,0.079322,0.214035
14126000,8.6440,0.261844,0.058609,0.079322,0.203823
14127000,8.6440,0.261844,0.058609,0.079322,0.210128
14128000,8.6440,0.261844,0.058609,0.079322,0.208690
14129000,8.6440,0.261844,0.058609,0.079322,0.213231
14130000,8.6440,0.261844,0.058609,0.079322,0.209663
14131000,8.6440,0.261844,0.058609,0.079322,0.204983
14132000,8.6440,0.261844,0.058609,0.079322,0.211982
14133000,8.6440,0.261844,0.058609,0.079322,0.211239
14134000,8.6440,0.261844,0.058609,0.079322,0.212278
14135000,8.6440,0.261844,0.058609,0.079322,0.206516
14136000,8.6440,0.261844,0.058609,0.079322,0.210534
14137000,8.6440,0.261844,0.058609,0.079322,0.203480
14138000,8.6440,0.261844,0.058609,0.079322,0.210987
14139000,8.6440,0.261844,0.058609,0.079322,0.216824
14140000,8.6440,0.261844,0.058609,0.079322,0.214014
14141000,8.6440,0.261844,0.058609,0.079322,0.203269
14142000,8.6440,0.261844,0.058609,0.079322,0.213817
14143000,8.6440,0.261844,0.058609,0.079322,0.207170
14144000,8.6440,0.261844,0.058609,0.079322,0.210349
14145000,8.6440,0.261844,0.058609,0.079322,0.211996
14146000,8.6440,0.261844,0.058609,0.079322,0.209175
14147000,8.6440,0.261844,0.058609,0.079322,0.218701
14148000,8.6440,0.261844,0.058609,0.079322,0.222794
14149000,8.6440,0.261844,0.058609,0.079322,0.200577
14150000,8.6440,0.261844,0.058609,0.079322,0.221085
14151000,8.6440,0.261844,0.058609,0.079322,0.210252
14152000,8.6440,0.261844,0.058609,0.079322,0.212150
14153000,8.6440,0.261844,0.058609,0.079322,0.214468
14154000,8.6440,0.261844,0.058609,0.079322,0.208287
14155000,8.6440,0.261844,0.058609,0.079322,0.214417
14156000,8.6440,0.261844,0.058609,0.079322,0.216796
14157000,8.6440,0.261844,0.058609,0.079322,0.220597
14158000,8.6440,0.261844,0.058609,0.079322,0.206250
14159000,8.6440,0.261844,0.058609,0.079322,0.220752
14160000,8.6440,0.261844,0.058609,0.079322,0.211535
14161000,8.6440,0.261844,0.058609,0.079322,0.217014
14162000,8.6440,0.261844,0.058609,0.079322,0.198572
14163000,8.6440,0.261844,0.058609,0.079322,0.216358
14164000,8.6440,0.261844,0.058609,0.079322,0.212189
14165000,8.6440,0.261844,0.058609,0.079322,0.216266
14166000,8.6440,0.261844,0.058609,0.079322,0.222391
14167000,8.6440,0.261844,0.058609,0.079322,0.217473
14168000,8.6440,0.261844,0.058609,0.079322,0.217813
14169000,8.6440,0.261844,0.058609,0.079322,0.215334
14170000,8.6440,0.261844,0.058609,0.079322,0.213043
14171000,8.6440,0.261844,0.058609,0.079322,0.208122
14172000,8.6440,0.261844,0.058609,0.079322,0.217265
14173000,8.6440,0.261844,0.058609,0.079322,0.218073
14174000,8.6440,0.261844,0.058609,0.079322,0.208920
14175000,8.6440,0.261844,0.058609,0.079322,0.212898
14176000,8.6440,0.261844,0.058609,0.079322,0.212487
14177000,8.6440,0.261844,0.058609,0.079322,0.215998
14178000,8.6440,0.261844,0.058609,0.079322,0.218000
14179000,8.6440,0.261844,0.058609,0.079322,0.211716
14180000,8.6440,0.261844,0.058609,0.079322,0.219257
14181000,8.6440,0.261844,0.058609,0.079322,0.215129
14182000,8.6440,0.261844,0.058609,0.079322,0.214766
14183000,8.6440,0.261844,0.058609,0.079322,0.214533
14184000,8.6440,0.261844,0.058609,0.079322,0.221479
14185000,8.6440,0.261844,0.058609,0.079322,0.213366
14186000,8.6440,0.261844,0.058609,0.079322,0.212370
14187000,8.6440,0.261844,0.058609,0.079322,0.210765
14188000,8.6440,0.261844,0.058609,0.079322,0.222381
14189000,8.6440,0.261844,0.058609,0.079322,0.214128
14190000,8.6440,0.261844,0.058609,0.079322,0.213217
14191000,8.6440,0.261844,0.058609,0.079322,0.226150
14192000,8.6440,0.261844,0.058609,0.079322,0.220957
14193000,8.6440,0.261844,0.058609,0.079322,0.212958
14194000,8.6440,0.261844,0.058609,0.079322,0.217431
14195000,8.6440,0.261844,0.058609,0.079322,0.216006
14196000,8.6440,0.261844,0.058609,0.079322,0.214832
14197000,8.6440,0.261844,0.058609,0.079322,0.224558
14198000,8.6440,0.261844,0.058609,0.079322,0.206777
14199000,8.6440,0.261844,0.058609,0.079322,0.217033
14200000,8.6440,0.261844,0.058609,0.079322,0.221729
14201000,8.6440,0.261844,0.058609,0.079322,0.210922
14202000,8.6440,0.261844,0.058609,0.079322,0.223175
14203000,8.6440,0.261844,0.058609,0.079322,0.223282
14204000,8.6440,0.261844,0.058609,0.079322,0.208410
14205000,8.6440,0.261844,0.058609,0.079322,0.216185
14206000,8.6440,0.261844,0.058609,0.079322,0.216336
14207000,8.6440,0.261844,0.058609,0.079322,0.221591
14208000,8.6440,0.261844,0.058609,0.079322,0.227616
14209000,8.6440,0.261844,0.058609,0.079322,0.214413
14210000,8.6440,0.261844,0.058609,0.079322,0.211909
14211000,8.6440,0.261844,0.058609,0.079322,0.218121
14212000,8.6440,0.261844,0.058609,0.079322,0.208702
14213000,8.6440,0.261844,0.058609,0.079322,0.220396
14214000,8.6440,0.261844,0.058609,0.079322,0.220009
14215000,8.6440,0.261844,0.058609,0.079322,0.211993
14216000,8.6440,0.261844,0.058609,0.079322,0.214135
14217000,8.6440,0.261844,0.058609,0.079322,0.215214
14218000,8.6440,0.261844,0.058609,0.079322,0.213343
14219000,8.6440,0.261844,0.058609,0.079322,0.223884
14220000,8.6440,0.261844,0.058609,0.079322,0.218390
14221000,8.6440,0.261844,0.058609,0.079322,0.208923
14222000,8.6440,0.261844,0.058609,0.079322,0.215182
14223000,8.6440,0.261844,0.058609,0.079322,0.225577
14224000,8.6440,0.261844,0.058609,0.079322,0.216486
14225000,8.6440,0.261844,0.058609,0.079322,0.220966
14226000,8.6440,0.261844,0.058609,0.079322,0.210444
14227000,8.6440,0.261844,0.058609,0.079322,0.209513
14228000,8.6440,0.261844,0.058609,0.079322,0.216530
14229000,8.6440,0.261844,0.058609,0.079322,0.218325
14230000,8.6440,0.261844,0.058609,0.079322,0.210792
14231000,8.6440,0.261844,0.058609,0.079322,0.225379
14232000,8.6440,0.261844,0.058609,0.079322,0.214195
14233000,8.6440,0.261844,0.058609,0.079322,0.210651
14234000,8.6440,0.261844,0.058609,0.079322,0.212184
14235000,8.6440,0.261844,0.058609,0.079322,0.212959
14236000,8.6440,0.261844,0.058609,0.079322,0.210516
14237000,8.6440,0.261844,0.058609,0.079322,0.209775
14238000,8.6440,0.261844,0.058609,0.079322,0.211748
14239000,8.6440,0.261844,0.058609,0.079322,0.221284
14240000,8.6440,0.261844,0.058609,0.079322,0.205160
14241000,8.6440,0.261844,0.058609,0.079322,0.218422
14242000,8.6440,0.261844,0.058609,0.079322,0.218833
14243000,8.6440,0.261844,0.058609,0.079322,0.217272
14244000,8.6440,0.261844,0.058609,0.079322,0.214723
14245000,8.6440,0.261844,0.058609,0.079322,0.219239
14246000,8.6440,0.261844,0.058609,0.079322,0.213162
14247000,8.6440,0.261844,0.058609,0.079322,0.211924
14248000,8.6440,0.261844,0.058609,0.079322,0.217825
14249000,8.6440,0.261844,0.058609,0.079322,0.211258
14250000,8.6440,0.261844,0.058609,0.079322,0.218545
14251000,8.6440,0.261844,0.058609,0.079322,0.225507
14252000,8.6440,0.261844,0.058609,0.079322,0.211398
14253000,8.6440,0.261844,0.058609,0.079322,0.217106
14254000,8.6440,0.261844,0.058609,0.079322,0.215503
14255000,8.6440,0.261844,0.058609,0.079322,0.218352
14256000,8.6440,0.261844,0.058609,0.079322,0.212004
14257000,8.6440,0.261844,0.058609,0.079322,0.210485
14258000,8.6440,0.261844,0.058609,0.079322,0.223893
14259000,8.6440,0.261844,0.058609,0.079322,0.216122
14260000,8.6440,0.261844,0.058609,0.079322,0.210555
14261000,8.6440,0.261844,0.058609,0.079322,0.214150
14262000,8.6440,0.261844,0.058609,0.079322,0.215019
14263000,8.6440,0.261844,0.058609,0.079322,0.212125
14264000,8.6440,0.261844,0.058609,0.079322,0.216849
14265000,8.6440,0.261844,0.058609,0.079322,0.211219
14266000,8.6440,0.261844,0.058609,0.079322,0.207035
14267000,8.6440,0.261844,0.058609,0.079322,0.223041
14268000,8.6440,0.261844,0.058609,0.079322,0.212917
14269000,8.6440,0.261844,0.058609,0.079322,0.214780
14270000,8.6440,0.261844,0.058609,0.079322,0.210604
14271000,8.6440,0.261844,0.058609,0.079322,0.207791
14272000,8.6440,0.261844,0.058609,0.079322,0.215379
14273000,8.6440,0.261844,0.058609,0.079322,0.218267
14274000,8.6440,0.261844,0.058609,0.079322,0.216581
14275000,8.6440,0.261844,0.058609,0.079322,0.203120
14276000,8.6440,0.261844,0.058609,0.079322,0.225413
14277000,8.6440,0.261844,0.058609,0.079322,0.208965
14278000,8.6440,0.261844,0.058609,0.079322,0.217574
14279000,8.6440,0.261844,0.058609,0.079322,0.223398
14280000,8.6440,0.261844,0.058609,0.079322,0.216538
14281000,8.6440,0.261844,0.058609,0.079322,0.215882
14282000,8.6440,0.261844,0.058609,0.079322,0.202015
14283000,8.6440,0.261844,0.058609,0.079322,0.208827
14284000,8.6440,0.261844,0.058609,0.079322,0.222347
14285000,8.6440,0.261844,0.058609,0.079322,0.218046
14286000,8.6440,0.261844,0.058609,0.079322,0.211130
14287000,8.6440,0.261844,0.058609,0.079322,0.210132
14288000,8.6440,0.261844,0.058609,0.079322,0.217129
14289000,8.6440,0.261844,0.058609,0.079322,0.217726
14290000,8.6440,0.261844,0.058609,0.079322,0.221074
14291000,8.6440,0.261844,0.058609,0.079322,0.209341
14292000,8.6440,0.261844,0.058609,0.079322,0.213530
14293000,8.6440,0.261844,0.058609,0.079322,0.215509
14294000,8.6440,0.261844,0.058609,0.079322,0.216559
14295000,8.6440,0.261844,0.058609,0.079322,0.212752
14296000,8.6440,0.261844,0.058609,0.079322,0.214414
14297000,8.6440,0.261844,0.058609,0.079322,0.214272
14298000,8.6440,0.261844,0.058609,0.079322,0.217879
14299000,8.6440,0.261844,0.058609,0.079322,0.217277
14300000,8.6440,0.261844,0.058609,0.079322,0.222483
14301000,8.6440,0.261844,0.058609,0.079322,0.217810
14302000,8.6440,0.261844,0.058609,0.079322,0.209982
14303000,8.6440,0.261844,0.058609,0.079322,0.221420
14304000,8.6440,0.261844,0.058609,0.079322,0.211770
14305000,8.6440,0.261844,0.058609,0.079322,0.213802
14306000,8.6440,0.261844,0.058609,0.079322,0.210551
14307000,8.6440,0.261844,0.058609,0.079322,0.208571
14308000,8.6440,0.261844,0.058609,0.079322,0.219704
14309000,8.6440,0.261844,0.058609,0.079322,0.229004
14310000,8.6440,0.261844,0.058609,0.079322,0.209354
14311000,8.6440,0.261844,0.058609,0.079322,0.218547
14312000,8.6440,0.261844,0.058609,0.079322,0.216134
14313000,8.6440,0.261844,0.058609,0.079322,0.213810
14314000,8.6440,0.261844,0.058609,0.079322,0.223166
14315000,8.6440,0.261844,0.058609,0.079322,0.227733
14316000,8.6440,0.261844,0.058609,0.079322,0.209610
14317000,8.6440,0.261844,0.058609,0.079322,0.216085
14318000,8.6440,0.261844,0.058609,0.079322,0.217445
14319000,8.6440,0.261844,0.058609,0.079322,0.212377
14320000,8.6440,0.261844,0.058609,0.079322,0.220339
14321000,8.6440,0.261844,0.058609,0.079322,0.217907
14322000,8.6440,0.261844,0.058609,0.079322,0.204976
14323000,8.6440,0.261844,0.058609,0.079322,0.212696
14324000,8.6440,0.261844,0.058609,0.079322,0.202869
14325000,8.6440,0.261844,0.058609,0.079322,0.221030
14326000,8.6440,0.261844,0.058609,0.079322,0.218804
14327000,8.6440,0.261844,0.058609,0.079322,0.223145
14328000,8.6440,0.261844,0.058609,0.079322,0.213306
14329000,8.6440,0.261844,0.058609,0.079322,0.215062
14330000,8.6440,0.261844,0.058609,0.079322,0.215950
14331000,8.6440,0.261844,0.058609,0.079322,0.212909
14332000,8.6440,0.261844,0.058609,0.079322,0.213897
14333000,8.6440,0.261844,0.058609,0.079322,0.221237
14334000,8.6440,0.261844,0.058609,0.079322,0.212939
14335000,8.6440,0.261844,0.058609,0.079322,0.213563
14336000,8.6440,0.261844,0.058609,0.079322,0.216951
14337000,8.6440,0.261844,0.058609,0.079322,0.217545
14338000,8.6440,0.261844,0.058609,0.079322,0.214176
14339000,8.6440,0.261844,0.058609,0.079322,0.210862
14340000,8.6440,0.261844,0.058609,0.079322,0.209211
14341000,8.6440,0.261844,0.058609,0.079322,0.210658
14342000,8.6440,0.261844,0.058609,0.079322,0.214738
14343000,8.6440,0.261844,0.058609,0.079322,0.216099
14344000,8.6440,0.261844,0.058609,0.079322,0.211038
14345000,8.6440,0.261844,0.058609,0.079322,0.213847
14346000,8.6440,0.261844,0.058609,0.079322,0.227010
14347000,8.6440,0.261844,0.058609,0.079322,0.204527
14348000,8.6440,0.261844,0.058609,0.079322,0.211865
14349000,8.6440,0.261844,0.058609,0.079322,0.213301
14350000,8.6440,0.261844,0.058609,0.079322,0.216059
14351000,8.6440,0.261844,0.058609,0.079322,0.219404
14352000,8.6440,0.261844,0.058609,0.079322,0.220000
14353000,8.6440,0.261844,0.058609,0.079322,0.210314
14354000,8.6440,0.261844,0.058609,0.079322,0.208754
14355000,8.6440,0.261844,0.058609,0.079322,0.216253
14356000,8.6440,0.261844,0.058609,0.079322,0.215513
14357000,8.6440,0.261844,0.058609,0.079322,0.212272
14358000,8.6440,0.261844,0.058609,0.079322,0.217297
14359000,8.6440,0.261844,0.058609,0.079322,0.217669
14360000,8.6440,0.261844,0.058609,0.079322,0.206353
14361000,8.6440,0.261844,0.058609,0.079322,0.207351
14362000,8.6440,0.261844,0.058609,0.079322,0.220923
14363000,8.6440,0.261844,0.058609,0.079322,0.225463
14364000,8.6440,0.261844,0.058609,0.079322,0.210990
14365000,8.6440,0.261844,0.058609,0.079322,0.222143
14366000,8.6440,0.261844,0.058609,0.079322,0.202984
14367000,8.6440,0.261844,0.058609,0.079322,0.216827
14368000,8.6440,0.261844,0.058609,0.079322,0.219857
14369000,8.6440,0.261844,0.058609,0.079322,0.219325
14370000,8.6440,0.261844,0.058609,0.079322,0.209827
14371000,8.6440,0.261844,0.058609,0.079322,0.223394
14372000,8.6440,0.261844,0.058609,0.079322,0.209682
14373000,8.6440,0.261844,0.058609,0.079322,0.211721
14374000,8.6440,0.261844,0.058609,0.079322,0.235801
14375000,8.6440,0.261844,0.058609,0.079322,0.216999
14376000,8.6440,0.261844,0.058609,0.079322,0.213138
14377000,8.6440,0.261844,0.058609,0.079322,0.219492
14378000,8.6440,0.261844,0.058609,0.079322,0.211152
14379000,8.6440,0.261844,0.058609,0.079322,0.204915
14380000,8.6440,0.261844,0.058609,0.079322,0.218909
14381000,8.6440,0.261844,0.058609,0.079322,0.210333
14382000,8.6440,0.261844,0.058609,0.079322,0.213983
14383000,8.6440,0.261844,0.058609,0.079322,0.212647
14384000,8.6440,0.261844,0.058609,0.079322,0.215549
14385000,8.6440,0.261844,0.058609,0.079322,0.222168
14386000,8.6440,0.261844,0.058609,0.079322,0.212565
14387000,8.6440,0.261844,0.058609,0.079322,0.214862
14388000,8.6440,0.261844,0.058609,0.079322,0.209195
14389000,8.6440,0.261844,0.058609,0.079322,0.209843
14390000,8.6440,0.261844,0.058609,0.079322,0.213148
14391000,8.6440,0.261844,0.058609,0.079322,0.222922
14392000,8.6440,0.261844,0.058609,0.079322,0.208982
14393000,8.6440,0.261844,0.058609,0.079322,0.209377
14394000,8.6440,0.261844,0.058609,0.079322,0.224687
14395000,8.6440,0.261844,0.058609,0.079322,0.213800
14396000,8.6440,0.261844,0.058609,0.079322,0.217636
14397000,8.6440,0.261844,0.058609,0.079322,0.212806
14398000,8.6440,0.261844,0.058609,0.079322,0.217813
14399000,8.6440,0.261844,0.058609,0.079322,0.213976
14400000,8.6440,0.261844,0.058609,0.079322,0.216768
14401000,8.6440,0.261844,0.058609,0.079322,0.221512
14402000,8.6440,0.261844,0.058609,0.079322,0.210521
14403000,8.6440,0.261844,0.058609,0.079322,0.209110
14404000,8.6440,0.261844,0.058609,0.079322,0.215738
14405000,8.6440,0.261844,0.058609,0.079322,0.217524
14406000,8.6440,0.261844,0.058609,0.079322,0.215804
14407000,8.6440,0.261844,0.058609,0.079322,0.211126
14408000,8.6440,0.261844,0.058609,0.079322,0.217344
14409000,8.6440,0.261844,0.058609,0.079322,0.214778
14410000,8.6440,0.261844,0.058609,0.079322,0.217142
14411000,8.6440,0.261844,0.058609,0.079322,0.214908
14412000,8.6440,0.261844,0.058609,0.079322,0.214811
14413000,8.6440,0.261844,0.058609,0.079322,0.214680
14414000,8.6440,0.261844,0.058609,0.079322,0.210732
14415000,8.6440,0.261844,0.058609,0.079322,0.215795
14416000,8.6440,0.261844,0.058609,0.079322,0.218003
14417000,8.6440,0.261844,0.058609,0.079322,0.206474
14418000,8.6440,0.261844,0.058609,0.079322,0.213513
14419000,8.6440,0.261844,0.058609,0.079322,0.220671
14420000,8.6440,0.261844,0.058609,0.079322,0.202544
14421000,8.6440,0.261844,0.058609,0.079322,0.225760
14422000,8.6440,0.261844,0.058609,0.079322,0.219236
14423000,8.6440,0.261844,0.058609,0.079322,0.221134
14424000,8.6440,0.261844,0.058609,0.079322,0.212406
14425000,8.6440,0.261844,0.058609,0.079322,0.214681
14426000,8.6440,0.261844,0.058609,0.079322,0.215110
14427000,8.6440,0.261844,0.058609,0.079322,0.216068
14428000,8.6440,0.261844,0.058609,0.079322,0.220151
14429000,8.6440,0.261844,0.058609,0.079322,0.206734
14430000,8.6440,0.261844,0.058609,0.079322,0.214812
14431000,8.6440,0.261844,0.058609,0.079322,0.212573
14432000,8.6440,0.261844,0.058609,0.079322,0.215581
14433000,8.6440,0.261844,0.058609,0.079322,0.217713
14434000,8.6440,0.261844,0.058609,0.079322,0.217047
14435000,8.6440,0.261844,0.058609,0.079322,0.223662
14436000,8.6440,0.261844,0.058609,0.079322,0.209955
14437000,8.6440,0.261844,0.058609,0.079322,0.215521
14438000,8.6440,0.261844,0.058609,0.079322,0.221731
14439000,8.6440,0.261844,0.058609,0.079322,0.208089
14440000,8.6440,0.261844,0.058609,0.079322,0.209095
14441000,8.6440,0.261844,0.058609,0.079322,0.215907
14442000,8.6440,0.261844,0.058609,0.079322,0.204323
14443000,8.6440,0.261844,0.058609,0.079322,0.216521
14444000,8.6440,0.261844,0.058609,0.079322,0.213022
14445000,8.6440,0.261844,0.058609,0.079322,0.210260
14446000,8.6440,0.261844,0.058609,0.079322,0.214221
14447000,8.6440,0.261844,0.058609,0.079322,0.215631
14448000,8.6440,0.261844,0.058609,0.079322,0.214959
14449000,8.6440,0.261844,0.058609,0.079322,0.222984
14450000,8.6440,0.261844,0.058609,0.079322,0.204070
14451000,8.6440,0.261844,0.058609,0.079322,0.219193
14452000,8.6440,0.261844,0.058609,0.079322,0.218723
14453000,8.6440,0.261844,0.058609,0.079322,0.214173
14454000,8.6440,0.261844,0.058609,0.079322,0.215730
14455000,8.6440,0.261844,0.058609,0.079322,0.220825
14456000,8.6440,0.261844,0.058609,0.079322,0.215680
14457000,8.6440,0.261844,0.058609,0.079322,0.209201
14458000,8.6440,0.261844,0.058609,0.079322,0.219340
14459000,8.6440,0.261844,0.058609,0.079322,0.211751
14460000,8.6440,0.261844,0.058609,0.079322,0.222362
14461000,8.6440,0.261844,0.058609,0.079322,0.210434
14462000,8.6440,0.261844,0.058609,0.079322,0.218631
14463000,8.6440,0.261844,0.058609,0.079322,0.215891
14464000,8.6440,0.261844,0.058609,0.079322,0.220315
14465000,8.6440,0.261844,0.058609,0.079322,0.213434
14466000,8.6440,0.261844,0.058609,0.079322,0.219117
14467000,8.6440,0.261844,0.058609,0.079322,0.207555
14468000,8.6440,0.261844,0.058609,0.079322,0.214354
14469000,8.6440,0.261844,0.058609,0.079322,0.225446
14470000,8.6440,0.261844,0.058609,0.079322,0.213365
14471000,8.6440,0.261844,0.058609,0.079322,0.215901
14472000,8.6440,0.261844,0.058609,0.079322,0.219436
14473000,8.6440,0.261844,0.058609,0.079322,0.197886
14474000,8.6440,0.261844,0.058609,0.079322,0.214386
14475000,8.6440,0.261844,0.058609,0.079322,0.220933
14476000,8.6440,0.261844,0.058609,0.079322,0.213067
14477000,8.6440,0.261844,0.058609,0.079322,0.216126
14478000,8.6440,0.261844,0.058609,0.079322,0.217171
14479000,8.6440,0.261844,0.058609,0.079322,0.214463
14480000,8.6440,0.261844,0.058609,0.079322,0.216500
14481000,8.6440,0.261844,0.058609,0.079322,0.228108
14482000,8.6440,0.261844,0.058609,0.079322,0.219740
14483000,8.6440,0.261844,0.058609,0.079322,0.210119
14484000,8.6440,0.261844,0.058609,0.079322,0.215912
14485000,8.6440,0.261844,0.058609,0.079322,0.215413
14486000,8.6440,0.261844,0.058609,0.079322,0.219480
14487000,8.6440,0.261844,0.058609,0.079322,0.223134
14488000,8.6440,0.261844,0.058609,0.079322,0.208988
14489000,8.6440,0.261844,0.058609,0.079322,0.218215
14490000,8.6440,0.261844,0.058609,0.079322,0.210267
14491000,8.6440,0.261844,0.058609,0.079322,0.215869
14492000,8.6440,0.261844,0.058609,0.079322,0.214457
14493000,8.6440,0.261844,0.058609,0.079322,0.210179
14494000,8.6440,0.261844,0.058609,0.079322,0.215240
14495000,8.6440,0.261844,0.058609,0.079322,0.220548
14496000,8.6440,0.261844,0.058609,0.079322,0.216733
14497000,8.6440,0.261844,0.058609,0.079322,0.213212
14498000,8.6440,0.261844,0.058609,0.079322,0.213959
14499000,8.6440,0.261844,0.058609,0.079322,0.213957
14500000,8.6440,0.261844,0.058609,0.079322,0.210138
14501000,8.6440,0.261844,0.058609,0.079322,0.221434
14502000,8.6440,0.261844,0.058609,0.079322,0.219583
14503000,8.6440,0.261844,0.058609,0.079322,0.209411
14504000,8.6440,0.261844,0.058609,0.079322,0.214226
14505000,8.6440,0.261844,0.058609,0.079322,0.216531
14506000,8.6440,0.261844,0.058609,0.079322,0.225190
14507000,8.6440,0.261844,0.058609,0.079322,0.208475
14508000,8.6440,0.261844,0.058609,0.079322,0.217078
14509000,8.6440,0.261844,0.058609,0.079322,0.214506
14510000,8.6440,0.261844,0.058609,0.079322,0.218410
14511000,8.6440,0.261844,0.058609,0.079322,0.226421
14512000,8.6440,0.261844,0.058609,0.079322,0.215904
14513000,8.6440,0.261844,0.058609,0.079322,0.205836
14514000,8.6440,0.261844,0.058609,0.079322,0.215157
14515000,8.6440,0.261844,0.058609,0.079322,0.212801
14516000,8.6440,0.261844,0.058609,0.079322,0.217905
14517000,8.6440,0.261844,0.058609,0.079322,0.215179
14518000,8.6440,0.261844,0.058609,0.079322,0.227695
14519000,8.6440,0.261844,0.058609,0.079322,0.214845
14520000,8.6440,0.261844,0.058609,0.079322,0.216559
14521000,8.6440,0.261844,0.058609,0.079322,0.216124
14522000,8.6440,0.261844,0.058609,0.079322,0.220318
14523000,8.6440,0.261844,0.058609,0.079322,0.208153
14524000,8.6440,0.261844,0.058609,0.079322,0.224031
14525000,8.6440,0.261844,0.058609,0.079322,0.210166
14526000,8.6440,0.261844,0.058609,0.079322,0.217006
14527000,8.6440,0.261844,0.058609,0.079322,0.215517
14528000,8.6440,0.261844,0.058609,0.079322,0.215018
14529000,8.6440,0.261844,0.058609,0.079322,0.218653
14530000,8.6440,0.261844,0.058609,0.079322,0.221959
14531000,8.6440,0.261844,0.058609,0.079322,0.217775
14532000,8.6440,0.261844,0.058609,0.079322,0.213626
14533000,8.6440,0.261844,0.058609,0.079322,0.217189
14534000,8.6440,0.261844,0.058609,0.079322,0.216458
14535000,8.6440,0.261844,0.058609,0.079322,0.217448
14536000,8.6440,0.261844,0.058609,0.079322,0.220748
14537000,8.6440,0.261844,0.058609,0.079322,0.218628
14538000,8.6440,0.261844,0.058609,0.079322,0.218518
14539000,8.6440,0.261844,0.058609,0.079322,0.212041
14540000,8.6440,0.261844,0.058609,0.079322,0.211348
14541000,8.6440,0.261844,0.058609,0.079322,0.217139
14542000,8.6440,0.261844,0.058609,0.079322,0.213371
14543000,8.6440,0.261844,0.058609,0.079322,0.211913
14544000,8.6440,0.261844,0.058609,0.079322,0.213972
14545000,8.6440,0.261844,0.058609,0.079322,0.215938
14546000,8.6440,0.261844,0.058609,0.079322,0.211076
14547000,8.6440,0.261844,0.058609,0.079322,0.217625
14548000,8.6440,0.261844,0.058609,0.079322,0.211209
14549000,8.6440,0.261844,0.058609,0.079322,0.218159
14550000,8.6440,0.261844,0.058609,0.079322,0.221908
14551000,8.6440,0.261844,0.058609,0.079322,0.208720
14552000,8.6440,0.261844,0.058609,0.079322,0.219092
14553000,8.6440,0.261844,0.058609,0.079322,0.214220
14554000,8.6440,0.261844,0.058609,0.079322,0.213561
14555000,8.6440,0.261844,0.058609,0.079322,0.208769
14556000,8.6440,0.261844,0.058609,0.079322,0.216808
14557000,8.6440,0.261844,0.058609,0.079322,0.214074
14558000,8.6440,0.261844,0.058609,0.079322,0.209024
14559000,8.6440,0.261844,0.058609,0.079322,0.220835
14560000,8.6440,0.261844,0.058609,0.079322,0.214317
14561000,8.6440,0.261844,0.058609,0.079322,0.209895
14562000,8.6440,0.261844,0.058609,0.079322,0.213622
14563000,8.6440,0.261844,0.058609,0.079322,0.208481
14564000,8.6440,0.261844,0.058609,0.079322,0.215095
14565000,8.6440,0.261844,0.058609,0.079322,0.222390
14566000,8.6440,0.261844,0.058609,0.079322,0.220340
14567000,8.6440,0.261844,0.058609,0.079322,0.201502
14568000,8.6440,0.261844,0.058609,0.079322,0.219465
14569000,8.6440,0.261844,0.058609,0.079322,0.217336
14570000,8.6440,0.261844,0.058609,0.079322,0.221915
14571000,8.6440,0.261844,0.058609,0.079322,0.219751
14572000,8.6440,0.261844,0.058609,0.079322,0.217243
14573000,8.6440,0.261844,0.058609,0.079322,0.215728
14574000,8.6440,0.261844,0.058609,0.079322,0.213114
14575000,8.6440,0.261844,0.058609,0.079322,0.212218
14576000,8.6440,0.261844,0.058609,0.079322,0.215105
14577000,8.6440,0.261844,0.058609,0.079322,0.231730
14578000,8.6440,0.261844,0.058609,0.079322,0.211665
14579000,8.6440,0.261844,0.058609,0.079322,0.205459
14580000,8.6440,0.261844,0.058609,0.079322,0.214927
14581000,8.6440,0.261844,0.058609,0.079322,0.219049
14582000,8.6440,0.261844,0.058609,0.079322,0.213113
14583000,8.6440,0.261844,0.058609,0.079322,0.221607
14584000,8.6440,0.261844,0.058609,0.079322,0.213500
14585000,8.6440,0.261844,0.058609,0.079322,0.205955
14586000,8.6440,0.261844,0.058609,0.079322,0.222441
14587000,8.6440,0.261844,0.058609,0.079322,0.224754
14588000,8.6440,0.261844,0.058609,0.079322,0.219448
14589000,8.6440,0.261844,0.058609,0.079322,0.217206
14590000,8.6440,0.261844,0.058609,0.079322,0.211922
14591000,8.6440,0.261844,0.058609,0.079322,0.218140
14592000,8.6440,0.261844,0.058609,0.079322,0.211637
14593000,8.6440,0.261844,0.058609,0.079322,0.211790
14594000,8.6440,0.261844,0.058609,0.079322,0.217361
14595000,8.6440,0.261844,0.058609,0.079322,0.217975
14596000,8.6440,0.261844,0.058609,0.079322,0.200873
14597000,8.6440,0.261844,0.058609,0.079322,0.212192
14598000,8.6440,0.261844,0.058609,0.079322,0.219112
14599000,8.6440,0.261844,0.058609,0.079322,0.208868
14600000,8.6440,0.261844,0.058609,0.079322,0.217209
14601000,8.6440,0.261844,0.058609,0.079322,0.215824
14602000,8.6440,0.261844,0.058609,0.079322,0.213506
14603000,8.6440,0.261844,0.058609,0.079322,0.213817
14604000,8.6440,0.261844,0.058609,0.079322,0.215852
14605000,8.6440,0.261844,0.058609,0.079322,0.208708
14606000,8.6440,0.261844,0.058609,0.079322,0.205546
14607000,8.6440,0.261844,0.058609,0.079322,0.214136
14608000,8.6440,0.261844,0.058609,0.079322,0.219893
14609000,8.6440,0.261844,0.058609,0.079322,0.201161
14610000,8.6440,0.261844,0.058609,0.079322,0.212858
14611000,8.6440,0.261844,0.058609,0.079322,0.209756
14612000,8.6440,0.261844,0.058609,0.079322,0.208497
14613000,8.6440,0.261844,0.058609,0.079322,0.220233
14614000,8.6440,0.261844,0.058609,0.079322,0.213536
14615000,8.6440,0.261844,0.058609,0.079322,0.207708
14616000,8.6440,0.261844,0.058609,0.079322,0.210916
14617000,8.6440,0.261844,0.058609,0.079322,0.219237
14618000,8.6440,0.261844,0.058609,0.079322,0.215725
14619000,8.6440,0.261844,0.058609,0.079322,0.207100
14620000,8.6440,0.261844,0.058609,0.079322,0.221034
14621000,8.6440,0.261844,0.058609,0.079322,0.208841
14622000,8.6440,0.261844,0.058609,0.079322,0.212685
14623000,8.6440,0.261844,0.058609,0.079322,0.214356
14624000,8.6440,0.261844,0.058609,0.079322,0.215609
14625000,8.6440,0.261844,0.058609,0.079322,0.214909
14626000,8.6440,0.261844,0.058609,0.079322,0.211504
14627000,8.6440,0.261844,0.058609,0.079322,0.222719
14628000,8.6440,0.261844,0.058609,0.079322,0.210744
14629000,8.6440,0.261844,0.058609,0.079322,0.200987
14630000,8.6440,0.261844,0.058609,0.079322,0.207750
14631000,8.6440,0.261844,0.058609,0.079322,0.208829
14632000,8.6440,0.261844,0.058609,0.079322,0.216847
14633000,8.6440,0.261844,0.058609,0.079322,0.214624
14634000,8.6440,0.261844,0.058609,0.079322,0.212203
14635000,8.6440,0.261844,0.058609,0.079322,0.212411
14636000,8.6440,0.261844,0.058609,0.079322,0.210843
14637000,8.6440,0.261844,0.058609,0.079322,0.215018
14638000,8.6440,0.261844,0.058609,0.079322,0.213004
14639000,8.6440,0.261844,0.058609,0.079322,0.206935
14640000,8.6440,0.261844,0.058609,0.079322,0.209372
14641000,8.6440,0.261844,0.058609,0.079322,0.215596
14642000,8.6440,0.261844,0.058609,0.079322,0.213340
14643000,8.6440,0.261844,0.058609,0.079322,0.211199
14644000,8.6440,0.261844,0.058609,0.079322,0.209927
14645000,8.6440,0.261844,0.058609,0.079322,0.212348
14646000,8.6440,0.261844,0.058609,0.079322,0.210967
14647000,8.6440,0.261844,0.058609,0.079322,0.212966
14648000,8.6440,0.261844,0.058609,0.079322,0.217421
14649000,8.6440,0.261844,0.058609,0.079322,0.212681
14650000,8.6440,0.261844,0.058609,0.079322,0.219372
14651000,8.6440,0.261844,0.058609,0.079322,0.209151
14652000,8.6440,0.261844,0.058609,0.079322,0.205192
14653000,8.6440,0.261844,0.058609,0.079322,0.211650
14654000,8.6440,0.261844,0.058609,0.079322,0.219043
14655000,8.6440,0.261844,0.058609,0.079322,0.205069
14656000,8.6440,0.261844,0.058609,0.079322,0.207719
14657000,8.6440,0.261844,0.058609,0.079322,0.210131
14658000,8.6440,0.261844,0.058609,0.079322,0.208345
14659000,8.6440,0.261844,0.058609,0.079322,0.218173
14660000,8.6440,0.261844,0.058609,0.079322,0.203523
14661000,8.6440,0.261844,0.058609,0.079322,0.210016
14662000,8.6440,0.261844,0.058609,0.079322,0.222784
14663000,8.6440,0.261844,0.058609,0.079322,0.213636
14664000,8.6440,0.261844,0.058609,0.079322,0.214500
14665000,8.6440,0.261844,0.058609,0.079322,0.212168
14666000,8.6440,0.261844,0.058609,0.079322,0.216522
14667000,8.6440,0.261844,0.058609,0.079322,0.216606
14668000,8.6440,0.261844,0.058609,0.079322,0.204359
14669000,8.6440,0.261844,0.058609,0.079322,0.209945
14670000,8.6440,0.261844,0.058609,0.079322,0.207987
14671000,8.6440,0.261844,0.058609,0.079322,0.211669
14672000,8.6440,0.261844,0.058609,0.079322,0.208872
14673000,8.6440,0.261844,0.058609,0.079322,0.212008
14674000,8.6440,0.261844,0.058609,0.079322,0.212637
14675000,8.6440,0.261844,0.058609,0.079322,0.212600
14676000,8.6440,0.261844,0.058609,0.079322,0.211317
14677000,8.6440,0.261844,0.058609,0.079322,0.213559
14678000,8.6440,0.261844,0.058609,0.079322,0.210923
14679000,8.6440,0.261844,0.058609,0.079322,0.218616
14680000,8.6440,0.261844,0.058609,0.079322,0.216752
14681000,8.6440,0.261844,0.058609,0.079322,0.205394
14682000,8.6440,0.261844,0.058609,0.079322,0.218753
14683000,8.6440,0.261844,0.058609,0.079322,0.216040
14684000,8.6440,0.261844,0.058609,0.079322,0.209505
14685000,8.6440,0.261844,0.058609,0.079322,0.210001
14686000,8.6440,0.261844,0.058609,0.079322,0.212496
14687000,8.6440,0.261844,0.058609,0.079322,0.215243
14688000,8.6440,0.261844,0.058609,0.079322,0.216236
14689000,8.6440,0.261844,0.058609,0.079322,0.214124
14690000,8.6440,0.261844,0.058609,0.079322,0.217903
14691000,8.6440,0.261844,0.058609,0.079322,0.219677
14692000,8.6440,0.261844,0.058609,0.079322,0.206963
14693000,8.6440,0.261844,0.058609,0.079322,0.214985
14694000,8.6440,0.261844,0.058609,0.079322,0.216995
14695000,8.6440,0.261844,0.058609,0.079322,0.219017
14696000,8.6440,0.261844,0.058609,0.079322,0.215897
14697000,8.6440,0.261844,0.058609,0.079322,0.218971
14698000,8.6440,0.261844,0.058609,0.079322,0.204744
14699000,8.6440,0.261844,0.058609,0.079322,0.212496
14700000,8.6440,0.261844,0.058609,0.079322,0.202766
14701000,8.6440,0.261844,0.058609,0.079322,0.217009
14702000,8.6440,0.261844,0.058609,0.079322,0.221557
14703000,8.6440,0.261844,0.058609,0.079322,0.210365
14704000,8.6440,0.261844,0.058609,0.079322,0.208757
14705000,8.6440,0.261844,0.058609,0.079322,0.214348
14706000,8.6440,0.261844,0.058609,0.079322,0.209424
14707000,8.6440,0.261844,0.058609,0.079322,0.215521
14708000,8.6440,0.261844,0.058609,0.079322,0.215976
14709000,8.6440,0.261844,0.058609,0.079322,0.212080
14710000,8.6440,0.261844,0.058609,0.079322,0.210529
14711000,8.6440,0.261844,0.058609,0.079322,0.213072
14712000,8.6440,0.261844,0.058609,0.079322,0.217940
14713000,8.6440,0.261844,0.058609,0.079322,0.218466
14714000,8.6440,0.261844,0.058609,0.079322,0.211760
14715000,8.6440,0.261844,0.058609,0.079322,0.218246
14716000,8.6440,0.261844,0.058609,0.079322,0.219800
14717000,8.6440,0.261844,0.058609,0.079322,0.210408
14718000,8.6440,0.261844,0.058609,0.079322,0.205136
14719000,8.6440,0.261844,0.058609,0.079322,0.206351
14720000,8.6440,0.261844,0.058609,0.079322,0.209390
14721000,8.6440,0.261844,0.058609,0.079322,0.217244
14722000,8.6440,0.261844,0.058609,0.079322,0.209821
14723000,8.6440,0.261844,0.058609,0.079322,0.215758
14724000,8.6440,0.261844,0.058609,0.079322,0.209518
14725000,8.6440,0.261844,0.058609,0.079322,0.221203
14726000,8.6440,0.261844,0.058609,0.079322,0.212788
14727000,8.6440,0.261844,0.058609,0.079322,0.215219
14728000,8.6440,0.261844,0.058609,0.079322,0.211138
14729000,8.6440,0.261844,0.058609,0.079322,0.205902
14730000,8.6440,0.261844,0.058609,0.079322,0.210235
14731000,8.6440,0.261844,0.058609,0.079322,0.212608
14732000,8.6440,0.261844,0.058609,0.079322,0.211462
14733000,8.6440,0.261844,0.058609,0.079322,0.207353
14734000,8.6440,0.261844,0.058609,0.079322,0.204854
14735000,8.6440,0.261844,0.058609,0.079322,0.207914
14736000,8.6440,0.261844,0.058609,0.079322,0.206514
14737000,8.6440,0.261844,0.058609,0.079322,0.219816
14738000,8.6440,0.261844,0.058609,0.079322,0.209412
14739000,8.6440,0.261844,0.058609,0.079322,0.206042
14740000,8.6440,0.261844,0.058609,0.079322,0.202796
14741000,8.6440,0.261844,0.058609,0.079322,0.205195
14742000,8.6440,0.261844,0.058609,0.079322,0.205561
14743000,8.6440,0.261844,0.058609,0.079322,0.220013
14744000,8.6440,0.261844,0.058609,0.079322,0.214444
14745000,8.6440,0.261844,0.058609,0.079322,0.195663
14746000,8.6440,0.261844,0.058609,0.079322,0.214910
14747000,8.6440,0.261844,0.058609,0.079322,0.212248
14748000,8.6440,0.261844,0.058609,0.079322,0.205075
14749000,8.6440,0.261844,0.058609,0.079322,0.213806
14750000,8.6440,0.261844,0.058609,0.079322,0.204811
14751000,8.6440,0.261844,0.058609,0.079322,0.209715
14752000,8.6440,0.261844,0.058609,0.079322,0.203554
14753000,8.6440,0.261844,0.058609,0.079322,0.217166
14754000,8.6440,0.261844,0.058609,0.079322,0.205227
14755000,8.6440,0.261844,0.058609,0.079322,0.217568
14756000,8.6440,0.261844,0.058609,0.079322,0.211270
14757000,8.6440,0.261844,0.058609,0.079322,0.212549
14758000,8.6440,0.261844,0.058609,0.079322,0.213350
14759000,8.6440,0.261844,0.058609,0.079322,0.197582
14760000,8.6440,0.261844,0.058609,0.079322,0.222303
14761000,8.6440,0.261844,0.058609,0.079322,0.211702
14762000,8.6440,0.261844,0.058609,0.079322,0.204429
14763000,8.6440,0.261844,0.058609,0.079322,0.209262
14764000,8.6440,0.261844,0.058609,0.079322,0.204014
14765000,8.6440,0.261844,0.058609,0.079322,0.203839
14766000,8.6440,0.261844,0.058609,0.079322,0.213168
14767000,8.6440,0.261844,0.058609,0.079322,0.210572
14768000,8.6440,0.261844,0.058609,0.079322,0.211590
14769000,8.6440,0.261844,0.058609,0.079322,0.208700
14770000,8.6440,0.261844,0.058609,0.079322,0.210808
14771000,8.6440,0.261844,0.058609,0.079322,0.207134
14772000,8.6440,0.261844,0.058609,0.079322,0.216879
14773000,8.6440,0.261844,0.058609,0.079322,0.211916
14774000,8.6440,0.261844,0.058609,0.079322,0.205366
14775000,8.6440,0.261844,0.058609,0.079322,0.205381
14776000,8.6440,0.261844,0.058609,0.079322,0.207862
14777000,8.6440,0.261844,0.058609,0.079322,0.217638
14778000,8.6440,0.261844,0.058609,0.079322,0.209385
14779000,8.6440,0.261844,0.058609,0.079322,0.200779
14780000,8.6440,0.261844,0.058609,0.079322,0.210088
14781000,8.6440,0.261844,0.058609,0.079322,0.217245
14782000,8.6440,0.261844,0.058609,0.079322,0.204991
14783000,8.6440,0.261844,0.058609,0.079322,0.208410
14784000,8.6440,0.261844,0.058609,0.079322,0.205777
14785000,8.6440,0.261844,0.058609,0.079322,0.207647
14786000,8.6440,0.261844,0.058609,0.079322,0.208411
14787000,8.6440,0.261844,0.058609,0.079322,0.213286
14788000,8.6440,0.261844,0.058609,0.079322,0.210229
14789000,8.6440,0.261844,0.058609,0.079322,0.207643
14790000,8.6440,0.261844,0.058609,0.079322,0.208005
14791000,8.6440,0.261844,0.058609,0.079322,0.209867
14792000,8.6440,0.261844,0.058609,0.079322,0.208771
14793000,8.6440,0.261844,0.058609,0.079322,0.217996
14794000,8.6440,0.261844,0.058609,0.079322,0.211348
14795000,8.6440,0.261844,0.058609,0.079322,0.209153
14796000,8.6440,0.261844,0.058609,0.079322,0.201968
14797000,8.6440,0.261844,0.058609,0.079322,0.209981
14798000,8.6440,0.261844,0.058609,0.079322,0.211068
14799000,8.6440,0.261844,0.058609,0.079322,0.208851
14800000,8.6440,0.261844,0.058609,0.079322,0.213095
14801000,8.6440,0.261844,0.058609,0.079322,0.216789
14802000,8.6440,0.261844,0.058609,0.079322,0.212276
14803000,8.6440,0.261844,0.058609,0.079322,0.211919
14804000,8.6440,0.261844,0.058609,0.079322,0.212062
14805000,8.6440,0.261844,0.058609,0.079322,0.212964
14806000,8.6440,0.261844,0.058609,0.079322,0.219208
14807000,8.6440,0.261844,0.058609,0.079322,0.212217
14808000,8.6440,0.261844,0.058609,0.079322,0.209160
14809000,8.6440,0.261844,0.058609,0.079322,0.210771
14810000,8.6440,0.261844,0.058609,0.079322,0.208908
14811000,8.6440,0.261844,0.058609,0.079322,0.217617
14812000,8.6440,0.261844,0.058609,0.079322,0.210183
14813000,8.6440,0.261844,0.058609,0.079322,0.207143
14814000,8.6440,0.261844,0.058609,0.079322,0.212831
14815000,8.6440,0.261844,0.058609,0.079322,0.212024
14816000,8.6440,0.261844,0.058609,0.079322,0.212133
14817000,8.6440,0.261844,0.058609,0.079322,0.214997
14818000,8.6440,0.261844,0.058609,0.079322,0.203285
14819000,8.6440,0.261844,0.058609,0.079322,0.217622
14820000,8.6440,0.261844,0.058609,0.079322,0.209838
14821000,8.6440,0.261844,0.058609,0.079322,0.219589
14822000,8.6440,0.261844,0.058609,0.079322,0.206553
14823000,8.6440,0.261844,0.058609,0.079322,0.217898
14824000,8.6440,0.261844,0.058609,0.079322,0.211366
14825000,8.6440,0.261844,0.058609,0.079322,0.201015
14826000,8.6440,0.261844,0.058609,0.079322,0.212744
14827000,8.6440,0.261844,0.058609,0.079322,0.214041
14828000,8.6440,0.261844,0.058609,0.079322,0.213400
14829000,8.6440,0.261844,0.058609,0.079322,0.205716
14830000,8.6440,0.261844,0.058609,0.079322,0.203681
14831000,8.6440,0.261844,0.058609,0.079322,0.208879
14832000,8.6440,0.261844,0.058609,0.079322,0.204926
14833000,8.6440,0.261844,0.058609,0.079322,0.220038
14834000,8.6440,0.261844,0.058609,0.079322,0.208036
14835000,8.6440,0.261844,0.058609,0.079322,0.201255
14836000,8.6440,0.261844,0.058609,0.079322,0.216617
14837000,8.6440,0.261844,0.058609,0.079322,0.205648
14838000,8.6440,0.261844,0.058609,0.079322,0.208208
14839000,8.6440,0.261844,0.058609,0.079322,0.221613
14840000,8.6440,0.261844,0.058609,0.079322,0.205731
14841000,8.6440,0.261844,0.058609,0.079322,0.208762
14842000,8.6440,0.261844,0.058609,0.079322,0.212774
14843000,8.6440,0.261844,0.058609,0.079322,0.210377
14844000,8.6440,0.261844,0.058609,0.079322,0.206747
14845000,8.6440,0.261844,0.058609,0.079322,0.211588
14846000,8.6440,0.261844,0.058609,0.079322,0.203617
14847000,8.6440,0.261844,0.058609,0.079322,0.206144
14848000,8.6440,0.261844,0.058609,0.079322,0.216400
14849000,8.6440,0.261844,0.058609,0.079322,0.210030
14850000,8.6440,0.261844,0.058609,0.079322,0.201715
14851000,8.6440,0.261844,0.058609,0.079322,0.209624
14852000,8.6440,0.261844,0.058609,0.079322,0.210918
14853000,8.6440,0.261844,0.058609,0.079322,0.203610
14854000,8.6440,0.261844,0.058609,0.079322,0.220531
14855000,8.6440,0.261844,0.058609,0.079322,0.202754
14856000,8.6440,0.261844,0.058609,0.079322,0.213475
14857000,8.6440,0.261844,0.058609,0.079322,0.214733
14858000,8.6440,0.261844,0.058609,0.079322,0.210705
14859000,8.6440,0.261844,0.058609,0.079322,0.209880
14860000,8.6440,0.261844,0.058609,0.079322,0.199918
14861000,8.6440,0.261844,0.058609,0.079322,0.218070
14862000,8.6440,0.261844,0.058609,0.079322,0.209267
14863000,8.6440,0.261844,0.058609,0.079322,0.208187
14864000,8.6440,0.261844,0.058609,0.079322,0.209196
14865000,8.6440,0.261844,0.058609,0.079322,0.211802
14866000,8.6440,0.261844,0.058609,0.079322,0.212525
14867000,8.6440,0.261844,0.058609,0.079322,0.206958
14868000,8.6440,0.261844,0.058609,0.079322,0.212206
14869000,8.6440,0.261844,0.058609,0.079322,0.208409
14870000,8.6440,0.261844,0.058609,0.079322,0.212202
14871000,8.6440,0.261844,0.058609,0.079322,0.210550
14872000,8.6440,0.261844,0.058609,0.079322,0.209268
14873000,8.6440,0.261844,0.058609,0.079322,0.206143
14874000,8.6440,0.261844,0.058609,0.079322,0.208398
14875000,8.6440,0.261844,0.058609,0.079322,0.214779
14876000,8.6440,0.261844,0.058609,0.079322,0.208771
14877000,8.6440,0.261844,0.058609,0.079322,0.206245
14878000,8.6440,0.261844,0.058609,0.079322,0.205458
14879000,8.6440,0.261844,0.058609,0.079322,0.209203
14880000,8.6440,0.261844,0.058609,0.079322,0.208232
14881000,8.6440,0.261844,0.058609,0.079322,0.209016
14882000,8.6440,0.261844,0.058609,0.079322,0.206332
14883000,8.6440,0.261844,0.058609,0.079322,0.208655
14884000,8.6440,0.261844,0.058609,0.079322,0.214153
14885000,8.6440,0.261844,0.058609,0.079322,0.211448
14886000,8.6440,0.261844,0.058609,0.079322,0.219144
14887000,8.6440,0.261844,0.058609,0.079322,0.204625
14888000,8.6440,0.261844,0.058609,0.079322,0.213267
14889000,8.6440,0.261844,0.058609,0.079322,0.212609
14890000,8.6440,0.261844,0.058609,0.079322,0.206119
14891000,8.6440,0.261844,0.058609,0.079322,0.209757
14892000,8.6440,0.261844,0.058609,0.079322,0.222733
14893000,8.6440,0.261844,0.058609,0.079322,0.210334
14894000,8.6440,0.261844,0.058609,0.079322,0.208857
14895000,8.6440,0.261844,0.058609,0.079322,0.221379
14896000,8.6440,0.261844,0.058609,0.079322,0.208028
14897000,8.6440,0.261844,0.058609,0.079322,0.204144
14898000,8.6440,0.261844,0.058609,0.079322,0.217834
14899000,8.6440,0.261844,0.058609,0.079322,0.212231
14900000,8.6440,0.261844,0.058609,0.079322,0.210959
14901000,8.6440,0.261844,0.058609,0.079322,0.209112
14902000,8.6440,0.261844,0.058609,0.079322,0.212423
14903000,8.6440,0.261844,0.058609,0.079322,0.206532
14904000,8.6440,0.261844,0.058609,0.079322,0.213414
14905000,8.6440,0.261844,0.058609,0.079322,0.209297
14906000,8.6440,0.261844,0.058609,0.079322,0.207288
14907000,8.6440,0.261844,0.058609,0.079322,0.214444
14908000,8.6440,0.261844,0.058609,0.079322,0.211402
14909000,8.6440,0.261844,0.058609,0.079322,0.212400
14910000,8.6440,0.261844,0.058609,0.079322,0.205677
14911000,8.6440,0.261844,0.058609,0.079322,0.223722
14912000,8.6440,0.261844,0.058609,0.079322,0.204400
14913000,8.6440,0.261844,0.058609,0.079322,0.208253
14914000,8.6440,0.261844,0.058609,0.079322,0.204086
14915000,8.6440,0.261844,0.058609,0.079322,0.203622
14916000,8.6440,0.261844,0.058609,0.079322,0.219574
14917000,8.6440,0.261844,0.058609,0.079322,0.213452
14918000,8.6440,0.261844,0.058609,0.079322,0.206843
14919000,8.6440,0.261844,0.058609,0.079322,0.211410
14920000,8.6440,0.261844,0.058609,0.079322,0.202881
14921000,8.6440,0.261844,0.058609,0.079322,0.209893
14922000,8.6440,0.261844,0.058609,0.079322,0.218316
14923000,8.6440,0.261844,0.058609,0.079322,0.210068
14924000,8.6440,0.261844,0.058609,0.079322,0.202473
14925000,8.6440,0.261844,0.058609,0.079322,0.204934
14926000,8.6440,0.261844,0.058609,0.079322,0.212608
14927000,8.6440,0.261844,0.058609,0.079322,0.210345
14928000,8.6440,0.261844,0.058609,0.079322,0.214836
14929000,8.6440,0.261844,0.058609,0.079322,0.216242
14930000,8.6440,0.261844,0.058609,0.079322,0.210365
14931000,8.6440,0.261844,0.058609,0.079322,0.214321
14932000,8.6440,0.261844,0.058609,0.079322,0.210852
14933000,8.6440,0.261844,0.058609,0.079322,0.215446
14934000,8.6440,0.261844,0.058609,0.079322,0.204016
14935000,8.6440,0.261844,0.058609,0.079322,0.210145
14936000,8.6440,0.261844,0.058609,0.079322,0.212526
14937000,8.6440,0.261844,0.058609,0.079322,0.214399
14938000,8.6440,0.261844,0.058609,0.079322,0.213659
14939000,8.6440,0.261844,0.058609,0.079322,0.204536
14940000,8.6440,0.261844,0.058609,0.079322,0.215180
14941000,8.6440,0.261844,0.058609,0.079322,0.207625
14942000,8.6440,0.261844,0.058609,0.079322,0.209524
14943000,8.6440,0.261844,0.058609,0.079322,0.215750
14944000,8.6440,0.261844,0.058609,0.079322,0.209437
14945000,8.6440,0.261844,0.058609,0.079322,0.208972
14946000,8.6440,0.261844,0.058609,0.079322,0.217905
14947000,8.6440,0.261844,0.058609,0.079322,0.202313
14948000,8.6440,0.261844,0.058609,0.079322,0.209858
14949000,8.6440,0.261844,0.058609,0.079322,0.216192
14950000,8.6440,0.261844,0.058609,0.079322,0.205191
14951000,8.6440,0.261844,0.058609,0.079322,0.212321
14952000,8.6440,0.261844,0.058609,0.079322,0.220106
14953000,8.6440,0.261844,0.058609,0.079322,0.209938
14954000,8.6440,0.261844,0.058609,0.079322,0.206770
14955000,8.6440,0.261844,0.058609,0.079322,0.207545
14956000,8.6440,0.261844,0.058609,0.079322,0.214255
14957000,8.6440,0.261844,0.058609,0.079322,0.210526
14958000,8.6440,0.261844,0.058609,0.079322,0.213883
14959000,8.6440,0.261844,0.058609,0.079322,0.205510
14960000,8.6440,0.261844,0.058609,0.079322,0.212720
14961000,8.6440,0.261844,0.058609,0.079322,0.210419
14962000,8.6440,0.261844,0.058609,0.079322,0.215011
14963000,8.6440,0.261844,0.058609,0.079322,0.215529
14964000,8.6440,0.261844,0.058609,0.079322,0.212038
14965000,8.6440,0.261844,0.058609,0.079322,0.208396
14966000,8.6440,0.261844,0.058609,0.079322,0.204680
14967000,8.6440,0.261844,0.058609,0.079322,0.219673
14968000,8.6440,0.261844,0.058609,0.079322,0.203736
14969000,8.6440,0.261844,0.058609,0.079322,0.209634
14970000,8.6440,0.261844,0.058609,0.079322,0.215927
14971000,8.6440,0.261844,0.058609,0.079322,0.204602
14972000,8.6440,0.261844,0.058609,0.079322,0.205458
14973000,8.6440,0.261844,0.058609,0.079322,0.213056
14974000,8.6440,0.261844,0.058609,0.079322,0.213224
14975000,8.6440,0.261844,0.058609,0.079322,0.203270
14976000,8.6440,0.261844,0.058609,0.079322,0.220624
14977000,8.6440,0.261844,0.058609,0.079322,0.201432
14978000,8.6440,0.261844,0.058609,0.079322,0.222689
14979000,8.6440,0.261844,0.058609,0.079322,0.214373
14980000,8.6440,0.261844,0.058609,0.079322,0.199275
14981000,8.6440,0.261844,0.058609,0.079322,0.209850
14982000,8.6440,0.261844,0.058609,0.079322,0.224239
14983000,8.6440,0.261844,0.058609,0.079322,0.213799
14984000,8.6440,0.261844,0.058609,0.079322,0.216207
14985000,8.6440,0.261844,0.058609,0.079322,0.209016
14986000,8.6440,0.261844,0.058609,0.079322,0.215799
14987000,8.6440,0.261844,0.058609,0.079322,0.217660
14988000,8.6440,0.261844,0.058609,0.079322,0.211596
14989000,8.6440,0.261844,0.058609,0.079322,0.213528
14990000,8.6440,0.261844,0.058609,0.079322,0.209410
14991000,8.6440,0.261844,0.058609,0.079322,0.203329
14992000,8.6440,0.261844,0.058609,0.079322,0.204968
14993000,8.6440,0.261844,0.058609,0.079322,0.217699
14994000,8.6440,0.261844,0.058609,0.079322,0.216114
14995000,8.6440,0.261844,0.058609,0.079322,0.205436
14996000,8.6440,0.261844,0.058609,0.079322,0.219105
14997000,8.6440,0.261844,0.058609,0.079322,0.215646
14998000,8.6440,0.261844,0.058609,0.079322,0.208459
14999000,8.6440,0.261844,0.058609,0.079322,0.218627
