Cycle,Area(mm^2),PeakDynamic(W),SubthresholdLeakage(W),GateLeakage(W),RunTimeDynamic(W)
1000000,1.0570,0.187474,0.005507,0.000525,0.144842
1001000,1.0570,0.187474,0.005507,0.000525,0.117110
1002000,1.0570,0.187474,0.005507,0.000525,0.105692
1003000,1.0570,0.187474,0.005507,0.000525,0.110785
1004000,1.0570,0.187474,0.005507,0.000525,0.097007
1005000,1.0570,0.187474,0.005507,0.000525,0.084484
1006000,1.0570,0.187474,0.005507,0.000525,0.113692
1007000,1.0570,0.187474,0.005507,0.000525,0.125809
1008000,1.0570,0.187474,0.005507,0.000525,0.107960
1009000,1.0570,0.187474,0.005507,0.000525,0.122996
1010000,1.0570,0.187474,0.005507,0.000525,0.123422
1011000,1.0570,0.187474,0.005507,0.000525,0.118845
1012000,1.0570,0.187474,0.005507,0.000525,0.110480
1013000,1.0570,0.187474,0.005507,0.000525,0.132656
1014000,1.0570,0.187474,0.005507,0.000525,0.115012
1015000,1.0570,0.187474,0.005507,0.000525,0.107542
1016000,1.0570,0.187474,0.005507,0.000525,0.137858
1017000,1.0570,0.187474,0.005507,0.000525,0.139302
1018000,1.0570,0.187474,0.005507,0.000525,0.133990
1019000,1.0570,0.187474,0.005507,0.000525,0.161014
1020000,1.0570,0.187474,0.005507,0.000525,0.189169
1021000,1.0570,0.187474,0.005507,0.000525,0.164000
1022000,1.0570,0.187474,0.005507,0.000525,0.157209
1023000,1.0570,0.187474,0.005507,0.000525,0.196896
1024000,1.0570,0.187474,0.005507,0.000525,0.206057
1025000,1.0570,0.187474,0.005507,0.000525,0.165317
1026000,1.0570,0.187474,0.005507,0.000525,0.192866
1027000,1.0570,0.187474,0.005507,0.000525,0.196262
1028000,1.0570,0.187474,0.005507,0.000525,0.224407
1029000,1.0570,0.187474,0.005507,0.000525,0.197903
1030000,1.0570,0.187474,0.005507,0.000525,0.213467
1031000,1.0570,0.187474,0.005507,0.000525,0.188757
1032000,1.0570,0.187474,0.005507,0.000525,0.184966
1033000,1.0570,0.187474,0.005507,0.000525,0.184538
1034000,1.0570,0.187474,0.005507,0.000525,0.167791
1035000,1.0570,0.187474,0.005507,0.000525,0.141316
1036000,1.0570,0.187474,0.005507,0.000525,0.162843
1037000,1.0570,0.187474,0.005507,0.000525,0.133854
1038000,1.0570,0.187474,0.005507,0.000525,0.132784
1039000,1.0570,0.187474,0.005507,0.000525,0.164828
1040000,1.0570,0.187474,0.005507,0.000525,0.157020
1041000,1.0570,0.187474,0.005507,0.000525,0.158374
1042000,1.0570,0.187474,0.005507,0.000525,0.158513
1043000,1.0570,0.187474,0.005507,0.000525,0.151876
1044000,1.0570,0.187474,0.005507,0.000525,0.139272
1045000,1.0570,0.187474,0.005507,0.000525,0.134059
1046000,1.0570,0.187474,0.005507,0.000525,0.128501
1047000,1.0570,0.187474,0.005507,0.000525,0.116965
1048000,1.0570,0.187474,0.005507,0.000525,0.127633
1049000,1.0570,0.187474,0.005507,0.000525,0.128169
1050000,1.0570,0.187474,0.005507,0.000525,0.131798
1051000,1.0570,0.187474,0.005507,0.000525,0.155011
1052000,1.0570,0.187474,0.005507,0.000525,0.148661
1053000,1.0570,0.187474,0.005507,0.000525,0.151691
1054000,1.0570,0.187474,0.005507,0.000525,0.142899
1055000,1.0570,0.187474,0.005507,0.000525,0.158898
1056000,1.0570,0.187474,0.005507,0.000525,0.163072
1057000,1.0570,0.187474,0.005507,0.000525,0.150102
1058000,1.0570,0.187474,0.005507,0.000525,0.145053
1059000,1.0570,0.187474,0.005507,0.000525,0.149564
1060000,1.0570,0.187474,0.005507,0.000525,0.150007
1061000,1.0570,0.187474,0.005507,0.000525,0.178317
1062000,1.0570,0.187474,0.005507,0.000525,0.171882
1063000,1.0570,0.187474,0.005507,0.000525,0.164276
1064000,1.0570,0.187474,0.005507,0.000525,0.184943
1065000,1.0570,0.187474,0.005507,0.000525,0.174080
1066000,1.0570,0.187474,0.005507,0.000525,0.167169
1067000,1.0570,0.187474,0.005507,0.000525,0.179044
1068000,1.0570,0.187474,0.005507,0.000525,0.169577
1069000,1.0570,0.187474,0.005507,0.000525,0.186823
1070000,1.0570,0.187474,0.005507,0.000525,0.191604
1071000,1.0570,0.187474,0.005507,0.000525,0.190281
1072000,1.0570,0.187474,0.005507,0.000525,0.196854
1073000,1.0570,0.187474,0.005507,0.000525,0.211732
1074000,1.0570,0.187474,0.005507,0.000525,0.208106
1075000,1.0570,0.187474,0.005507,0.000525,0.208462
1076000,1.0570,0.187474,0.005507,0.000525,0.204751
1077000,1.0570,0.187474,0.005507,0.000525,0.184437
1078000,1.0570,0.187474,0.005507,0.000525,0.172124
1079000,1.0570,0.187474,0.005507,0.000525,0.141262
1080000,1.0570,0.187474,0.005507,0.000525,0.141524
1081000,1.0570,0.187474,0.005507,0.000525,0.147251
1082000,1.0570,0.187474,0.005507,0.000525,0.132869
1083000,1.0570,0.187474,0.005507,0.000525,0.126922
1084000,1.0570,0.187474,0.005507,0.000525,0.140292
1085000,1.0570,0.187474,0.005507,0.000525,0.131099
1086000,1.0570,0.187474,0.005507,0.000525,0.145881
1087000,1.0570,0.187474,0.005507,0.000525,0.119196
1088000,1.0570,0.187474,0.005507,0.000525,0.124333
1089000,1.0570,0.187474,0.005507,0.000525,0.116218
1090000,1.0570,0.187474,0.005507,0.000525,0.103887
1091000,1.0570,0.187474,0.005507,0.000525,0.109782
1092000,1.0570,0.187474,0.005507,0.000525,0.110610
1093000,1.0570,0.187474,0.005507,0.000525,0.088936
1094000,1.0570,0.187474,0.005507,0.000525,0.120343
1095000,1.0570,0.187474,0.005507,0.000525,0.168461
1096000,1.0570,0.187474,0.005507,0.000525,0.140189
1097000,1.0570,0.187474,0.005507,0.000525,0.164410
1098000,1.0570,0.187474,0.005507,0.000525,0.196869
1099000,1.0570,0.187474,0.005507,0.000525,0.173140
1100000,1.0570,0.187474,0.005507,0.000525,0.175776
1101000,1.0570,0.187474,0.005507,0.000525,0.172607
1102000,1.0570,0.187474,0.005507,0.000525,0.194231
1103000,1.0570,0.187474,0.005507,0.000525,0.169584
1104000,1.0570,0.187474,0.005507,0.000525,0.175697
1105000,1.0570,0.187474,0.005507,0.000525,0.174382
1106000,1.0570,0.187474,0.005507,0.000525,0.184660
1107000,1.0570,0.187474,0.005507,0.000525,0.170917
1108000,1.0570,0.187474,0.005507,0.000525,0.198085
1109000,1.0570,0.187474,0.005507,0.000525,0.174975
1110000,1.0570,0.187474,0.005507,0.000525,0.174021
1111000,1.0570,0.187474,0.005507,0.000525,0.178693
1112000,1.0570,0.187474,0.005507,0.000525,0.183172
1113000,1.0570,0.187474,0.005507,0.000525,0.159440
1114000,1.0570,0.187474,0.005507,0.000525,0.162295
1115000,1.0570,0.187474,0.005507,0.000525,0.157893
1116000,1.0570,0.187474,0.005507,0.000525,0.171876
1117000,1.0570,0.187474,0.005507,0.000525,0.184135
1118000,1.0570,0.187474,0.005507,0.000525,0.161574
1119000,1.0570,0.187474,0.005507,0.000525,0.188297
1120000,1.0570,0.187474,0.005507,0.000525,0.192224
1121000,1.0570,0.187474,0.005507,0.000525,0.195480
1122000,1.0570,0.187474,0.005507,0.000525,0.182038
1123000,1.0570,0.187474,0.005507,0.000525,0.208388
1124000,1.0570,0.187474,0.005507,0.000525,0.194079
1125000,1.0570,0.187474,0.005507,0.000525,0.204592
1126000,1.0570,0.187474,0.005507,0.000525,0.240151
1127000,1.0570,0.187474,0.005507,0.000525,0.187291
1128000,1.0570,0.187474,0.005507,0.000525,0.214997
1129000,1.0570,0.187474,0.005507,0.000525,0.214312
1130000,1.0570,0.187474,0.005507,0.000525,0.209493
1131000,1.0570,0.187474,0.005507,0.000525,0.182467
1132000,1.0570,0.187474,0.005507,0.000525,0.179391
1133000,1.0570,0.187474,0.005507,0.000525,0.177518
1134000,1.0570,0.187474,0.005507,0.000525,0.185805
1135000,1.0570,0.187474,0.005507,0.000525,0.158142
1136000,1.0570,0.187474,0.005507,0.000525,0.170906
1137000,1.0570,0.187474,0.005507,0.000525,0.168293
1138000,1.0570,0.187474,0.005507,0.000525,0.149955
1139000,1.0570,0.187474,0.005507,0.000525,0.158593
1140000,1.0570,0.187474,0.005507,0.000525,0.163993
1141000,1.0570,0.187474,0.005507,0.000525,0.175159
1142000,1.0570,0.187474,0.005507,0.000525,0.183625
1143000,1.0570,0.187474,0.005507,0.000525,0.159398
1144000,1.0570,0.187474,0.005507,0.000525,0.172705
1145000,1.0570,0.187474,0.005507,0.000525,0.176302
1146000,1.0570,0.187474,0.005507,0.000525,0.163846
1147000,1.0570,0.187474,0.005507,0.000525,0.187113
1148000,1.0570,0.187474,0.005507,0.000525,0.178551
1149000,1.0570,0.187474,0.005507,0.000525,0.205980
1150000,1.0570,0.187474,0.005507,0.000525,0.197419
1151000,1.0570,0.187474,0.005507,0.000525,0.178905
1152000,1.0570,0.187474,0.005507,0.000525,0.202777
1153000,1.0570,0.187474,0.005507,0.000525,0.174924
1154000,1.0570,0.187474,0.005507,0.000525,0.167901
1155000,1.0570,0.187474,0.005507,0.000525,0.161324
1156000,1.0570,0.187474,0.005507,0.000525,0.147522
1157000,1.0570,0.187474,0.005507,0.000525,0.162579
1158000,1.0570,0.187474,0.005507,0.000525,0.139512
1159000,1.0570,0.187474,0.005507,0.000525,0.167069
1160000,1.0570,0.187474,0.005507,0.000525,0.156862
1161000,1.0570,0.187474,0.005507,0.000525,0.158456
1162000,1.0570,0.187474,0.005507,0.000525,0.165534
1163000,1.0570,0.187474,0.005507,0.000525,0.184208
1164000,1.0570,0.187474,0.005507,0.000525,0.190042
1165000,1.0570,0.187474,0.005507,0.000525,0.168887
1166000,1.0570,0.187474,0.005507,0.000525,0.173129
1167000,1.0570,0.187474,0.005507,0.000525,0.180264
1168000,1.0570,0.187474,0.005507,0.000525,0.157242
1169000,1.0570,0.187474,0.005507,0.000525,0.144480
1170000,1.0570,0.187474,0.005507,0.000525,0.147338
1171000,1.0570,0.187474,0.005507,0.000525,0.148941
1172000,1.0570,0.187474,0.005507,0.000525,0.123967
1173000,1.0570,0.187474,0.005507,0.000525,0.135536
1174000,1.0570,0.187474,0.005507,0.000525,0.132195
1175000,1.0570,0.187474,0.005507,0.000525,0.115725
1176000,1.0570,0.187474,0.005507,0.000525,0.148649
1177000,1.0570,0.187474,0.005507,0.000525,0.148181
1178000,1.0570,0.187474,0.005507,0.000525,0.139692
1179000,1.0570,0.187474,0.005507,0.000525,0.149417
1180000,1.0570,0.187474,0.005507,0.000525,0.165380
1181000,1.0570,0.187474,0.005507,0.000525,0.169795
1182000,1.0570,0.187474,0.005507,0.000525,0.155640
1183000,1.0570,0.187474,0.005507,0.000525,0.172149
1184000,1.0570,0.187474,0.005507,0.000525,0.158723
1185000,1.0570,0.187474,0.005507,0.000525,0.142187
1186000,1.0570,0.187474,0.005507,0.000525,0.143605
1187000,1.0570,0.187474,0.005507,0.000525,0.129636
1188000,1.0570,0.187474,0.005507,0.000525,0.125166
1189000,1.0570,0.187474,0.005507,0.000525,0.141385
1190000,1.0570,0.187474,0.005507,0.000525,0.154065
1191000,1.0570,0.187474,0.005507,0.000525,0.150890
1192000,1.0570,0.187474,0.005507,0.000525,0.150330
1193000,1.0570,0.187474,0.005507,0.000525,0.142706
1194000,1.0570,0.187474,0.005507,0.000525,0.167611
1195000,1.0570,0.187474,0.005507,0.000525,0.150533
1196000,1.0570,0.187474,0.005507,0.000525,0.150736
1197000,1.0570,0.187474,0.005507,0.000525,0.153963
1198000,1.0570,0.187474,0.005507,0.000525,0.152105
1199000,1.0570,0.187474,0.005507,0.000525,0.146292
1200000,1.0570,0.187474,0.005507,0.000525,0.159799
1201000,1.0570,0.187474,0.005507,0.000525,0.156980
1202000,1.0570,0.187474,0.005507,0.000525,0.158603
1203000,1.0570,0.187474,0.005507,0.000525,0.159466
1204000,1.0570,0.187474,0.005507,0.000525,0.203783
1205000,1.0570,0.187474,0.005507,0.000525,0.207718
1206000,1.0570,0.187474,0.005507,0.000525,0.175023
1207000,1.0570,0.187474,0.005507,0.000525,0.200203
1208000,1.0570,0.187474,0.005507,0.000525,0.194961
1209000,1.0570,0.187474,0.005507,0.000525,0.172204
1210000,1.0570,0.187474,0.005507,0.000525,0.167309
1211000,1.0570,0.187474,0.005507,0.000525,0.156691
1212000,1.0570,0.187474,0.005507,0.000525,0.135491
1213000,1.0570,0.187474,0.005507,0.000525,0.140947
1214000,1.0570,0.187474,0.005507,0.000525,0.141422
1215000,1.0570,0.187474,0.005507,0.000525,0.145056
1216000,1.0570,0.187474,0.005507,0.000525,0.159772
1217000,1.0570,0.187474,0.005507,0.000525,0.173567
1218000,1.0570,0.187474,0.005507,0.000525,0.162030
1219000,1.0570,0.187474,0.005507,0.000525,0.174787
1220000,1.0570,0.187474,0.005507,0.000525,0.172686
1221000,1.0570,0.187474,0.005507,0.000525,0.167660
1222000,1.0570,0.187474,0.005507,0.000525,0.159858
1223000,1.0570,0.187474,0.005507,0.000525,0.197662
1224000,1.0570,0.187474,0.005507,0.000525,0.166960
1225000,1.0570,0.187474,0.005507,0.000525,0.190412
1226000,1.0570,0.187474,0.005507,0.000525,0.214537
1227000,1.0570,0.187474,0.005507,0.000525,0.200899
1228000,1.0570,0.187474,0.005507,0.000525,0.203759
1229000,1.0570,0.187474,0.005507,0.000525,0.201540
1230000,1.0570,0.187474,0.005507,0.000525,0.188752
1231000,1.0570,0.187474,0.005507,0.000525,0.173905
1232000,1.0570,0.187474,0.005507,0.000525,0.160037
1233000,1.0570,0.187474,0.005507,0.000525,0.153771
1234000,1.0570,0.187474,0.005507,0.000525,0.143944
1235000,1.0570,0.187474,0.005507,0.000525,0.155471
1236000,1.0570,0.187474,0.005507,0.000525,0.142248
1237000,1.0570,0.187474,0.005507,0.000525,0.153643
1238000,1.0570,0.187474,0.005507,0.000525,0.157885
1239000,1.0570,0.187474,0.005507,0.000525,0.139611
1240000,1.0570,0.187474,0.005507,0.000525,0.139396
1241000,1.0570,0.187474,0.005507,0.000525,0.130439
1242000,1.0570,0.187474,0.005507,0.000525,0.116607
1243000,1.0570,0.187474,0.005507,0.000525,0.130006
1244000,1.0570,0.187474,0.005507,0.000525,0.118168
1245000,1.0570,0.187474,0.005507,0.000525,0.111539
1246000,1.0570,0.187474,0.005507,0.000525,0.131165
1247000,1.0570,0.187474,0.005507,0.000525,0.139901
1248000,1.0570,0.187474,0.005507,0.000525,0.131209
1249000,1.0570,0.187474,0.005507,0.000525,0.165640
1250000,1.0570,0.187474,0.005507,0.000525,0.197239
1251000,1.0570,0.187474,0.005507,0.000525,0.207961
1252000,1.0570,0.187474,0.005507,0.000525,0.185862
1253000,1.0570,0.187474,0.005507,0.000525,0.198398
1254000,1.0570,0.187474,0.005507,0.000525,0.201003
1255000,1.0570,0.187474,0.005507,0.000525,0.184591
1256000,1.0570,0.187474,0.005507,0.000525,0.173161
1257000,1.0570,0.187474,0.005507,0.000525,0.179424
1258000,1.0570,0.187474,0.005507,0.000525,0.184151
1259000,1.0570,0.187474,0.005507,0.000525,0.162116
1260000,1.0570,0.187474,0.005507,0.000525,0.179156
1261000,1.0570,0.187474,0.005507,0.000525,0.166344
1262000,1.0570,0.187474,0.005507,0.000525,0.158667
1263000,1.0570,0.187474,0.005507,0.000525,0.158324
1264000,1.0570,0.187474,0.005507,0.000525,0.136796
1265000,1.0570,0.187474,0.005507,0.000525,0.128662
1266000,1.0570,0.187474,0.005507,0.000525,0.109216
1267000,1.0570,0.187474,0.005507,0.000525,0.119128
1268000,1.0570,0.187474,0.005507,0.000525,0.124076
1269000,1.0570,0.187474,0.005507,0.000525,0.115513
1270000,1.0570,0.187474,0.005507,0.000525,0.107091
1271000,1.0570,0.187474,0.005507,0.000525,0.113749
1272000,1.0570,0.187474,0.005507,0.000525,0.116461
1273000,1.0570,0.187474,0.005507,0.000525,0.134917
1274000,1.0570,0.187474,0.005507,0.000525,0.102638
1275000,1.0570,0.187474,0.005507,0.000525,0.112539
1276000,1.0570,0.187474,0.005507,0.000525,0.109674
1277000,1.0570,0.187474,0.005507,0.000525,0.146114
1278000,1.0570,0.187474,0.005507,0.000525,0.122605
1279000,1.0570,0.187474,0.005507,0.000525,0.136328
1280000,1.0570,0.187474,0.005507,0.000525,0.146956
1281000,1.0570,0.187474,0.005507,0.000525,0.147746
1282000,1.0570,0.187474,0.005507,0.000525,0.139295
1283000,1.0570,0.187474,0.005507,0.000525,0.149859
1284000,1.0570,0.187474,0.005507,0.000525,0.156840
1285000,1.0570,0.187474,0.005507,0.000525,0.144047
1286000,1.0570,0.187474,0.005507,0.000525,0.149314
1287000,1.0570,0.187474,0.005507,0.000525,0.165006
1288000,1.0570,0.187474,0.005507,0.000525,0.144950
1289000,1.0570,0.187474,0.005507,0.000525,0.143217
1290000,1.0570,0.187474,0.005507,0.000525,0.182767
1291000,1.0570,0.187474,0.005507,0.000525,0.158055
1292000,1.0570,0.187474,0.005507,0.000525,0.154887
1293000,1.0570,0.187474,0.005507,0.000525,0.173863
1294000,1.0570,0.187474,0.005507,0.000525,0.188593
1295000,1.0570,0.187474,0.005507,0.000525,0.180379
1296000,1.0570,0.187474,0.005507,0.000525,0.155093
1297000,1.0570,0.187474,0.005507,0.000525,0.166451
1298000,1.0570,0.187474,0.005507,0.000525,0.151126
1299000,1.0570,0.187474,0.005507,0.000525,0.143415
1300000,1.0570,0.187474,0.005507,0.000525,0.155025
1301000,1.0570,0.187474,0.005507,0.000525,0.143997
1302000,1.0570,0.187474,0.005507,0.000525,0.151825
1303000,1.0570,0.187474,0.005507,0.000525,0.148244
1304000,1.0570,0.187474,0.005507,0.000525,0.159094
1305000,1.0570,0.187474,0.005507,0.000525,0.145810
1306000,1.0570,0.187474,0.005507,0.000525,0.169613
1307000,1.0570,0.187474,0.005507,0.000525,0.173207
1308000,1.0570,0.187474,0.005507,0.000525,0.160258
1309000,1.0570,0.187474,0.005507,0.000525,0.164346
1310000,1.0570,0.187474,0.005507,0.000525,0.157645
1311000,1.0570,0.187474,0.005507,0.000525,0.160099
1312000,1.0570,0.187474,0.005507,0.000525,0.144107
1313000,1.0570,0.187474,0.005507,0.000525,0.160253
1314000,1.0570,0.187474,0.005507,0.000525,0.166074
1315000,1.0570,0.187474,0.005507,0.000525,0.169112
1316000,1.0570,0.187474,0.005507,0.000525,0.160285
1317000,1.0570,0.187474,0.005507,0.000525,0.170029
1318000,1.0570,0.187474,0.005507,0.000525,0.172043
1319000,1.0570,0.187474,0.005507,0.000525,0.161852
1320000,1.0570,0.187474,0.005507,0.000525,0.137020
1321000,1.0570,0.187474,0.005507,0.000525,0.136445
1322000,1.0570,0.187474,0.005507,0.000525,0.142396
1323000,1.0570,0.187474,0.005507,0.000525,0.154161
1324000,1.0570,0.187474,0.005507,0.000525,0.151701
1325000,1.0570,0.187474,0.005507,0.000525,0.162373
1326000,1.0570,0.187474,0.005507,0.000525,0.164348
1327000,1.0570,0.187474,0.005507,0.000525,0.217038
1328000,1.0570,0.187474,0.005507,0.000525,0.192845
1329000,1.0570,0.187474,0.005507,0.000525,0.186933
1330000,1.0570,0.187474,0.005507,0.000525,0.182247
1331000,1.0570,0.187474,0.005507,0.000525,0.195864
1332000,1.0570,0.187474,0.005507,0.000525,0.156057
1333000,1.0570,0.187474,0.005507,0.000525,0.143040
1334000,1.0570,0.187474,0.005507,0.000525,0.137309
1335000,1.0570,0.187474,0.005507,0.000525,0.123089
1336000,1.0570,0.187474,0.005507,0.000525,0.119788
1337000,1.0570,0.187474,0.005507,0.000525,0.104433
1338000,1.0570,0.187474,0.005507,0.000525,0.130981
1339000,1.0570,0.187474,0.005507,0.000525,0.128638
1340000,1.0570,0.187474,0.005507,0.000525,0.131280
1341000,1.0570,0.187474,0.005507,0.000525,0.128787
1342000,1.0570,0.187474,0.005507,0.000525,0.124727
1343000,1.0570,0.187474,0.005507,0.000525,0.115558
1344000,1.0570,0.187474,0.005507,0.000525,0.111215
1345000,1.0570,0.187474,0.005507,0.000525,0.100588
1346000,1.0570,0.187474,0.005507,0.000525,0.101607
1347000,1.0570,0.187474,0.005507,0.000525,0.100202
1348000,1.0570,0.187474,0.005507,0.000525,0.100889
1349000,1.0570,0.187474,0.005507,0.000525,0.101035
1350000,1.0570,0.187474,0.005507,0.000525,0.108184
1351000,1.0570,0.187474,0.005507,0.000525,0.109921
1352000,1.0570,0.187474,0.005507,0.000525,0.110146
1353000,1.0570,0.187474,0.005507,0.000525,0.116675
1354000,1.0570,0.187474,0.005507,0.000525,0.139418
1355000,1.0570,0.187474,0.005507,0.000525,0.155474
1356000,1.0570,0.187474,0.005507,0.000525,0.156613
1357000,1.0570,0.187474,0.005507,0.000525,0.156961
1358000,1.0570,0.187474,0.005507,0.000525,0.155074
1359000,1.0570,0.187474,0.005507,0.000525,0.168079
1360000,1.0570,0.187474,0.005507,0.000525,0.150585
1361000,1.0570,0.187474,0.005507,0.000525,0.152829
1362000,1.0570,0.187474,0.005507,0.000525,0.175543
1363000,1.0570,0.187474,0.005507,0.000525,0.148495
1364000,1.0570,0.187474,0.005507,0.000525,0.147568
1365000,1.0570,0.187474,0.005507,0.000525,0.172316
1366000,1.0570,0.187474,0.005507,0.000525,0.144390
1367000,1.0570,0.187474,0.005507,0.000525,0.161731
1368000,1.0570,0.187474,0.005507,0.000525,0.149245
1369000,1.0570,0.187474,0.005507,0.000525,0.157695
1370000,1.0570,0.187474,0.005507,0.000525,0.203837
1371000,1.0570,0.187474,0.005507,0.000525,0.172780
1372000,1.0570,0.187474,0.005507,0.000525,0.184000
1373000,1.0570,0.187474,0.005507,0.000525,0.159783
1374000,1.0570,0.187474,0.005507,0.000525,0.170727
1375000,1.0570,0.187474,0.005507,0.000525,0.157116
1376000,1.0570,0.187474,0.005507,0.000525,0.155630
1377000,1.0570,0.187474,0.005507,0.000525,0.136824
1378000,1.0570,0.187474,0.005507,0.000525,0.129969
1379000,1.0570,0.187474,0.005507,0.000525,0.138271
1380000,1.0570,0.187474,0.005507,0.000525,0.133773
1381000,1.0570,0.187474,0.005507,0.000525,0.132787
1382000,1.0570,0.187474,0.005507,0.000525,0.106316
1383000,1.0570,0.187474,0.005507,0.000525,0.110969
1384000,1.0570,0.187474,0.005507,0.000525,0.120704
1385000,1.0570,0.187474,0.005507,0.000525,0.123901
1386000,1.0570,0.187474,0.005507,0.000525,0.132231
1387000,1.0570,0.187474,0.005507,0.000525,0.128583
1388000,1.0570,0.187474,0.005507,0.000525,0.137243
1389000,1.0570,0.187474,0.005507,0.000525,0.131551
1390000,1.0570,0.187474,0.005507,0.000525,0.150569
1391000,1.0570,0.187474,0.005507,0.000525,0.125394
1392000,1.0570,0.187474,0.005507,0.000525,0.149648
1393000,1.0570,0.187474,0.005507,0.000525,0.167483
1394000,1.0570,0.187474,0.005507,0.000525,0.179825
1395000,1.0570,0.187474,0.005507,0.000525,0.158706
1396000,1.0570,0.187474,0.005507,0.000525,0.151926
1397000,1.0570,0.187474,0.005507,0.000525,0.169404
1398000,1.0570,0.187474,0.005507,0.000525,0.143930
1399000,1.0570,0.187474,0.005507,0.000525,0.148634
1400000,1.0570,0.187474,0.005507,0.000525,0.152165
1401000,1.0570,0.187474,0.005507,0.000525,0.126595
1402000,1.0570,0.187474,0.005507,0.000525,0.133858
1403000,1.0570,0.187474,0.005507,0.000525,0.116198
1404000,1.0570,0.187474,0.005507,0.000525,0.110064
1405000,1.0570,0.187474,0.005507,0.000525,0.111631
1406000,1.0570,0.187474,0.005507,0.000525,0.105873
1407000,1.0570,0.187474,0.005507,0.000525,0.092003
1408000,1.0570,0.187474,0.005507,0.000525,0.096119
1409000,1.0570,0.187474,0.005507,0.000525,0.087377
1410000,1.0570,0.187474,0.005507,0.000525,0.103793
1411000,1.0570,0.187474,0.005507,0.000525,0.100737
1412000,1.0570,0.187474,0.005507,0.000525,0.123972
1413000,1.0570,0.187474,0.005507,0.000525,0.130506
1414000,1.0570,0.187474,0.005507,0.000525,0.122420
1415000,1.0570,0.187474,0.005507,0.000525,0.133638
1416000,1.0570,0.187474,0.005507,0.000525,0.131304
1417000,1.0570,0.187474,0.005507,0.000525,0.137156
1418000,1.0570,0.187474,0.005507,0.000525,0.113900
1419000,1.0570,0.187474,0.005507,0.000525,0.123484
1420000,1.0570,0.187474,0.005507,0.000525,0.114536
1421000,1.0570,0.187474,0.005507,0.000525,0.106116
1422000,1.0570,0.187474,0.005507,0.000525,0.103029
1423000,1.0570,0.187474,0.005507,0.000525,0.098348
1424000,1.0570,0.187474,0.005507,0.000525,0.087657
1425000,1.0570,0.187474,0.005507,0.000525,0.085625
1426000,1.0570,0.187474,0.005507,0.000525,0.103562
1427000,1.0570,0.187474,0.005507,0.000525,0.079008
1428000,1.0570,0.187474,0.005507,0.000525,0.084336
1429000,1.0570,0.187474,0.005507,0.000525,0.101242
1430000,1.0570,0.187474,0.005507,0.000525,0.099988
1431000,1.0570,0.187474,0.005507,0.000525,0.100389
1432000,1.0570,0.187474,0.005507,0.000525,0.121184
1433000,1.0570,0.187474,0.005507,0.000525,0.113046
1434000,1.0570,0.187474,0.005507,0.000525,0.158708
1435000,1.0570,0.187474,0.005507,0.000525,0.178278
1436000,1.0570,0.187474,0.005507,0.000525,0.150484
1437000,1.0570,0.187474,0.005507,0.000525,0.191568
1438000,1.0570,0.187474,0.005507,0.000525,0.184223
1439000,1.0570,0.187474,0.005507,0.000525,0.184520
1440000,1.0570,0.187474,0.005507,0.000525,0.179783
1441000,1.0570,0.187474,0.005507,0.000525,0.163321
1442000,1.0570,0.187474,0.005507,0.000525,0.164477
1443000,1.0570,0.187474,0.005507,0.000525,0.182700
1444000,1.0570,0.187474,0.005507,0.000525,0.196024
1445000,1.0570,0.187474,0.005507,0.000525,0.180044
1446000,1.0570,0.187474,0.005507,0.000525,0.172912
1447000,1.0570,0.187474,0.005507,0.000525,0.173774
1448000,1.0570,0.187474,0.005507,0.000525,0.171172
1449000,1.0570,0.187474,0.005507,0.000525,0.176673
1450000,1.0570,0.187474,0.005507,0.000525,0.145869
1451000,1.0570,0.187474,0.005507,0.000525,0.148673
1452000,1.0570,0.187474,0.005507,0.000525,0.136521
1453000,1.0570,0.187474,0.005507,0.000525,0.121115
1454000,1.0570,0.187474,0.005507,0.000525,0.119785
1455000,1.0570,0.187474,0.005507,0.000525,0.101820
1456000,1.0570,0.187474,0.005507,0.000525,0.105729
1457000,1.0570,0.187474,0.005507,0.000525,0.116454
1458000,1.0570,0.187474,0.005507,0.000525,0.112010
1459000,1.0570,0.187474,0.005507,0.000525,0.108271
1460000,1.0570,0.187474,0.005507,0.000525,0.145643
1461000,1.0570,0.187474,0.005507,0.000525,0.134905
1462000,1.0570,0.187474,0.005507,0.000525,0.145651
1463000,1.0570,0.187474,0.005507,0.000525,0.154484
1464000,1.0570,0.187474,0.005507,0.000525,0.181497
1465000,1.0570,0.187474,0.005507,0.000525,0.170043
1466000,1.0570,0.187474,0.005507,0.000525,0.145787
1467000,1.0570,0.187474,0.005507,0.000525,0.170818
1468000,1.0570,0.187474,0.005507,0.000525,0.156526
1469000,1.0570,0.187474,0.005507,0.000525,0.154473
1470000,1.0570,0.187474,0.005507,0.000525,0.167100
1471000,1.0570,0.187474,0.005507,0.000525,0.160644
1472000,1.0570,0.187474,0.005507,0.000525,0.165828
1473000,1.0570,0.187474,0.005507,0.000525,0.167310
1474000,1.0570,0.187474,0.005507,0.000525,0.166161
1475000,1.0570,0.187474,0.005507,0.000525,0.150066
1476000,1.0570,0.187474,0.005507,0.000525,0.157423
1477000,1.0570,0.187474,0.005507,0.000525,0.149652
1478000,1.0570,0.187474,0.005507,0.000525,0.140446
1479000,1.0570,0.187474,0.005507,0.000525,0.161365
1480000,1.0570,0.187474,0.005507,0.000525,0.134398
1481000,1.0570,0.187474,0.005507,0.000525,0.143400
1482000,1.0570,0.187474,0.005507,0.000525,0.128560
1483000,1.0570,0.187474,0.005507,0.000525,0.125429
1484000,1.0570,0.187474,0.005507,0.000525,0.142609
1485000,1.0570,0.187474,0.005507,0.000525,0.177462
1486000,1.0570,0.187474,0.005507,0.000525,0.130689
1487000,1.0570,0.187474,0.005507,0.000525,0.143059
1488000,1.0570,0.187474,0.005507,0.000525,0.176453
1489000,1.0570,0.187474,0.005507,0.000525,0.183333
1490000,1.0570,0.187474,0.005507,0.000525,0.165478
1491000,1.0570,0.187474,0.005507,0.000525,0.189640
1492000,1.0570,0.187474,0.005507,0.000525,0.207407
1493000,1.0570,0.187474,0.005507,0.000525,0.184869
1494000,1.0570,0.187474,0.005507,0.000525,0.181742
1495000,1.0570,0.187474,0.005507,0.000525,0.198710
1496000,1.0570,0.187474,0.005507,0.000525,0.178290
1497000,1.0570,0.187474,0.005507,0.000525,0.169952
1498000,1.0570,0.187474,0.005507,0.000525,0.182566
1499000,1.0570,0.187474,0.005507,0.000525,0.211269
1500000,1.0570,0.187474,0.005507,0.000525,0.177657
1501000,1.0570,0.187474,0.005507,0.000525,0.198568
1502000,1.0570,0.187474,0.005507,0.000525,0.191768
1503000,1.0570,0.187474,0.005507,0.000525,0.180717
1504000,1.0570,0.187474,0.005507,0.000525,0.156500
1505000,1.0570,0.187474,0.005507,0.000525,0.163689
1506000,1.0570,0.187474,0.005507,0.000525,0.167037
1507000,1.0570,0.187474,0.005507,0.000525,0.157055
1508000,1.0570,0.187474,0.005507,0.000525,0.161080
1509000,1.0570,0.187474,0.005507,0.000525,0.144594
1510000,1.0570,0.187474,0.005507,0.000525,0.154237
1511000,1.0570,0.187474,0.005507,0.000525,0.138569
1512000,1.0570,0.187474,0.005507,0.000525,0.132220
1513000,1.0570,0.187474,0.005507,0.000525,0.126840
1514000,1.0570,0.187474,0.005507,0.000525,0.144272
1515000,1.0570,0.187474,0.005507,0.000525,0.133211
1516000,1.0570,0.187474,0.005507,0.000525,0.135085
1517000,1.0570,0.187474,0.005507,0.000525,0.185116
1518000,1.0570,0.187474,0.005507,0.000525,0.173544
1519000,1.0570,0.187474,0.005507,0.000525,0.166235
1520000,1.0570,0.187474,0.005507,0.000525,0.173109
1521000,1.0570,0.187474,0.005507,0.000525,0.173248
1522000,1.0570,0.187474,0.005507,0.000525,0.161103
1523000,1.0570,0.187474,0.005507,0.000525,0.134822
1524000,1.0570,0.187474,0.005507,0.000525,0.121211
1525000,1.0570,0.187474,0.005507,0.000525,0.120381
1526000,1.0570,0.187474,0.005507,0.000525,0.114701
1527000,1.0570,0.187474,0.005507,0.000525,0.136827
1528000,1.0570,0.187474,0.005507,0.000525,0.119829
1529000,1.0570,0.187474,0.005507,0.000525,0.114862
1530000,1.0570,0.187474,0.005507,0.000525,0.118719
1531000,1.0570,0.187474,0.005507,0.000525,0.125804
1532000,1.0570,0.187474,0.005507,0.000525,0.126810
1533000,1.0570,0.187474,0.005507,0.000525,0.141686
1534000,1.0570,0.187474,0.005507,0.000525,0.119352
1535000,1.0570,0.187474,0.005507,0.000525,0.132953
1536000,1.0570,0.187474,0.005507,0.000525,0.121601
1537000,1.0570,0.187474,0.005507,0.000525,0.146987
1538000,1.0570,0.187474,0.005507,0.000525,0.155481
1539000,1.0570,0.187474,0.005507,0.000525,0.130279
1540000,1.0570,0.187474,0.005507,0.000525,0.144092
1541000,1.0570,0.187474,0.005507,0.000525,0.152226
1542000,1.0570,0.187474,0.005507,0.000525,0.135968
1543000,1.0570,0.187474,0.005507,0.000525,0.149960
1544000,1.0570,0.187474,0.005507,0.000525,0.126531
1545000,1.0570,0.187474,0.005507,0.000525,0.132636
1546000,1.0570,0.187474,0.005507,0.000525,0.149350
1547000,1.0570,0.187474,0.005507,0.000525,0.145685
1548000,1.0570,0.187474,0.005507,0.000525,0.143871
1549000,1.0570,0.187474,0.005507,0.000525,0.167523
1550000,1.0570,0.187474,0.005507,0.000525,0.162341
1551000,1.0570,0.187474,0.005507,0.000525,0.141321
1552000,1.0570,0.187474,0.005507,0.000525,0.155113
1553000,1.0570,0.187474,0.005507,0.000525,0.159459
1554000,1.0570,0.187474,0.005507,0.000525,0.141961
1555000,1.0570,0.187474,0.005507,0.000525,0.155436
1556000,1.0570,0.187474,0.005507,0.000525,0.159746
1557000,1.0570,0.187474,0.005507,0.000525,0.171897
1558000,1.0570,0.187474,0.005507,0.000525,0.146812
1559000,1.0570,0.187474,0.005507,0.000525,0.151792
1560000,1.0570,0.187474,0.005507,0.000525,0.162749
1561000,1.0570,0.187474,0.005507,0.000525,0.158753
1562000,1.0570,0.187474,0.005507,0.000525,0.156550
1563000,1.0570,0.187474,0.005507,0.000525,0.137353
1564000,1.0570,0.187474,0.005507,0.000525,0.145217
1565000,1.0570,0.187474,0.005507,0.000525,0.153482
1566000,1.0570,0.187474,0.005507,0.000525,0.135223
1567000,1.0570,0.187474,0.005507,0.000525,0.115883
1568000,1.0570,0.187474,0.005507,0.000525,0.141786
1569000,1.0570,0.187474,0.005507,0.000525,0.145312
1570000,1.0570,0.187474,0.005507,0.000525,0.121429
1571000,1.0570,0.187474,0.005507,0.000525,0.122000
1572000,1.0570,0.187474,0.005507,0.000525,0.144449
1573000,1.0570,0.187474,0.005507,0.000525,0.130942
1574000,1.0570,0.187474,0.005507,0.000525,0.110956
1575000,1.0570,0.187474,0.005507,0.000525,0.115783
1576000,1.0570,0.187474,0.005507,0.000525,0.105835
1577000,1.0570,0.187474,0.005507,0.000525,0.089357
1578000,1.0570,0.187474,0.005507,0.000525,0.104251
1579000,1.0570,0.187474,0.005507,0.000525,0.102517
1580000,1.0570,0.187474,0.005507,0.000525,0.090281
1581000,1.0570,0.187474,0.005507,0.000525,0.115305
1582000,1.0570,0.187474,0.005507,0.000525,0.118762
1583000,1.0570,0.187474,0.005507,0.000525,0.147930
1584000,1.0570,0.187474,0.005507,0.000525,0.146630
1585000,1.0570,0.187474,0.005507,0.000525,0.134312
1586000,1.0570,0.187474,0.005507,0.000525,0.157415
1587000,1.0570,0.187474,0.005507,0.000525,0.140550
1588000,1.0570,0.187474,0.005507,0.000525,0.138419
1589000,1.0570,0.187474,0.005507,0.000525,0.137541
1590000,1.0570,0.187474,0.005507,0.000525,0.116750
1591000,1.0570,0.187474,0.005507,0.000525,0.101406
1592000,1.0570,0.187474,0.005507,0.000525,0.122972
1593000,1.0570,0.187474,0.005507,0.000525,0.140731
1594000,1.0570,0.187474,0.005507,0.000525,0.124080
1595000,1.0570,0.187474,0.005507,0.000525,0.128052
1596000,1.0570,0.187474,0.005507,0.000525,0.177593
1597000,1.0570,0.187474,0.005507,0.000525,0.182970
1598000,1.0570,0.187474,0.005507,0.000525,0.170550
1599000,1.0570,0.187474,0.005507,0.000525,0.177874
1600000,1.0570,0.187474,0.005507,0.000525,0.168378
1601000,1.0570,0.187474,0.005507,0.000525,0.175345
1602000,1.0570,0.187474,0.005507,0.000525,0.176226
1603000,1.0570,0.187474,0.005507,0.000525,0.162771
1604000,1.0570,0.187474,0.005507,0.000525,0.176684
1605000,1.0570,0.187474,0.005507,0.000525,0.160037
1606000,1.0570,0.187474,0.005507,0.000525,0.159114
1607000,1.0570,0.187474,0.005507,0.000525,0.143280
1608000,1.0570,0.187474,0.005507,0.000525,0.139783
1609000,1.0570,0.187474,0.005507,0.000525,0.125612
1610000,1.0570,0.187474,0.005507,0.000525,0.129896
1611000,1.0570,0.187474,0.005507,0.000525,0.150050
1612000,1.0570,0.187474,0.005507,0.000525,0.151835
1613000,1.0570,0.187474,0.005507,0.000525,0.183796
1614000,1.0570,0.187474,0.005507,0.000525,0.217344
1615000,1.0570,0.187474,0.005507,0.000525,0.198746
1616000,1.0570,0.187474,0.005507,0.000525,0.219199
1617000,1.0570,0.187474,0.005507,0.000525,0.189320
1618000,1.0570,0.187474,0.005507,0.000525,0.180211
1619000,1.0570,0.187474,0.005507,0.000525,0.168858
1620000,1.0570,0.187474,0.005507,0.000525,0.149222
1621000,1.0570,0.187474,0.005507,0.000525,0.129815
1622000,1.0570,0.187474,0.005507,0.000525,0.127501
1623000,1.0570,0.187474,0.005507,0.000525,0.128634
1624000,1.0570,0.187474,0.005507,0.000525,0.127688
1625000,1.0570,0.187474,0.005507,0.000525,0.141137
1626000,1.0570,0.187474,0.005507,0.000525,0.158435
1627000,1.0570,0.187474,0.005507,0.000525,0.157810
1628000,1.0570,0.187474,0.005507,0.000525,0.151121
1629000,1.0570,0.187474,0.005507,0.000525,0.171708
1630000,1.0570,0.187474,0.005507,0.000525,0.165735
1631000,1.0570,0.187474,0.005507,0.000525,0.166651
1632000,1.0570,0.187474,0.005507,0.000525,0.184875
1633000,1.0570,0.187474,0.005507,0.000525,0.160539
1634000,1.0570,0.187474,0.005507,0.000525,0.172348
1635000,1.0570,0.187474,0.005507,0.000525,0.162475
1636000,1.0570,0.187474,0.005507,0.000525,0.166430
1637000,1.0570,0.187474,0.005507,0.000525,0.164588
1638000,1.0570,0.187474,0.005507,0.000525,0.144939
1639000,1.0570,0.187474,0.005507,0.000525,0.150995
1640000,1.0570,0.187474,0.005507,0.000525,0.165096
1641000,1.0570,0.187474,0.005507,0.000525,0.161618
1642000,1.0570,0.187474,0.005507,0.000525,0.149120
1643000,1.0570,0.187474,0.005507,0.000525,0.147326
1644000,1.0570,0.187474,0.005507,0.000525,0.142384
1645000,1.0570,0.187474,0.005507,0.000525,0.129396
1646000,1.0570,0.187474,0.005507,0.000525,0.136129
1647000,1.0570,0.187474,0.005507,0.000525,0.131509
1648000,1.0570,0.187474,0.005507,0.000525,0.121336
1649000,1.0570,0.187474,0.005507,0.000525,0.147562
1650000,1.0570,0.187474,0.005507,0.000525,0.134027
1651000,1.0570,0.187474,0.005507,0.000525,0.127803
1652000,1.0570,0.187474,0.005507,0.000525,0.124141
1653000,1.0570,0.187474,0.005507,0.000525,0.133335
1654000,1.0570,0.187474,0.005507,0.000525,0.139500
1655000,1.0570,0.187474,0.005507,0.000525,0.127013
1656000,1.0570,0.187474,0.005507,0.000525,0.150041
1657000,1.0570,0.187474,0.005507,0.000525,0.143423
1658000,1.0570,0.187474,0.005507,0.000525,0.141033
1659000,1.0570,0.187474,0.005507,0.000525,0.139305
1660000,1.0570,0.187474,0.005507,0.000525,0.160627
1661000,1.0570,0.187474,0.005507,0.000525,0.164602
1662000,1.0570,0.187474,0.005507,0.000525,0.147401
1663000,1.0570,0.187474,0.005507,0.000525,0.147951
1664000,1.0570,0.187474,0.005507,0.000525,0.129983
1665000,1.0570,0.187474,0.005507,0.000525,0.123156
1666000,1.0570,0.187474,0.005507,0.000525,0.112511
1667000,1.0570,0.187474,0.005507,0.000525,0.116836
1668000,1.0570,0.187474,0.005507,0.000525,0.097476
1669000,1.0570,0.187474,0.005507,0.000525,0.106626
1670000,1.0570,0.187474,0.005507,0.000525,0.110835
1671000,1.0570,0.187474,0.005507,0.000525,0.098570
1672000,1.0570,0.187474,0.005507,0.000525,0.112305
1673000,1.0570,0.187474,0.005507,0.000525,0.105261
1674000,1.0570,0.187474,0.005507,0.000525,0.114076
1675000,1.0570,0.187474,0.005507,0.000525,0.113755
1676000,1.0570,0.187474,0.005507,0.000525,0.140756
1677000,1.0570,0.187474,0.005507,0.000525,0.129939
1678000,1.0570,0.187474,0.005507,0.000525,0.135810
1679000,1.0570,0.187474,0.005507,0.000525,0.153513
1680000,1.0570,0.187474,0.005507,0.000525,0.151440
1681000,1.0570,0.187474,0.005507,0.000525,0.154650
1682000,1.0570,0.187474,0.005507,0.000525,0.164550
1683000,1.0570,0.187474,0.005507,0.000525,0.149689
1684000,1.0570,0.187474,0.005507,0.000525,0.141017
1685000,1.0570,0.187474,0.005507,0.000525,0.134917
1686000,1.0570,0.187474,0.005507,0.000525,0.146843
1687000,1.0570,0.187474,0.005507,0.000525,0.123592
1688000,1.0570,0.187474,0.005507,0.000525,0.151926
1689000,1.0570,0.187474,0.005507,0.000525,0.154406
1690000,1.0570,0.187474,0.005507,0.000525,0.173971
1691000,1.0570,0.187474,0.005507,0.000525,0.162650
1692000,1.0570,0.187474,0.005507,0.000525,0.156416
1693000,1.0570,0.187474,0.005507,0.000525,0.171402
1694000,1.0570,0.187474,0.005507,0.000525,0.170055
1695000,1.0570,0.187474,0.005507,0.000525,0.151665
1696000,1.0570,0.187474,0.005507,0.000525,0.157713
1697000,1.0570,0.187474,0.005507,0.000525,0.146611
1698000,1.0570,0.187474,0.005507,0.000525,0.163697
1699000,1.0570,0.187474,0.005507,0.000525,0.147150
1700000,1.0570,0.187474,0.005507,0.000525,0.137718
1701000,1.0570,0.187474,0.005507,0.000525,0.148075
1702000,1.0570,0.187474,0.005507,0.000525,0.156997
1703000,1.0570,0.187474,0.005507,0.000525,0.170135
1704000,1.0570,0.187474,0.005507,0.000525,0.161647
1705000,1.0570,0.187474,0.005507,0.000525,0.156831
1706000,1.0570,0.187474,0.005507,0.000525,0.168652
1707000,1.0570,0.187474,0.005507,0.000525,0.146611
1708000,1.0570,0.187474,0.005507,0.000525,0.141483
1709000,1.0570,0.187474,0.005507,0.000525,0.153651
1710000,1.0570,0.187474,0.005507,0.000525,0.149813
1711000,1.0570,0.187474,0.005507,0.000525,0.152702
1712000,1.0570,0.187474,0.005507,0.000525,0.124781
1713000,1.0570,0.187474,0.005507,0.000525,0.141969
1714000,1.0570,0.187474,0.005507,0.000525,0.135600
1715000,1.0570,0.187474,0.005507,0.000525,0.123110
1716000,1.0570,0.187474,0.005507,0.000525,0.125318
1717000,1.0570,0.187474,0.005507,0.000525,0.122849
1718000,1.0570,0.187474,0.005507,0.000525,0.124951
1719000,1.0570,0.187474,0.005507,0.000525,0.124014
1720000,1.0570,0.187474,0.005507,0.000525,0.144782
1721000,1.0570,0.187474,0.005507,0.000525,0.143208
1722000,1.0570,0.187474,0.005507,0.000525,0.162711
1723000,1.0570,0.187474,0.005507,0.000525,0.160972
1724000,1.0570,0.187474,0.005507,0.000525,0.162242
1725000,1.0570,0.187474,0.005507,0.000525,0.145426
1726000,1.0570,0.187474,0.005507,0.000525,0.176399
1727000,1.0570,0.187474,0.005507,0.000525,0.137653
1728000,1.0570,0.187474,0.005507,0.000525,0.134975
1729000,1.0570,0.187474,0.005507,0.000525,0.140555
1730000,1.0570,0.187474,0.005507,0.000525,0.120829
1731000,1.0570,0.187474,0.005507,0.000525,0.100208
1732000,1.0570,0.187474,0.005507,0.000525,0.111605
1733000,1.0570,0.187474,0.005507,0.000525,0.102998
1734000,1.0570,0.187474,0.005507,0.000525,0.099221
1735000,1.0570,0.187474,0.005507,0.000525,0.086381
1736000,1.0570,0.187474,0.005507,0.000525,0.096346
1737000,1.0570,0.187474,0.005507,0.000525,0.100853
1738000,1.0570,0.187474,0.005507,0.000525,0.111735
1739000,1.0570,0.187474,0.005507,0.000525,0.123030
1740000,1.0570,0.187474,0.005507,0.000525,0.150392
1741000,1.0570,0.187474,0.005507,0.000525,0.143064
1742000,1.0570,0.187474,0.005507,0.000525,0.160866
1743000,1.0570,0.187474,0.005507,0.000525,0.155191
1744000,1.0570,0.187474,0.005507,0.000525,0.158208
1745000,1.0570,0.187474,0.005507,0.000525,0.205513
1746000,1.0570,0.187474,0.005507,0.000525,0.196781
1747000,1.0570,0.187474,0.005507,0.000525,0.165451
1748000,1.0570,0.187474,0.005507,0.000525,0.169333
1749000,1.0570,0.187474,0.005507,0.000525,0.160269
1750000,1.0570,0.187474,0.005507,0.000525,0.166313
1751000,1.0570,0.187474,0.005507,0.000525,0.148366
1752000,1.0570,0.187474,0.005507,0.000525,0.138661
1753000,1.0570,0.187474,0.005507,0.000525,0.143896
1754000,1.0570,0.187474,0.005507,0.000525,0.144322
1755000,1.0570,0.187474,0.005507,0.000525,0.167451
1756000,1.0570,0.187474,0.005507,0.000525,0.167452
1757000,1.0570,0.187474,0.005507,0.000525,0.164616
1758000,1.0570,0.187474,0.005507,0.000525,0.154397
1759000,1.0570,0.187474,0.005507,0.000525,0.149951
1760000,1.0570,0.187474,0.005507,0.000525,0.140270
1761000,1.0570,0.187474,0.005507,0.000525,0.136541
1762000,1.0570,0.187474,0.005507,0.000525,0.140780
1763000,1.0570,0.187474,0.005507,0.000525,0.134471
1764000,1.0570,0.187474,0.005507,0.000525,0.114570
1765000,1.0570,0.187474,0.005507,0.000525,0.137439
1766000,1.0570,0.187474,0.005507,0.000525,0.126638
1767000,1.0570,0.187474,0.005507,0.000525,0.137635
1768000,1.0570,0.187474,0.005507,0.000525,0.150910
1769000,1.0570,0.187474,0.005507,0.000525,0.168317
1770000,1.0570,0.187474,0.005507,0.000525,0.170466
1771000,1.0570,0.187474,0.005507,0.000525,0.168638
1772000,1.0570,0.187474,0.005507,0.000525,0.180398
1773000,1.0570,0.187474,0.005507,0.000525,0.178453
1774000,1.0570,0.187474,0.005507,0.000525,0.157601
1775000,1.0570,0.187474,0.005507,0.000525,0.180053
1776000,1.0570,0.187474,0.005507,0.000525,0.166470
1777000,1.0570,0.187474,0.005507,0.000525,0.158044
1778000,1.0570,0.187474,0.005507,0.000525,0.166975
1779000,1.0570,0.187474,0.005507,0.000525,0.163538
1780000,1.0570,0.187474,0.005507,0.000525,0.153880
1781000,1.0570,0.187474,0.005507,0.000525,0.139411
1782000,1.0570,0.187474,0.005507,0.000525,0.163392
1783000,1.0570,0.187474,0.005507,0.000525,0.183879
1784000,1.0570,0.187474,0.005507,0.000525,0.173908
1785000,1.0570,0.187474,0.005507,0.000525,0.169704
1786000,1.0570,0.187474,0.005507,0.000525,0.161132
1787000,1.0570,0.187474,0.005507,0.000525,0.170963
1788000,1.0570,0.187474,0.005507,0.000525,0.161654
1789000,1.0570,0.187474,0.005507,0.000525,0.143938
1790000,1.0570,0.187474,0.005507,0.000525,0.160264
1791000,1.0570,0.187474,0.005507,0.000525,0.143766
1792000,1.0570,0.187474,0.005507,0.000525,0.144586
1793000,1.0570,0.187474,0.005507,0.000525,0.139846
1794000,1.0570,0.187474,0.005507,0.000525,0.159461
1795000,1.0570,0.187474,0.005507,0.000525,0.147402
1796000,1.0570,0.187474,0.005507,0.000525,0.128742
1797000,1.0570,0.187474,0.005507,0.000525,0.133575
1798000,1.0570,0.187474,0.005507,0.000525,0.132951
1799000,1.0570,0.187474,0.005507,0.000525,0.124057
1800000,1.0570,0.187474,0.005507,0.000525,0.109090
1801000,1.0570,0.187474,0.005507,0.000525,0.101719
1802000,1.0570,0.187474,0.005507,0.000525,0.103538
1803000,1.0570,0.187474,0.005507,0.000525,0.095216
1804000,1.0570,0.187474,0.005507,0.000525,0.104279
1805000,1.0570,0.187474,0.005507,0.000525,0.086071
1806000,1.0570,0.187474,0.005507,0.000525,0.084937
1807000,1.0570,0.187474,0.005507,0.000525,0.116492
1808000,1.0570,0.187474,0.005507,0.000525,0.101948
1809000,1.0570,0.187474,0.005507,0.000525,0.119254
1810000,1.0570,0.187474,0.005507,0.000525,0.124690
1811000,1.0570,0.187474,0.005507,0.000525,0.121177
1812000,1.0570,0.187474,0.005507,0.000525,0.147674
1813000,1.0570,0.187474,0.005507,0.000525,0.134835
1814000,1.0570,0.187474,0.005507,0.000525,0.145245
1815000,1.0570,0.187474,0.005507,0.000525,0.162246
1816000,1.0570,0.187474,0.005507,0.000525,0.136302
1817000,1.0570,0.187474,0.005507,0.000525,0.137298
1818000,1.0570,0.187474,0.005507,0.000525,0.130708
1819000,1.0570,0.187474,0.005507,0.000525,0.136683
1820000,1.0570,0.187474,0.005507,0.000525,0.122013
1821000,1.0570,0.187474,0.005507,0.000525,0.142392
1822000,1.0570,0.187474,0.005507,0.000525,0.159277
1823000,1.0570,0.187474,0.005507,0.000525,0.157488
1824000,1.0570,0.187474,0.005507,0.000525,0.163380
1825000,1.0570,0.187474,0.005507,0.000525,0.189230
1826000,1.0570,0.187474,0.005507,0.000525,0.187291
1827000,1.0570,0.187474,0.005507,0.000525,0.193190
1828000,1.0570,0.187474,0.005507,0.000525,0.182616
1829000,1.0570,0.187474,0.005507,0.000525,0.178991
1830000,1.0570,0.187474,0.005507,0.000525,0.165826
1831000,1.0570,0.187474,0.005507,0.000525,0.188145
1832000,1.0570,0.187474,0.005507,0.000525,0.202872
1833000,1.0570,0.187474,0.005507,0.000525,0.177997
1834000,1.0570,0.187474,0.005507,0.000525,0.202081
1835000,1.0570,0.187474,0.005507,0.000525,0.169893
1836000,1.0570,0.187474,0.005507,0.000525,0.179067
1837000,1.0570,0.187474,0.005507,0.000525,0.175712
1838000,1.0570,0.187474,0.005507,0.000525,0.185620
1839000,1.0570,0.187474,0.005507,0.000525,0.156930
1840000,1.0570,0.187474,0.005507,0.000525,0.167718
1841000,1.0570,0.187474,0.005507,0.000525,0.188194
1842000,1.0570,0.187474,0.005507,0.000525,0.165952
1843000,1.0570,0.187474,0.005507,0.000525,0.170324
1844000,1.0570,0.187474,0.005507,0.000525,0.158160
1845000,1.0570,0.187474,0.005507,0.000525,0.164916
1846000,1.0570,0.187474,0.005507,0.000525,0.183615
1847000,1.0570,0.187474,0.005507,0.000525,0.143806
1848000,1.0570,0.187474,0.005507,0.000525,0.147253
1849000,1.0570,0.187474,0.005507,0.000525,0.137474
1850000,1.0570,0.187474,0.005507,0.000525,0.129110
1851000,1.0570,0.187474,0.005507,0.000525,0.126178
1852000,1.0570,0.187474,0.005507,0.000525,0.111475
1853000,1.0570,0.187474,0.005507,0.000525,0.117550
1854000,1.0570,0.187474,0.005507,0.000525,0.111410
1855000,1.0570,0.187474,0.005507,0.000525,0.114441
1856000,1.0570,0.187474,0.005507,0.000525,0.125521
1857000,1.0570,0.187474,0.005507,0.000525,0.105874
1858000,1.0570,0.187474,0.005507,0.000525,0.109553
1859000,1.0570,0.187474,0.005507,0.000525,0.110335
1860000,1.0570,0.187474,0.005507,0.000525,0.122781
1861000,1.0570,0.187474,0.005507,0.000525,0.114655
1862000,1.0570,0.187474,0.005507,0.000525,0.122069
1863000,1.0570,0.187474,0.005507,0.000525,0.117997
1864000,1.0570,0.187474,0.005507,0.000525,0.131380
1865000,1.0570,0.187474,0.005507,0.000525,0.142128
1866000,1.0570,0.187474,0.005507,0.000525,0.125234
1867000,1.0570,0.187474,0.005507,0.000525,0.141321
1868000,1.0570,0.187474,0.005507,0.000525,0.138262
1869000,1.0570,0.187474,0.005507,0.000525,0.134758
1870000,1.0570,0.187474,0.005507,0.000525,0.116703
1871000,1.0570,0.187474,0.005507,0.000525,0.115650
1872000,1.0570,0.187474,0.005507,0.000525,0.107994
1873000,1.0570,0.187474,0.005507,0.000525,0.122970
1874000,1.0570,0.187474,0.005507,0.000525,0.123206
1875000,1.0570,0.187474,0.005507,0.000525,0.158752
1876000,1.0570,0.187474,0.005507,0.000525,0.122038
1877000,1.0570,0.187474,0.005507,0.000525,0.147184
1878000,1.0570,0.187474,0.005507,0.000525,0.138022
1879000,1.0570,0.187474,0.005507,0.000525,0.147354
1880000,1.0570,0.187474,0.005507,0.000525,0.129537
1881000,1.0570,0.187474,0.005507,0.000525,0.126311
1882000,1.0570,0.187474,0.005507,0.000525,0.112546
1883000,1.0570,0.187474,0.005507,0.000525,0.120594
1884000,1.0570,0.187474,0.005507,0.000525,0.137646
1885000,1.0570,0.187474,0.005507,0.000525,0.151299
1886000,1.0570,0.187474,0.005507,0.000525,0.120116
1887000,1.0570,0.187474,0.005507,0.000525,0.131497
1888000,1.0570,0.187474,0.005507,0.000525,0.154049
1889000,1.0570,0.187474,0.005507,0.000525,0.176152
1890000,1.0570,0.187474,0.005507,0.000525,0.151947
1891000,1.0570,0.187474,0.005507,0.000525,0.147026
1892000,1.0570,0.187474,0.005507,0.000525,0.152284
1893000,1.0570,0.187474,0.005507,0.000525,0.137934
1894000,1.0570,0.187474,0.005507,0.000525,0.140127
1895000,1.0570,0.187474,0.005507,0.000525,0.124387
1896000,1.0570,0.187474,0.005507,0.000525,0.135110
1897000,1.0570,0.187474,0.005507,0.000525,0.137325
1898000,1.0570,0.187474,0.005507,0.000525,0.124325
1899000,1.0570,0.187474,0.005507,0.000525,0.150427
1900000,1.0570,0.187474,0.005507,0.000525,0.174713
1901000,1.0570,0.187474,0.005507,0.000525,0.155322
1902000,1.0570,0.187474,0.005507,0.000525,0.178819
1903000,1.0570,0.187474,0.005507,0.000525,0.165433
1904000,1.0570,0.187474,0.005507,0.000525,0.164175
1905000,1.0570,0.187474,0.005507,0.000525,0.152864
1906000,1.0570,0.187474,0.005507,0.000525,0.145575
1907000,1.0570,0.187474,0.005507,0.000525,0.118425
1908000,1.0570,0.187474,0.005507,0.000525,0.130935
1909000,1.0570,0.187474,0.005507,0.000525,0.123229
1910000,1.0570,0.187474,0.005507,0.000525,0.104286
1911000,1.0570,0.187474,0.005507,0.000525,0.104572
1912000,1.0570,0.187474,0.005507,0.000525,0.110103
1913000,1.0570,0.187474,0.005507,0.000525,0.119704
1914000,1.0570,0.187474,0.005507,0.000525,0.123449
1915000,1.0570,0.187474,0.005507,0.000525,0.112882
1916000,1.0570,0.187474,0.005507,0.000525,0.116287
1917000,1.0570,0.187474,0.005507,0.000525,0.120049
1918000,1.0570,0.187474,0.005507,0.000525,0.115754
1919000,1.0570,0.187474,0.005507,0.000525,0.126549
1920000,1.0570,0.187474,0.005507,0.000525,0.103372
1921000,1.0570,0.187474,0.005507,0.000525,0.138238
1922000,1.0570,0.187474,0.005507,0.000525,0.148727
1923000,1.0570,0.187474,0.005507,0.000525,0.136820
1924000,1.0570,0.187474,0.005507,0.000525,0.138263
1925000,1.0570,0.187474,0.005507,0.000525,0.151272
1926000,1.0570,0.187474,0.005507,0.000525,0.132390
1927000,1.0570,0.187474,0.005507,0.000525,0.152244
1928000,1.0570,0.187474,0.005507,0.000525,0.135230
1929000,1.0570,0.187474,0.005507,0.000525,0.167009
1930000,1.0570,0.187474,0.005507,0.000525,0.150195
1931000,1.0570,0.187474,0.005507,0.000525,0.167260
1932000,1.0570,0.187474,0.005507,0.000525,0.164934
1933000,1.0570,0.187474,0.005507,0.000525,0.150492
1934000,1.0570,0.187474,0.005507,0.000525,0.152033
1935000,1.0570,0.187474,0.005507,0.000525,0.182489
1936000,1.0570,0.187474,0.005507,0.000525,0.174752
1937000,1.0570,0.187474,0.005507,0.000525,0.154728
1938000,1.0570,0.187474,0.005507,0.000525,0.173155
1939000,1.0570,0.187474,0.005507,0.000525,0.179887
1940000,1.0570,0.187474,0.005507,0.000525,0.178658
1941000,1.0570,0.187474,0.005507,0.000525,0.170640
1942000,1.0570,0.187474,0.005507,0.000525,0.163647
1943000,1.0570,0.187474,0.005507,0.000525,0.176118
1944000,1.0570,0.187474,0.005507,0.000525,0.142606
1945000,1.0570,0.187474,0.005507,0.000525,0.166733
1946000,1.0570,0.187474,0.005507,0.000525,0.148977
1947000,1.0570,0.187474,0.005507,0.000525,0.147153
1948000,1.0570,0.187474,0.005507,0.000525,0.152839
1949000,1.0570,0.187474,0.005507,0.000525,0.133355
1950000,1.0570,0.187474,0.005507,0.000525,0.126808
1951000,1.0570,0.187474,0.005507,0.000525,0.140229
1952000,1.0570,0.187474,0.005507,0.000525,0.148965
1953000,1.0570,0.187474,0.005507,0.000525,0.136163
1954000,1.0570,0.187474,0.005507,0.000525,0.132482
1955000,1.0570,0.187474,0.005507,0.000525,0.132679
1956000,1.0570,0.187474,0.005507,0.000525,0.121600
1957000,1.0570,0.187474,0.005507,0.000525,0.124516
1958000,1.0570,0.187474,0.005507,0.000525,0.119107
1959000,1.0570,0.187474,0.005507,0.000525,0.124468
1960000,1.0570,0.187474,0.005507,0.000525,0.092049
1961000,1.0570,0.187474,0.005507,0.000525,0.097654
1962000,1.0570,0.187474,0.005507,0.000525,0.096234
1963000,1.0570,0.187474,0.005507,0.000525,0.097992
1964000,1.0570,0.187474,0.005507,0.000525,0.076073
1965000,1.0570,0.187474,0.005507,0.000525,0.087009
1966000,1.0570,0.187474,0.005507,0.000525,0.087246
1967000,1.0570,0.187474,0.005507,0.000525,0.069258
1968000,1.0570,0.187474,0.005507,0.000525,0.088623
1969000,1.0570,0.187474,0.005507,0.000525,0.096695
1970000,1.0570,0.187474,0.005507,0.000525,0.095944
1971000,1.0570,0.187474,0.005507,0.000525,0.111756
1972000,1.0570,0.187474,0.005507,0.000525,0.131265
1973000,1.0570,0.187474,0.005507,0.000525,0.136058
1974000,1.0570,0.187474,0.005507,0.000525,0.144269
1975000,1.0570,0.187474,0.005507,0.000525,0.155778
1976000,1.0570,0.187474,0.005507,0.000525,0.156124
1977000,1.0570,0.187474,0.005507,0.000525,0.143901
1978000,1.0570,0.187474,0.005507,0.000525,0.135193
1979000,1.0570,0.187474,0.005507,0.000525,0.152734
1980000,1.0570,0.187474,0.005507,0.000525,0.151066
1981000,1.0570,0.187474,0.005507,0.000525,0.147617
1982000,1.0570,0.187474,0.005507,0.000525,0.130282
1983000,1.0570,0.187474,0.005507,0.000525,0.131622
1984000,1.0570,0.187474,0.005507,0.000525,0.134250
1985000,1.0570,0.187474,0.005507,0.000525,0.125546
1986000,1.0570,0.187474,0.005507,0.000525,0.116899
1987000,1.0570,0.187474,0.005507,0.000525,0.103389
1988000,1.0570,0.187474,0.005507,0.000525,0.092424
1989000,1.0570,0.187474,0.005507,0.000525,0.095696
1990000,1.0570,0.187474,0.005507,0.000525,0.106046
1991000,1.0570,0.187474,0.005507,0.000525,0.096001
1992000,1.0570,0.187474,0.005507,0.000525,0.088325
1993000,1.0570,0.187474,0.005507,0.000525,0.100072
1994000,1.0570,0.187474,0.005507,0.000525,0.096079
1995000,1.0570,0.187474,0.005507,0.000525,0.106654
1996000,1.0570,0.187474,0.005507,0.000525,0.102074
1997000,1.0570,0.187474,0.005507,0.000525,0.110622
1998000,1.0570,0.187474,0.005507,0.000525,0.121934
1999000,1.0570,0.187474,0.005507,0.000525,0.119073
