cycle,hit,hit_res,miss,res_fail,sec_miss,mshr_hit
5000,0,0,0,0,0,0
5100,0,0,0,0,0,0
5200,0,0,0,0,0,0
5300,0,0,0,0,0,0
5400,0,0,0,0,0,0
5500,0,0,0,0,0,0
5600,16,0,0,0,0,0
5700,27,0,0,0,0,0
5800,13,0,0,0,0,0
5900,0,3,24,0,20,3
6000,1,21,8,0,41,21
6100,10,24,1,47,10,24
6200,0,0,0,100,0,0
6300,67,9,2,7,15,9
6400,33,7,1,0,11,7
6500,18,0,0,0,4,0
6600,2,0,1,0,0,0
6700,12,0,4,0,0,0
6800,55,1,10,0,0,1
6900,50,0,11,0,0,0
7000,27,0,6,0,0,0
7100,26,0,5,0,2,0
7200,41,0,7,0,1,0
7300,28,0,5,0,2,0
7400,7,0,2,0,1,0
7500,11,0,0,0,0,0
7600,16,0,0,0,0,0
7700,21,0,0,0,0,0
7800,37,0,0,0,2,0
7900,26,0,0,0,0,0
8000,21,0,0,0,0,0
8100,11,0,0,0,0,0
8200,19,0,0,0,0,0
8300,11,0,0,0,0,0
8400,15,0,0,0,0,0
8500,10,0,0,0,1,0
8600,6,0,0,0,1,0
8700,13,0,1,0,0,0
8800,20,0,2,0,0,0
8900,27,0,0,0,3,0
9000,17,0,1,0,0,0
9100,18,0,2,0,0,0
9200,13,0,0,0,0,0
9300,20,0,1,0,1,0
9400,18,0,0,0,0,0
9500,13,0,3,0,3,0
9600,16,0,1,0,0,0
9700,20,0,1,0,0,0
9800,10,0,0,0,2,0
9900,16,0,3,0,1,0
10000,16,0,0,0,1,0
10100,10,0,1,0,1,0
10200,21,0,1,0,1,0
10300,22,0,2,0,2,0
10400,29,0,2,0,2,0
10500,20,0,1,0,0,0
10600,26,0,1,0,3,0
10700,19,0,1,0,0,0
10800,19,0,0,0,0,0
10900,24,0,1,0,3,0
11000,31,0,0,0,1,0
11100,27,0,1,0,0,0
11200,9,0,0,0,1,0
11300,17,0,1,0,1,0
11400,18,0,0,0,1,0
11500,28,0,1,0,0,0
11600,14,0,0,0,1,0
11700,31,0,0,0,1,0
11800,26,0,0,0,0,0
11900,19,0,0,0,0,0
12000,27,0,0,0,0,0
12100,28,0,0,0,2,0
12200,35,0,0,0,0,0
12300,31,0,0,0,2,0
12400,27,0,0,0,1,0
12500,27,0,0,0,0,0
12600,28,0,0,0,1,0
12700,31,0,0,0,0,0
12800,51,0,1,0,4,0
12900,21,0,0,0,1,0
13000,35,0,0,0,0,0
13100,20,0,0,0,0,0
13200,27,0,0,0,1,0
13300,22,0,0,0,1,0
13400,23,0,0,0,1,0
13500,20,0,0,0,3,0
13600,20,0,1,0,0,0
13700,33,0,1,0,0,0
13800,24,0,0,0,1,0
13900,41,0,0,0,1,0
14000,37,0,1,0,4,0
14100,38,0,0,0,0,0
14200,23,0,0,0,0,0
14300,23,0,1,0,0,0
14400,25,0,0,0,1,0
14500,28,0,1,0,1,0
14600,27,0,0,0,3,0
14700,16,0,0,0,1,0
14800,26,0,0,0,0,0
14900,21,0,1,0,1,0
15000,20,0,0,0,0,0
15100,29,0,1,0,4,0
15200,60,0,0,0,0,0
15300,31,0,0,0,1,0
15400,31,0,0,0,1,0
15500,28,0,0,0,2,0
15600,46,0,1,0,1,0
15700,15,0,0,0,0,0
15800,23,0,0,0,2,0
15900,36,0,1,0,0,0
16000,29,0,1,0,0,0
16100,24,0,0,0,1,0
16200,34,0,0,0,0,0
16300,27,0,0,0,1,0
16400,17,0,1,0,0,0
16500,39,0,0,0,3,0
16600,32,0,1,0,1,0
16700,36,0,0,0,1,0
16800,23,0,0,0,0,0
16900,37,0,0,0,0,0
17000,24,0,0,0,2,0
17100,29,0,0,0,1,0
17200,30,0,0,0,0,0
17300,15,0,0,0,0,0
17400,25,0,0,0,0,0
17500,37,0,0,0,2,0
17600,28,0,0,0,0,0
17700,21,0,0,0,0,0
17800,22,0,0,0,1,0
17900,21,0,0,0,0,0
18000,57,0,2,0,3,0
18100,44,0,0,0,1,0
18200,29,0,1,0,0,0
18300,36,0,0,0,0,0
18400,38,0,0,0,0,0
18500,26,0,1,0,0,0
18600,27,0,0,0,0,0
18700,17,0,0,0,2,0
18800,31,0,0,0,0,0
18900,18,0,0,0,0,0
19000,34,0,1,0,2,0
19100,41,0,0,0,1,0
19200,39,0,1,0,3,0
19300,23,0,0,0,0,0
19400,32,0,1,0,1,0
19500,44,0,0,0,0,0
19600,27,0,0,0,0,0
19700,33,0,0,0,1,0
19800,28,0,0,0,0,0
19900,35,0,0,0,0,0
20000,37,0,0,0,0,0
20100,18,0,0,0,1,0
20200,20,0,0,0,0,0
20300,19,0,0,0,0,0
20400,52,0,1,0,3,0
20500,33,0,0,0,0,0
20600,35,0,0,0,0,0
20700,34,0,0,0,0,0
20800,31,0,0,0,0,0
20900,36,0,1,0,1,0
21000,35,0,0,0,1,0
21100,35,0,0,0,0,0
21200,25,0,0,0,0,0
21300,18,0,0,0,1,0
21400,23,0,0,0,0,0
21500,44,0,1,0,2,0
21600,37,0,2,0,2,0
21700,31,0,1,0,1,0
21800,31,0,0,0,1,0
21900,29,0,0,0,0,0
22000,28,0,0,0,0,0
22100,40,0,0,0,1,0
22200,32,0,0,0,0,0
22300,29,0,1,0,3,0
22400,25,0,0,0,1,0
22500,38,0,0,0,0,0
22600,31,0,0,0,1,0
22700,30,0,0,0,1,0
22800,21,0,0,0,1,0
22900,25,0,1,0,1,0
23000,21,0,0,0,1,0
23100,39,0,1,0,3,0
23200,23,0,0,0,0,0
23300,22,0,1,0,1,0
23400,31,0,0,0,0,0
23500,19,0,0,0,0,0
23600,29,0,0,0,0,0
23700,25,0,0,0,0,0
23800,25,0,0,0,2,0
23900,21,0,0,0,0,0
24000,25,0,0,0,1,0
24100,22,0,0,0,2,0
24200,24,0,0,0,2,0
24300,34,0,1,0,0,0
24400,55,0,0,0,3,0
24500,24,0,1,0,1,0
24600,23,0,0,0,1,0
24700,35,0,0,0,1,0
24800,26,0,1,0,1,0
24900,28,0,0,0,1,0
25000,26,0,0,0,3,0
25100,34,0,0,0,0,0
25200,25,0,0,0,3,0
25300,22,0,0,0,1,0
25400,27,0,0,0,1,0
25500,29,0,0,0,1,0
25600,13,0,0,0,0,0
25700,40,0,0,0,1,0
25800,62,0,1,0,4,0
25900,33,0,0,0,1,0
26000,18,0,1,0,0,0
26100,15,0,0,0,0,0
26200,28,0,0,0,0,0
26300,38,0,0,0,3,0
26400,27,0,1,0,0,0
26500,16,0,0,0,1,0
26600,26,0,1,0,0,0
26700,21,0,0,0,1,0
26800,28,0,0,0,0,0
26900,26,0,0,0,1,0
27000,26,0,0,0,3,0
27100,26,0,0,0,0,0
27200,42,0,1,0,1,0
27300,41,0,0,0,2,0
27400,17,0,0,0,0,0
27500,18,0,1,0,0,0
27600,25,0,0,0,0,0
27700,35,0,0,0,0,0
27800,21,0,0,0,1,0
27900,31,0,0,0,0,0
28000,18,0,0,0,1,0
28100,26,0,0,0,0,0
28200,21,0,0,0,0,0
28300,26,0,1,0,1,0
28400,25,0,0,0,0,0
28500,15,0,0,0,0,0
28600,19,0,0,0,0,0
28700,63,0,1,0,4,0
28800,29,0,0,0,0,0
28900,23,0,2,0,1,0
29000,24,0,2,0,2,0
29100,29,0,0,0,1,0
29200,26,0,0,0,0,0
29300,24,0,0,0,0,0
29400,29,0,0,0,0,0
29500,22,0,1,0,0,0
29600,25,0,0,0,0,0
29700,20,0,0,0,0,0
29800,33,0,0,0,1,0
29900,30,0,0,0,1,0
30000,33,0,0,0,0,0
30100,29,0,0,0,1,0
30200,28,0,1,0,0,0
30300,37,0,1,0,4,0
30400,27,0,0,0,1,0
30500,17,0,0,0,2,0
30600,35,0,1,0,0,0
30700,20,0,2,0,1,0
30800,30,0,0,0,0,0
30900,24,0,0,0,1,0
31000,13,0,0,0,0,0
31100,26,0,0,0,0,0
31200,30,0,0,0,0,0
31300,20,0,0,0,0,0
31400,22,0,1,0,1,0
31500,16,0,1,0,1,0
31600,16,0,0,0,0,0
31700,36,0,0,0,1,0
31800,21,0,0,0,2,0
31900,48,0,1,0,4,0
32000,21,0,1,0,1,0
32100,26,0,0,0,0,0
32200,31,0,1,0,1,0
32300,26,0,1,0,0,0
32400,13,0,0,0,1,0
32500,32,0,1,0,1,0
32600,9,0,0,0,0,0
32700,29,0,0,0,1,0
32800,27,0,1,0,1,0
32900,24,0,0,0,1,0
33000,23,0,0,0,2,0
33100,24,0,1,0,0,0
33200,22,0,0,0,0,0
33300,31,0,0,0,0,0
33400,18,0,0,0,1,0
33500,33,0,1,0,4,0
33600,22,0,0,0,1,0
33700,29,0,1,0,1,0
33800,14,0,0,0,0,0
33900,15,0,0,0,0,0
34000,23,0,0,0,0,0
34100,28,0,0,0,2,0
34200,20,0,0,0,0,0
34300,25,0,0,0,1,0
34400,24,0,0,0,0,0
34500,23,0,0,0,1,0
34600,15,0,1,0,0,0
34700,24,0,0,0,1,0
34800,21,0,0,0,0,0
34900,18,0,1,0,2,0
35000,21,0,0,0,1,0
35100,17,0,0,0,0,0
35200,35,0,1,0,3,0
35300,28,0,0,0,0,0
35400,20,0,0,0,0,0
35500,18,0,0,0,0,0
35600,28,0,0,0,0,0
35700,19,0,1,0,1,0
35800,23,0,0,0,0,0
35900,21,0,0,0,1,0
36000,18,0,0,0,2,0
36100,14,0,0,0,0,0
36200,21,0,0,0,2,0
36300,24,0,0,0,1,0
36400,19,0,0,0,1,0
36500,16,0,0,0,1,0
36600,21,0,1,0,0,0
36700,24,0,1,0,2,0
36800,28,0,1,0,1,0
36900,36,0,0,0,4,0
37000,34,0,0,0,0,0
37100,32,0,1,0,2,0
37200,20,0,0,0,0,0
37300,20,0,0,0,2,0
37400,22,0,0,0,0,0
37500,21,0,0,0,1,0
37600,31,0,0,0,2,0
37700,15,0,1,0,0,0
37800,20,0,0,0,0,0
37900,18,0,0,0,0,0
38000,24,0,0,0,0,0
38100,35,0,0,0,1,0
38200,21,0,0,0,1,0
38300,22,0,1,0,0,0
38400,22,0,0,0,2,0
38500,24,0,1,0,0,0
38600,36,0,1,0,3,0
38700,23,0,0,0,0,0
38800,25,0,0,0,2,0
38900,19,0,0,0,1,0
39000,23,0,0,0,1,0
39100,25,0,0,0,1,0
39200,13,0,0,0,0,0
39300,28,0,0,0,0,0
39400,11,0,0,0,0,0
39500,23,0,0,0,1,0
39600,21,0,0,0,2,0
39700,12,0,0,0,0,0
39800,19,0,1,0,1,0
39900,16,0,1,0,2,0
40000,21,0,0,0,1,0
40100,20,0,0,0,0,0
40200,17,0,0,0,2,0
40300,19,0,0,0,2,0
40400,19,0,0,0,0,0
40500,20,0,1,0,3,0
40600,37,0,0,0,2,0
40700,22,0,0,0,1,0
40800,25,0,0,0,1,0
40900,19,0,0,0,0,0
41000,17,0,1,0,0,0
41100,23,0,0,0,0,0
41200,21,0,0,0,0,0
41300,18,0,0,0,2,0
41400,23,0,0,0,3,0
41500,34,0,0,0,0,0
41600,12,0,0,0,0,0
41700,19,0,0,0,2,0
41800,26,0,0,0,1,0
41900,24,0,0,0,0,0
42000,19,0,0,0,0,0
42100,19,0,0,0,0,0
42200,18,0,0,0,1,0
42300,18,0,0,0,1,0
42400,21,0,0,0,1,0
42500,34,0,1,0,3,0
42600,24,0,0,0,0,0
42700,16,0,0,0,1,0
42800,18,0,0,0,2,0
42900,25,0,1,0,1,0
43000,11,0,0,0,0,0
43100,21,0,0,0,0,0
43200,12,0,1,0,1,0
43300,21,0,0,0,0,0
43400,26,0,0,0,1,0
43500,18,0,1,0,0,0
43600,20,0,0,0,0,0
43700,14,0,0,0,0,0
43800,15,0,0,0,0,0
43900,24,0,0,0,0,0
44000,16,0,0,0,1,0
44100,14,0,0,0,1,0
44200,11,0,0,0,1,0
44300,21,0,0,0,0,0
44400,30,0,1,0,3,0
44500,24,0,0,0,1,0
44600,20,0,0,0,2,0
44700,14,0,1,0,0,0
44800,21,0,0,0,2,0
44900,12,0,0,0,2,0
45000,17,0,0,0,1,0
45100,14,0,0,0,1,0
45200,12,0,0,0,1,0
45300,9,0,0,0,0,0
45400,15,0,0,0,1,0
45500,17,0,0,0,0,0
45600,17,0,0,0,1,0
45700,11,0,0,0,0,0
45800,22,0,0,0,1,0
45900,12,0,1,0,4,0
46000,34,0,1,0,2,0
46100,19,0,0,0,0,0
46200,20,0,0,0,0,0
46300,21,0,1,0,2,0
46400,27,0,0,0,3,0
46500,21,0,0,0,0,0
46600,21,0,0,0,2,0
46700,25,0,1,0,0,0
46800,15,0,0,0,1,0
46900,14,0,0,0,0,0
47000,25,0,0,0,1,0
47100,12,0,0,0,1,0
47200,9,0,0,0,0,0
47300,28,0,0,0,1,0
47400,13,0,0,0,1,0
47500,18,0,0,0,0,0
47600,10,0,0,0,3,0
47700,23,0,0,0,1,0
47800,17,0,0,0,0,0
47900,20,0,1,0,0,0
48000,16,0,0,0,0,0
48100,23,0,0,0,0,0
48200,17,0,0,0,0,0
48300,14,0,1,0,0,0
48400,28,0,1,0,4,0
48500,16,0,0,0,0,0
48600,15,0,0,0,0,0
48700,19,0,0,0,0,0
48800,16,0,1,0,0,0
48900,11,0,0,0,0,0
49000,18,0,0,0,3,0
49100,20,0,0,0,0,0
49200,20,0,0,0,0,0
49300,8,0,0,0,0,0
49400,12,0,0,0,0,0
49500,18,0,0,0,0,0
49600,11,0,1,0,1,0
49700,12,0,0,0,0,0
49800,22,0,0,0,0,0
49900,12,0,0,0,0,0
50000,21,0,0,0,1,0
50100,11,0,0,0,2,0
50200,19,0,0,0,2,0
50300,16,0,0,0,1,0
50400,16,0,2,0,1,0
50500,28,0,1,0,3,0
50600,23,0,0,0,2,0
50700,13,0,0,0,1,0
50800,16,0,1,0,1,0
50900,19,0,0,0,1,0
51000,6,0,2,0,0,0
51100,22,0,0,0,0,0
51200,12,0,0,0,0,0
51300,17,0,1,0,1,0
51400,22,0,0,0,2,0
51500,14,0,0,0,2,0
51600,15,0,0,0,1,0
51700,16,0,1,0,1,0
51800,10,0,0,0,0,0
51900,14,0,0,0,0,0
52000,8,0,0,0,0,0
52100,12,0,0,0,1,0
52200,17,0,2,0,0,0
52300,17,0,0,0,1,0
52400,11,0,0,0,0,0
52500,12,0,0,0,1,0
52600,22,0,1,0,2,0
52700,28,0,1,0,3,0
52800,20,0,1,0,0,0
52900,16,0,1,0,0,0
53000,16,0,3,0,1,0
53100,16,0,0,0,1,0
53200,14,0,1,0,1,0
53300,8,0,1,0,2,0
53400,16,0,0,0,1,0
53500,14,0,0,0,0,0
53600,14,0,0,0,0,0
53700,18,0,1,0,0,0
53800,15,0,0,0,0,0
53900,9,0,0,0,1,0
54000,19,0,0,0,2,0
54100,17,0,1,0,1,0
54200,11,0,0,0,0,0
54300,9,0,0,0,0,0
54400,14,0,2,0,0,0
54500,12,0,1,0,1,0
54600,11,0,0,0,1,0
54700,12,0,0,0,2,0
54800,11,0,0,0,0,0
54900,13,0,0,0,0,0
55000,12,0,0,0,1,0
55100,9,0,0,0,0,0
55200,7,0,0,0,0,0
55300,31,0,1,0,4,0
55400,21,0,0,0,1,0
55500,16,0,0,0,2,0
55600,11,0,1,0,0,0
55700,8,0,0,0,0,0
55800,8,0,0,0,1,0
55900,10,0,0,0,0,0
56000,11,0,0,0,1,0
56100,11,0,0,0,0,0
56200,11,0,0,0,0,0
56300,15,0,0,0,0,0
56400,13,0,1,0,0,0
56500,22,0,1,0,1,0
56600,3,0,0,0,1,0
56700,5,0,2,0,1,0
56800,14,0,0,0,0,0
56900,19,0,0,0,1,0
57000,10,0,1,0,1,0
57100,11,0,0,0,1,0
57200,12,0,0,0,0,0
57300,12,0,1,0,2,0
57400,25,0,2,0,0,0
57500,16,0,0,0,1,0
57600,9,0,0,0,1,0
57700,30,0,2,0,1,0
57800,26,0,0,0,3,0
57900,12,0,0,0,0,0
58000,7,0,1,0,1,0
58100,10,0,0,0,0,0
58200,20,0,0,0,0,0
58300,10,0,1,0,3,0
58400,12,0,0,0,2,0
58500,11,0,0,0,0,0
58600,8,0,0,0,2,0
58700,10,0,1,0,0,0
58800,15,0,0,0,2,0
58900,5,0,1,0,1,0
59000,15,0,0,0,2,0
59100,12,0,0,0,2,0
59200,15,0,0,0,0,0
59300,11,0,0,0,0,0
59400,12,0,1,0,2,0
59500,18,0,0,0,1,0
59600,13,0,0,0,2,0
59700,11,0,0,0,0,0
59800,13,0,0,0,1,0
59900,18,0,0,0,1,0
60000,15,0,0,0,2,0
60100,7,0,1,0,1,0
60200,20,0,1,0,1,0
60300,26,0,0,0,4,0
60400,12,0,0,0,0,0
60500,12,0,0,0,4,0
60600,8,0,0,0,2,0
60700,18,0,1,0,0,0
60800,11,0,0,0,2,0
60900,13,0,1,0,0,0
61000,9,0,0,0,0,0
61100,14,0,0,0,1,0
61200,7,0,0,0,0,0
61300,12,0,0,0,0,0
61400,8,0,0,0,0,0
61500,7,0,0,0,0,0
61600,12,0,0,0,0,0
61700,14,0,0,0,0,0
61800,10,0,0,0,2,0
61900,13,0,0,0,3,0
62000,16,0,0,0,2,0
62100,15,0,0,0,0,0
62200,8,0,0,0,0,0
62300,8,0,0,0,1,0
62400,9,0,0,0,0,0
62500,8,0,1,0,0,0
62600,14,0,1,0,0,0
62700,5,0,0,0,0,0
62800,12,0,0,0,2,0
62900,24,0,1,0,1,0
63000,24,0,0,0,5,0
63100,17,0,0,0,0,0
63200,20,0,0,0,1,0
63300,16,0,0,0,2,0
63400,14,0,0,0,0,0
63500,13,0,0,0,0,0
63600,13,0,0,0,0,0
63700,9,0,0,0,1,0
63800,12,0,1,0,1,0
63900,11,0,1,0,3,0
64000,11,0,2,0,0,0
64100,10,0,0,0,2,0
64200,7,0,1,0,1,0
64300,16,0,1,0,1,0
64400,8,0,0,0,0,0
64500,7,0,0,0,2,0
64600,7,0,0,0,1,0
64700,14,0,0,0,0,0
64800,16,0,0,0,1,0
64900,11,0,0,0,2,0
65000,7,0,0,0,0,0
65100,16,0,0,0,1,0
65200,10,0,1,0,0,0
65300,7,0,0,0,0,0
65400,11,0,0,0,3,0
65500,6,0,0,0,0,0
65600,11,0,0,0,2,0
65700,11,0,0,0,0,0
65800,18,0,1,0,3,0
65900,19,0,0,0,2,0
66000,8,0,0,0,1,0
66100,7,0,0,0,2,0
66200,8,0,0,0,3,0
66300,7,0,0,0,0,0
66400,15,0,0,0,1,0
66500,10,0,1,0,1,0
66600,20,0,0,0,0,0
66700,6,0,0,0,2,0
66800,12,0,0,0,0,0
66900,12,0,0,0,1,0
67000,15,0,0,0,1,0
67100,15,0,0,0,2,0
67200,7,0,0,0,1,0
67300,4,0,1,0,0,0
67400,12,0,0,0,3,0
67500,14,0,0,0,0,0
67600,9,0,2,0,2,0
67700,13,0,0,0,0,0
67800,8,0,0,0,0,0
67900,8,0,0,0,1,0
68000,7,0,0,0,1,0
68100,10,0,0,0,2,0
68200,12,0,0,0,0,0
68300,7,0,0,0,0,0
68400,11,0,0,0,0,0
68500,13,0,1,0,1,0
68600,28,0,0,0,3,0
68700,5,0,0,0,6,0
68800,5,0,0,0,1,0
68900,8,0,0,0,0,0
69000,13,0,0,0,0,0
69100,10,0,0,0,1,0
69200,8,0,0,0,1,0
69300,13,0,1,0,2,0
69400,7,0,0,0,0,0
69500,13,0,1,0,0,0
69600,10,0,0,0,0,0
69700,11,0,0,0,0,0
69800,12,0,1,0,0,0
69900,7,0,0,0,2,0
70000,7,0,1,0,1,0
70100,11,0,0,0,0,0
70200,7,0,1,0,0,0
70300,12,0,0,0,1,0
70400,7,0,2,0,2,0
70500,7,0,0,0,0,0
70600,10,0,0,0,2,0
70700,18,0,0,0,1,0
70800,17,0,1,0,2,0
70900,13,0,0,0,0,0
71000,7,0,1,0,0,0
71100,12,0,0,0,0,0
71200,5,0,0,0,0,0
71300,16,0,0,0,1,0
71400,5,0,0,0,1,0
71500,15,0,1,0,1,0
71600,16,0,0,0,3,0
71700,9,0,0,0,2,0
71800,9,0,0,0,0,0
71900,8,0,0,0,0,0
72000,4,0,0,0,0,0
72100,11,0,0,0,2,0
72200,9,0,0,0,2,0
72300,10,0,1,0,2,0
72400,6,0,0,0,1,0
72500,9,0,1,0,0,0
72600,10,0,0,0,2,0
72700,9,0,0,0,1,0
72800,11,0,0,0,1,0
72900,7,0,0,0,1,0
73000,9,0,0,0,0,0
73100,10,0,0,0,0,0
73200,6,0,0,0,1,0
73300,12,0,0,0,1,0
73400,7,0,1,0,0,0
73500,11,0,0,0,2,0
73600,13,0,1,0,3,0
73700,9,0,0,0,1,0
73800,9,0,0,0,1,0
73900,14,0,0,0,3,0
74000,13,0,1,0,0,0
74100,10,0,0,0,0,0
74200,8,0,0,0,1,0
74300,6,0,0,0,1,0
74400,10,0,0,0,0,0
74500,13,0,0,0,0,0
74600,9,0,1,0,0,0
74700,21,0,1,0,3,0
74800,14,0,0,0,2,0
74900,13,0,1,0,1,0
75000,13,0,0,0,2,0
75100,11,0,0,0,0,0
75200,9,0,0,0,1,0
75300,11,0,0,0,2,0
75400,7,0,0,0,0,0
75500,5,0,0,0,0,0
75600,12,0,0,0,0,0
75700,9,0,0,0,0,0
75800,7,0,0,0,2,0
75900,5,0,0,0,0,0
76000,7,0,0,0,1,0
76100,11,0,0,0,0,0
76200,8,0,1,0,0,0
76300,9,0,1,0,0,0
76400,14,0,0,0,1,0
76500,7,0,0,0,1,0
76600,11,0,0,0,1,0
76700,6,0,0,0,1,0
76800,8,0,1,0,0,0
76900,7,0,1,0,1,0
77000,9,0,0,0,2,0
77100,9,0,0,0,2,0
77200,11,0,0,0,0,0
77300,9,0,0,0,1,0
77400,5,0,0,0,1,0
77500,7,0,0,0,2,0
77600,5,0,0,0,0,0
77700,8,0,0,0,0,0
77800,2,0,0,0,0,0
77900,19,0,1,0,1,0
78000,19,0,0,0,2,0
78100,5,0,1,0,1,0
78200,6,0,0,0,1,0
78300,6,0,0,0,1,0
78400,10,0,0,0,1,0
78500,6,0,0,0,1,0
78600,5,0,0,0,0,0
78700,7,0,0,0,0,0
78800,7,0,0,0,1,0
78900,7,0,0,0,2,0
79000,14,0,0,0,0,0
79100,10,0,0,0,1,0
79200,11,0,0,0,2,0
79300,7,0,0,0,1,0
79400,4,0,0,0,2,0
79500,9,0,0,0,1,0
79600,11,0,0,0,0,0
79700,10,0,0,0,2,0
79800,8,0,0,0,1,0
79900,7,0,0,0,3,0
80000,3,0,0,0,3,0
80100,8,0,1,0,0,0
80200,8,0,0,0,2,0
80300,5,0,0,0,0,0
80400,7,0,0,0,1,0
80500,4,0,0,0,1,0
80600,8,0,0,0,0,0
80700,7,0,1,0,1,0
80800,5,0,0,0,1,0
80900,13,0,0,0,0,0
81000,5,0,0,0,2,0
81100,7,0,0,0,0,0
81200,11,0,0,0,0,0
81300,8,0,0,0,1,0
81400,25,0,1,0,2,0
81500,11,0,0,0,1,0
81600,4,0,0,0,0,0
81700,15,0,0,0,1,0
81800,9,0,1,0,0,0
81900,10,0,0,0,1,0
82000,8,0,0,0,2,0
82100,4,0,0,0,1,0
82200,9,0,1,0,1,0
82300,15,0,0,0,1,0
82400,8,0,0,0,1,0
82500,10,0,0,0,2,0
82600,7,0,0,0,1,0
82700,13,0,1,0,1,0
82800,6,0,2,0,0,0
82900,8,0,0,0,0,0
83000,5,0,0,0,0,0
83100,8,0,0,0,2,0
83200,8,0,0,0,0,0
83300,8,0,1,0,0,0
83400,5,0,0,0,0,0
83500,11,0,0,0,0,0
83600,8,0,0,0,0,0
83700,10,0,0,0,1,0
83800,7,0,0,0,0,0
83900,1,0,0,0,0,0
84000,7,0,0,0,0,0
84100,11,0,0,0,0,0
84200,7,0,1,0,1,0
84300,10,0,0,0,0,0
84400,10,0,0,0,1,0
84500,4,0,1,0,0,0
84600,3,0,0,0,1,0
84700,9,0,0,0,1,0
84800,8,0,1,0,0,0
84900,7,0,0,0,0,0
85000,7,0,0,0,1,0
85100,4,0,1,0,0,0
85200,20,0,0,0,3,0
85300,14,0,0,0,0,0
85400,12,0,0,0,1,0
85500,3,0,0,0,2,0
85600,8,0,0,0,1,0
85700,6,0,0,0,0,0
85800,3,0,0,0,0,0
85900,9,0,0,0,1,0
86000,7,0,0,0,0,0
86100,5,0,1,0,0,0
86200,8,0,0,0,1,0
86300,13,0,0,0,0,0
86400,8,0,0,0,0,0
86500,7,0,0,0,1,0
86600,10,0,0,0,0,0
86700,5,0,0,0,0,0
86800,6,0,0,0,2,0
86900,8,0,0,0,0,0
87000,8,0,0,0,0,0
87100,12,0,1,0,1,0
87200,6,0,0,0,0,0
87300,9,0,1,0,0,0
87400,10,0,0,0,0,0
87500,11,0,0,0,0,0
87600,5,0,0,0,2,0
87700,7,0,0,0,1,0
87800,5,0,0,0,0,0
87900,7,0,0,0,1,0
88000,5,0,0,0,1,0
88100,12,0,0,0,1,0
88200,5,0,2,0,1,0
88300,4,0,1,0,2,0
88400,8,0,0,0,0,0
88500,3,0,0,0,0,0
88600,5,0,0,0,0,0
88700,10,0,0,0,0,0
88800,6,0,0,0,0,0
88900,8,0,0,0,1,0
89000,22,0,2,0,4,0
89100,15,0,2,0,3,0
89200,7,0,0,0,0,0
89300,8,0,0,0,1,0
89400,8,0,0,0,1,0
89500,9,0,0,0,3,0
89600,8,0,1,0,0,0
89700,12,0,0,0,0,0
89800,5,0,0,0,0,0
89900,10,0,0,0,1,0
90000,7,0,0,0,1,0
90100,9,0,0,0,0,0
90200,4,0,0,0,0,0
90300,3,0,0,0,0,0
90400,3,0,0,0,0,0
90500,5,0,0,0,1,0
90600,3,0,0,0,0,0
90700,7,0,0,0,2,0
90800,11,0,0,0,0,0
90900,13,0,0,0,0,0
91000,6,0,1,0,0,0
91100,6,0,1,0,0,0
91200,1,0,0,0,0,0
91300,7,0,0,0,0,0
91400,7,0,0,0,0,0
91500,7,0,0,0,0,0
91600,7,0,0,0,0,0
91700,6,0,0,0,0,0
91800,10,0,0,0,1,0
91900,5,0,0,0,0,0
92000,3,0,0,0,1,0
92100,5,0,0,0,2,0
92200,5,0,0,0,0,0
92300,5,0,0,0,0,0
92400,5,0,0,0,2,0
92500,4,0,0,0,0,0
92600,5,0,0,0,0,0
92700,8,0,1,0,1,0
92800,5,0,0,0,0,0
92900,12,0,1,0,0,0
93000,19,0,0,0,3,0
93100,14,0,0,0,2,0
93200,3,0,0,0,1,0
93300,8,0,0,0,2,0
93400,2,0,0,0,0,0
93500,1,0,0,0,0,0
93600,10,0,0,0,0,0
93700,8,0,0,0,1,0
93800,5,0,0,0,1,0
93900,10,0,0,0,0,0
94000,9,0,0,0,1,0
94100,3,0,0,0,0,0
94200,11,0,0,0,1,0
94300,7,0,0,0,0,0
94400,10,0,0,0,1,0
94500,3,0,0,0,0,0
94600,8,0,1,0,0,0
94700,4,0,0,0,0,0
94800,9,0,0,0,2,0
94900,9,0,0,0,1,0
95000,11,0,0,0,1,0
95100,10,0,0,0,2,0
95200,4,0,0,0,0,0
95300,6,0,0,0,1,0
95400,3,0,1,0,0,0
95500,4,0,0,0,0,0
95600,4,0,0,0,1,0
95700,8,0,0,0,0,0
95800,10,0,1,0,1,0
95900,7,0,0,0,0,0
96000,6,0,0,0,0,0
96100,6,0,1,0,0,0
96200,5,0,1,0,0,0
96300,6,0,0,0,1,0
96400,7,0,0,0,0,0
96500,10,0,0,0,2,0
96600,5,0,0,0,1,0
96700,5,0,0,0,1,0
96800,5,0,0,0,1,0
96900,16,0,1,0,1,0
97000,11,0,0,0,2,0
97100,11,0,0,0,0,0
97200,7,0,0,0,0,0
97300,4,0,0,0,0,0
97400,7,0,0,0,1,0
97500,5,0,0,0,0,0
97600,8,0,0,0,3,0
97700,4,0,0,0,1,0
97800,5,0,0,0,0,0
97900,10,0,0,0,0,0
98000,9,0,1,0,2,0
98100,6,0,1,0,0,0
98200,6,0,1,0,0,0
98300,7,0,0,0,1,0
98400,9,0,0,0,2,0
98500,9,0,0,0,0,0
98600,6,0,0,0,0,0
98700,4,0,0,0,1,0
98800,4,0,0,0,0,0
98900,7,0,1,0,1,0
99000,9,0,0,0,1,0
99100,7,0,0,0,0,0
99200,5,0,0,0,0,0
99300,5,0,0,0,0,0
99400,7,0,0,0,1,0
99500,3,0,0,0,2,0
99600,4,0,0,0,0,0
99700,9,0,0,0,3,0
99800,12,0,1,0,0,0
99900,5,0,0,0,1,0
100000,4,0,0,0,0,0
100100,7,0,0,0,0,0
100200,3,0,0,0,0,0
100300,7,0,0,0,1,0
100400,9,0,0,0,0,0
100500,5,0,0,0,0,0
100600,7,0,1,0,0,0
100700,11,0,0,0,1,0
100800,3,0,0,0,0,0
100900,6,0,0,0,1,0
101000,4,0,0,0,0,0
101100,8,0,2,0,1,0
101200,15,0,1,0,1,0
101300,22,0,0,0,2,0
101400,10,0,0,0,0,0
101500,5,0,0,0,0,0
101600,5,0,0,0,0,0
101700,7,0,0,0,2,0
101800,4,0,0,0,1,0
101900,10,0,0,0,1,0
102000,6,0,0,0,1,0
102100,10,0,1,0,2,0
102200,7,0,1,0,1,0
102300,8,0,0,0,0,0
102400,6,0,0,0,2,0
102500,6,0,1,0,1,0
102600,6,0,0,0,0,0
102700,11,0,0,0,0,0
102800,7,0,0,0,1,0
102900,6,0,0,0,0,0
103000,5,0,0,0,0,0
103100,10,0,0,0,0,0
103200,5,0,0,0,0,0
103300,7,0,0,0,0,0
103400,6,0,0,0,0,0
103500,5,0,1,0,1,0
103600,3,0,0,0,0,0
103700,0,0,0,0,0,0
103800,6,0,0,0,0,0
103900,6,0,0,0,1,0
104000,10,0,0,0,0,0
104100,7,0,0,0,0,0
104200,10,0,1,0,0,0
104300,6,0,0,0,0,0
104400,10,0,0,0,0,0
104500,8,0,1,0,1,0
104600,7,0,0,0,1,0
104700,6,0,1,0,0,0
104800,5,0,0,0,1,0
104900,5,0,0,0,0,0
105000,3,0,0,0,0,0
105100,6,0,0,0,1,0
105200,5,0,0,0,1,0
105300,7,0,0,0,1,0
105400,4,0,0,0,1,0
105500,6,0,0,0,0,0
105600,8,0,1,0,1,0
105700,19,0,1,0,5,0
105800,12,0,0,0,1,0
105900,3,0,0,0,0,0
106000,3,0,0,0,1,0
106100,7,0,0,0,0,0
106200,6,0,0,0,0,0
106300,3,0,0,0,2,0
106400,4,0,0,0,1,0
106500,5,0,0,0,0,0
106600,2,0,0,0,1,0
106700,7,0,0,0,0,0
106800,3,0,0,0,0,0
106900,4,0,0,0,1,0
107000,7,0,1,0,1,0
107100,4,0,0,0,1,0
107200,9,0,0,0,0,0
107300,4,0,0,0,0,0
107400,7,0,0,0,0,0
107500,5,0,0,0,0,0
107600,9,0,1,0,0,0
107700,2,0,1,0,3,0
107800,5,0,0,0,0,0
107900,6,0,0,0,0,0
108000,7,0,0,0,0,0
108100,10,0,0,0,1,0
108200,4,0,0,0,1,0
108300,4,0,0,0,2,0
108400,6,0,0,0,0,0
108500,4,0,0,0,0,0
108600,7,0,0,0,0,0
108700,8,0,0,0,0,0
108800,3,0,0,0,0,0
108900,5,0,0,0,0,0
109000,8,0,1,0,0,0
109100,11,0,0,0,0,0
109200,5,0,0,0,0,0
109300,4,0,0,0,1,0
109400,11,0,0,0,1,0
109500,3,0,0,0,0,0
109600,7,0,0,0,1,0
109700,7,0,0,0,0,0
109800,4,0,1,0,2,0
109900,8,0,0,0,0,0
110000,7,0,1,0,1,0
110100,2,0,0,0,1,0
110200,5,0,0,0,1,0
110300,13,0,1,0,1,0
110400,14,0,0,0,3,0
110500,15,0,0,0,1,0
110600,13,0,0,0,1,0
110700,4,0,0,0,0,0
110800,2,0,0,0,1,0
110900,1,0,0,0,0,0
111000,8,0,0,0,1,0
111100,2,0,0,0,0,0
111200,7,0,0,0,0,0
111300,4,0,0,0,0,0
111400,5,0,2,0,1,0
111500,6,0,1,0,0,0
111600,4,0,0,0,1,0
111700,4,0,0,0,0,0
111800,2,0,0,0,1,0
111900,5,0,0,0,0,0
112000,8,0,0,0,1,0
112100,9,0,0,0,0,0
112200,5,0,0,0,2,0
112300,2,0,0,0,0,0
112400,5,0,0,0,0,0
112500,3,0,0,0,0,0
112600,6,0,0,0,0,0
112700,8,0,1,0,0,0
112800,9,0,0,0,0,0
112900,5,0,0,0,0,0
113000,7,0,0,0,0,0
113100,7,0,0,0,0,0
113200,9,0,0,0,1,0
113300,5,0,0,0,1,0
113400,3,0,1,0,1,0
113500,5,0,0,0,0,0
113600,4,0,0,0,1,0
113700,3,0,0,0,1,0
113800,8,0,0,0,0,0
113900,6,0,0,0,0,0
114000,5,0,0,0,1,0
114100,7,0,0,0,0,0
114200,3,0,0,0,0,0
114300,4,0,0,0,1,0
114400,10,0,1,0,0,0
114500,4,0,0,0,0,0
114600,1,0,0,0,1,0
114700,7,0,0,0,1,0
114800,4,0,1,0,1,0
114900,4,0,0,0,0,0
115000,6,0,0,0,2,0
115100,8,0,1,0,1,0
115200,4,0,1,0,0,0
115300,14,0,0,0,2,0
115400,20,0,0,0,5,0
115500,8,0,0,0,0,0
115600,9,0,0,0,1,0
115700,3,0,0,0,0,0
115800,4,0,0,0,1,0
115900,7,0,0,0,0,0
116000,6,0,1,0,1,0
116100,7,0,0,0,0,0
116200,5,0,2,0,0,0
116300,7,0,0,0,2,0
116400,4,0,1,0,1,0
116500,5,0,0,0,1,0
116600,4,0,0,0,0,0
116700,5,0,0,0,0,0
116800,3,0,0,0,0,0
116900,6,0,0,0,0,0
117000,6,0,2,0,0,0
117100,4,0,0,0,1,0
117200,3,0,0,0,1,0
117300,8,0,0,0,0,0
117400,7,0,1,0,0,0
117500,8,0,0,0,0,0
117600,10,0,0,0,0,0
117700,3,0,0,0,0,0
117800,2,0,0,0,1,0
117900,4,0,0,0,0,0
118000,14,0,0,0,0,0
118100,7,0,0,0,1,0
118200,3,0,0,0,0,0
118300,4,0,0,0,1,0
118400,7,0,0,0,0,0
118500,4,0,0,0,2,0
118600,6,0,0,0,0,0
118700,4,0,0,0,0,0
118800,5,0,0,0,0,0
118900,5,0,0,0,0,0
119000,6,0,0,0,0,0
119100,2,0,0,0,4,0
119200,9,0,0,0,0,0
119300,4,0,0,0,2,0
119400,3,0,0,0,0,0
119500,4,0,0,0,1,0
119600,4,0,1,0,0,0
119700,3,0,0,0,1,0
119800,6,0,0,0,0,0
119900,7,0,0,0,1,0
120000,16,0,1,0,1,0
120100,10,0,0,0,1,0
120200,9,0,0,0,1,0
120300,6,0,0,0,0,0
120400,4,0,0,0,0,0
120500,4,0,0,0,0,0
120600,6,0,0,0,1,0
120700,4,0,0,0,1,0
120800,7,0,0,0,0,0
120900,6,0,0,0,0,0
121000,3,0,0,0,0,0
121100,5,0,0,0,0,0
121200,10,0,0,0,2,0
121300,3,0,0,0,0,0
121400,2,0,0,0,1,0
121500,4,0,0,0,1,0
121600,3,0,0,0,2,0
121700,8,0,0,0,1,0
121800,4,0,0,0,1,0
121900,3,0,1,0,0,0
122000,4,0,1,0,1,0
122100,4,0,0,0,0,0
122200,6,0,0,0,3,0
122300,5,0,1,0,1,0
122400,1,0,0,0,1,0
122500,8,0,0,0,1,0
122600,7,0,0,0,2,0
122700,3,0,0,0,0,0
122800,10,0,0,0,1,0
122900,0,0,1,0,1,0
123000,1,0,0,0,0,0
123100,4,0,0,0,0,0
123200,6,0,0,0,0,0
123300,4,0,0,0,0,0
123400,11,0,0,0,1,0
123500,8,0,0,0,0,0
123600,4,0,0,0,0,0
123700,4,0,0,0,0,0
123800,6,0,0,0,1,0
123900,8,0,0,0,0,0
124000,2,0,0,0,0,0
124100,7,0,0,0,0,0
124200,4,0,0,0,0,0
124300,2,0,0,0,0,0
124400,8,0,0,0,0,0
124500,4,0,0,0,2,0
124600,8,0,0,0,1,0
124700,4,0,0,0,0,0
124800,6,0,1,0,1,0
124900,25,0,1,0,2,0
125000,7,0,0,0,0,0
125100,3,0,0,0,0,0
125200,9,0,1,0,1,0
125300,7,0,0,0,0,0
125400,6,0,0,0,1,0
125500,7,0,0,0,1,0
125600,4,0,0,0,1,0
125700,1,0,0,0,1,0
125800,1,0,0,0,1,0
125900,3,0,0,0,0,0
126000,9,0,0,0,0,0
126100,7,0,0,0,0,0
126200,4,0,0,0,0,0
126300,4,0,0,0,0,0
126400,8,0,0,0,1,0
126500,4,0,0,0,1,0
126600,3,0,0,0,1,0
126700,6,0,0,0,0,0
126800,3,0,0,0,0,0
126900,3,0,0,0,0,0
127000,7,0,0,0,0,0
127100,4,0,0,0,1,0
127200,6,0,0,0,0,0
127300,3,0,0,0,0,0
127400,6,0,0,0,0,0
127500,7,0,0,0,0,0
127600,3,0,0,0,0,0
127700,4,0,0,0,2,0
127800,3,0,0,0,0,0
127900,5,0,1,0,0,0
128000,6,0,0,0,1,0
128100,4,0,0,0,0,0
128200,8,0,0,0,0,0
128300,9,0,0,0,0,0
128400,6,0,0,0,1,0
128500,7,0,0,0,0,0
128600,3,0,0,0,1,0
128700,4,0,0,0,1,0
128800,2,0,0,0,0,0
128900,4,0,2,0,0,0
129000,4,0,0,0,1,0
129100,1,0,1,0,0,0
129200,3,0,0,0,0,0
129300,10,0,0,0,0,0
129400,2,0,0,0,2,0
129500,10,0,1,0,1,0
129600,13,0,0,0,2,0
129700,11,0,0,0,1,0
129800,6,0,0,0,1,0
129900,4,0,0,0,0,0
130000,0,0,0,0,0,0
130100,3,0,0,0,0,0
130200,7,0,0,0,0,0
130300,3,0,0,0,0,0
130400,2,0,0,0,0,0
130500,4,0,0,0,1,0
130600,8,0,0,0,2,0
130700,6,0,0,0,0,0
130800,5,0,0,0,0,0
130900,6,0,1,0,0,0
131000,2,0,0,0,0,0
131100,4,0,0,0,2,0
131200,3,0,0,0,0,0
131300,1,0,1,0,0,0
131400,1,0,0,0,0,0
131500,2,0,0,0,3,0
131600,6,0,0,0,1,0
131700,4,0,0,0,0,0
131800,2,0,0,0,0,0
131900,6,0,0,0,1,0
132000,4,0,0,0,0,0
132100,6,0,0,0,1,0
132200,1,0,0,0,0,0
132300,1,0,0,0,3,0
132400,3,0,0,0,0,0
132500,4,0,0,0,1,0
132600,1,0,0,0,0,0
132700,8,0,0,0,0,0
132800,2,0,0,0,0,0
132900,6,0,0,0,0,0
133000,5,0,1,0,0,0
133100,6,0,0,0,0,0
133200,5,0,0,0,0,0
133300,3,0,0,0,0,0
133400,4,0,0,0,1,0
133500,5,0,0,0,0,0
133600,2,0,0,0,0,0
133700,1,0,0,0,0,0
133800,1,0,0,0,0,0
133900,1,0,0,0,0,0
134000,2,0,0,0,0,0
134100,4,0,1,0,0,0
134200,4,0,1,0,1,0
134300,4,0,0,0,0,0
134400,3,0,0,0,1,0
134500,6,0,0,0,0,0
134600,4,0,1,0,0,0
134700,16,0,1,0,2,0
134800,14,0,0,0,2,0
134900,8,0,0,0,0,0
135000,2,0,0,0,0,0
135100,6,0,0,0,0,0
135200,7,0,0,0,0,0
135300,2,0,2,0,0,0
135400,3,0,0,0,1,0
135500,3,0,0,0,0,0
135600,5,0,0,0,0,0
135700,5,0,0,0,0,0
135800,3,0,0,0,0,0
135900,4,0,0,0,0,0
136000,3,0,0,0,0,0
136100,7,0,0,0,0,0
136200,6,0,0,0,0,0
136300,1,0,0,0,0,0
136400,3,0,0,0,1,0
136500,2,0,0,0,1,0
136600,4,0,2,0,2,0
136700,2,0,0,0,0,0
136800,5,0,0,0,0,0
136900,5,0,0,0,0,0
137000,5,0,0,0,0,0
137100,4,0,0,0,0,0
137200,4,0,0,0,0,0
137300,10,0,0,0,0,0
137400,2,0,0,0,0,0
137500,4,0,0,0,0,0
137600,2,0,0,0,1,0
137700,4,0,0,0,0,0
137800,3,0,0,0,0,0
137900,3,0,0,0,0,0
138000,8,0,0,0,0,0
138100,2,0,0,0,0,0
138200,2,0,0,0,2,0
138300,6,0,0,0,1,0
138400,6,0,0,0,0,0
138500,2,0,0,0,0,0
138600,5,0,1,0,0,0
138700,5,0,0,0,0,0
138800,2,0,0,0,0,0
138900,3,0,0,0,0,0
139000,3,0,1,0,1,0
139100,5,0,0,0,1,0
139200,6,0,0,0,2,0
139300,2,0,0,0,0,0
139400,4,0,1,0,0,0
139500,6,0,0,0,0,0
139600,3,0,0,0,0,0
139700,4,0,0,0,0,0
139800,4,0,1,0,2,0
139900,4,0,0,0,0,0
140000,1,0,1,0,1,0
140100,9,0,0,0,1,0
140200,4,0,0,0,0,0
140300,2,0,0,0,0,0
140400,2,0,0,0,1,0
140500,3,0,0,0,0,0
140600,15,0,1,0,1,0
140700,8,0,0,0,1,0
140800,14,0,0,0,2,0
140900,7,0,1,0,1,0
141000,4,0,0,0,0,0
141100,2,0,0,0,0,0
141200,5,0,0,0,1,0
141300,3,0,0,0,0,0
141400,3,0,0,0,0,0
141500,3,0,0,0,0,0
141600,5,0,0,0,0,0
141700,2,0,0,0,1,0
141800,5,0,0,0,1,0
141900,2,0,0,0,1,0
142000,2,0,1,0,0,0
142100,3,0,1,0,0,0
142200,3,0,0,0,0,0
142300,5,0,0,0,1,0
142400,4,0,0,0,0,0
142500,2,0,0,0,0,0
142600,3,0,0,0,0,0
142700,7,0,0,0,0,0
142800,0,0,0,0,0,0
142900,1,0,0,0,1,0
143000,5,0,0,0,0,0
143100,1,0,0,0,1,0
143200,8,0,0,0,0,0
143300,7,0,0,0,1,0
143400,5,0,0,0,0,0
143500,2,0,0,0,0,0
143600,3,0,0,0,0,0
143700,0,0,0,0,0,0
143800,2,0,0,0,0,0
143900,5,0,0,0,1,0
144000,1,0,1,0,0,0
144100,2,0,0,0,0,0
144200,6,0,0,0,1,0
144300,3,0,0,0,0,0
144400,1,0,1,0,1,0
144500,2,0,0,0,0,0
144600,5,0,0,0,0,0
144700,1,0,0,0,1,0
144800,4,0,0,0,0,0
144900,0,0,0,0,0,0
145000,2,0,0,0,0,0
145100,6,0,0,0,2,0
145200,4,0,0,0,0,0
145300,5,0,0,0,0,0
145400,6,0,0,0,0,0
145500,2,0,0,0,2,0
145600,3,0,0,0,0,0
145700,3,0,0,0,0,0
145800,3,0,0,0,0,0
145900,2,0,0,0,0,0
146000,1,0,0,0,0,0
146100,0,0,0,0,0,0
146200,5,0,0,0,0,0
146300,3,0,0,0,0,0
146400,3,0,0,0,0,0
146500,4,0,0,0,0,0
146600,4,0,1,0,0,0
146700,6,0,1,0,1,0
146800,18,0,0,0,3,0
146900,4,0,0,0,2,0
147000,5,0,0,0,0,0
147100,2,0,0,0,1,0
147200,2,0,0,0,0,0
147300,3,0,0,0,0,0
147400,4,0,0,0,1,0
147500,2,0,0,0,0,0
147600,2,0,0,0,0,0
147700,4,0,2,0,1,0
147800,3,0,0,0,0,0
147900,4,0,0,0,0,0
148000,6,0,0,0,0,0
148100,1,0,0,0,0,0
148200,3,0,0,0,1,0
148300,1,0,0,0,0,0
148400,6,0,0,0,0,0
148500,0,0,0,0,1,0
148600,5,0,0,0,0,0
148700,6,0,0,0,2,0
148800,1,0,1,0,0,0
148900,3,0,0,0,1,0
149000,3,0,0,0,0,0
149100,4,0,0,0,1,0
149200,6,0,0,0,1,0
149300,2,0,0,0,0,0
149400,4,0,0,0,2,0
149500,3,0,1,0,0,0
149600,2,0,0,0,0,0
149700,1,0,0,0,0,0
149800,2,0,0,0,0,0
149900,1,0,0,0,1,0
150000,3,0,0,0,0,0
150100,0,0,0,0,1,0
150200,3,0,1,0,1,0
150300,3,0,0,0,0,0
150400,2,0,0,0,0,0
150500,8,0,0,0,0,0
150600,2,0,0,0,1,0
150700,3,0,0,0,0,0
150800,0,0,1,0,0,0
150900,3,0,1,0,1,0
151000,5,0,0,0,1,0
151100,1,0,0,0,0,0
151200,3,0,0,0,0,0
151300,2,0,1,0,1,0
151400,1,0,1,0,0,0
151500,2,0,0,0,0,0
151600,2,0,0,0,0,0
151700,5,0,0,0,0,0
151800,4,0,0,0,0,0
151900,1,0,0,0,0,0
152000,4,0,0,0,0,0
152100,5,0,0,0,0,0
152200,3,0,0,0,0,0
152300,3,0,0,0,1,0
152400,6,0,0,0,0,0
152500,2,0,1,0,1,0
152600,3,0,0,0,1,0
152700,2,0,0,0,0,0
152800,5,0,1,0,0,0
152900,1,0,1,0,1,0
153000,15,0,0,0,1,0
153100,12,0,0,0,2,0
153200,7,0,0,0,0,0
153300,6,0,0,0,0,0
153400,4,0,0,0,1,0
153500,6,0,0,0,2,0
153600,8,0,0,0,0,0
153700,4,0,0,0,3,0
153800,2,0,0,0,0,0
153900,3,0,0,0,0,0
154000,2,0,0,0,1,0
154100,1,0,1,0,0,0
154200,4,0,0,0,0,0
154300,4,0,0,0,0,0
154400,2,0,0,0,0,0
154500,6,0,0,0,0,0
154600,3,0,0,0,0,0
154700,4,0,0,0,0,0
154800,7,0,0,0,1,0
154900,2,0,0,0,0,0
155000,3,0,0,0,0,0
155100,4,0,0,0,1,0
155200,3,0,0,0,0,0
155300,4,0,0,0,0,0
155400,2,0,0,0,0,0
155500,4,0,0,0,0,0
155600,4,0,1,0,0,0
155700,6,0,0,0,1,0
155800,2,0,0,0,1,0
155900,5,0,0,0,2,0
156000,4,0,0,0,0,0
156100,1,0,0,0,1,0
156200,2,0,1,0,0,0
156300,2,0,0,0,1,0
156400,1,0,0,0,0,0
156500,3,0,0,0,0,0
156600,3,0,0,0,0,0
156700,0,0,0,0,0,0
156800,4,0,0,0,0,0
156900,4,0,0,0,0,0
157000,2,0,0,0,0,0
157100,1,0,1,0,3,0
157200,3,0,0,0,1,0
157300,1,0,0,0,0,0
157400,2,0,0,0,0,0
157500,6,0,0,0,0,0
157600,5,0,0,0,0,0
157700,4,0,0,0,0,0
157800,4,0,0,0,1,0
157900,1,0,0,0,0,0
158000,4,0,0,0,0,0
158100,1,0,0,0,1,0
158200,4,0,0,0,1,0
158300,2,0,0,0,1,0
158400,2,0,0,0,0,0
158500,5,0,0,0,1,0
158600,3,0,0,0,0,0
158700,6,0,0,0,0,0
158800,2,0,0,0,0,0
158900,5,0,0,0,0,0
159000,5,0,0,0,0,0
159100,3,0,0,0,1,0
159200,2,0,0,0,0,0
159300,5,0,0,0,0,0
159400,5,0,0,0,3,0
159500,3,0,0,0,0,0
159600,4,0,0,0,0,0
159700,1,0,0,0,2,0
159800,8,0,0,0,1,0
159900,2,0,1,0,1,0
160000,14,0,0,0,1,0
160100,13,0,0,0,2,0
160200,7,0,0,0,2,0
160300,1,0,0,0,0,0
160400,2,0,0,0,0,0
160500,2,0,0,0,0,0
160600,3,0,0,0,0,0
160700,2,0,0,0,0,0
160800,4,0,0,0,0,0
160900,0,0,0,0,1,0
161000,2,0,0,0,0,0
161100,2,0,0,0,1,0
161200,1,0,0,0,0,0
161300,3,0,0,0,0,0
161400,2,0,0,0,0,0
161500,4,0,0,0,0,0
161600,3,0,0,0,0,0
161700,4,0,0,0,0,0
161800,2,0,0,0,0,0
161900,1,0,0,0,0,0
162000,1,0,0,0,0,0
162100,2,0,0,0,0,0
162200,3,0,0,0,0,0
162300,2,0,0,0,0,0
162400,1,0,0,0,0,0
162500,6,0,0,0,2,0
162600,3,0,0,0,0,0
162700,2,0,0,0,0,0
162800,0,0,0,0,0,0
162900,3,0,0,0,0,0
163000,2,0,0,0,0,0
163100,2,0,0,0,1,0
163200,3,0,0,0,0,0
163300,6,0,0,0,0,0
163400,2,0,0,0,0,0
163500,2,0,0,0,1,0
163600,1,0,0,0,0,0
163700,3,0,0,0,0,0
163800,4,0,0,0,1,0
163900,1,0,0,0,0,0
164000,2,0,0,0,0,0
164100,2,0,1,0,0,0
164200,3,0,0,0,1,0
164300,3,0,0,0,0,0
164400,1,0,0,0,0,0
164500,7,0,0,0,0,0
164600,3,0,1,0,0,0
164700,6,0,0,0,0,0
164800,6,0,0,0,0,0
164900,1,0,0,0,0,0
165000,1,0,0,0,0,0
165100,1,0,1,0,0,0
165200,1,0,0,0,0,0
165300,3,0,0,0,2,0
165400,7,0,0,0,0,0
165500,4,0,0,0,1,0
165600,1,0,0,0,0,0
165700,1,0,0,0,0,0
165800,5,0,0,0,0,0
165900,1,0,0,0,0,0
166000,3,0,0,0,0,0
166100,2,0,0,0,0,0
166200,4,0,0,0,0,0
166300,2,0,0,0,0,0
166400,3,0,0,0,1,0
166500,2,0,0,0,1,0
166600,4,0,0,0,0,0
166700,3,0,1,0,2,0
166800,3,0,0,0,1,0
166900,1,0,0,0,0,0
167000,3,0,0,0,1,0
167100,6,0,0,0,1,0
167200,5,0,0,0,0,0
167300,1,0,1,0,0,0
167400,3,0,0,0,1,0
167500,2,0,0,0,0,0
167600,10,0,1,0,1,0
167700,13,0,0,0,3,0
167800,14,0,0,0,1,0
167900,4,0,0,0,1,0
168000,2,0,0,0,0,0
168100,4,0,0,0,1,0
168200,0,0,0,0,1,0
168300,4,0,0,0,0,0
168400,5,0,0,0,0,0
168500,2,0,0,0,0,0
168600,1,0,1,0,1,0
168700,5,0,0,0,0,0
168800,1,0,0,0,0,0
168900,2,0,0,0,0,0
169000,1,0,0,0,0,0
169100,1,0,0,0,0,0
169200,2,0,0,0,0,0
169300,1,0,0,0,0,0
169400,2,0,0,0,0,0
169500,3,0,0,0,1,0
169600,3,0,0,0,0,0
169700,4,0,1,0,0,0
169800,5,0,0,0,0,0
169900,3,0,0,0,0,0
170000,1,0,0,0,0,0
170100,2,0,0,0,0,0
170200,0,0,0,0,0,0
170300,5,0,0,0,1,0
170400,2,0,1,0,0,0
170500,2,0,1,0,1,0
170600,5,0,0,0,0,0
170700,4,0,0,0,0,0
170800,5,0,0,0,0,0
170900,2,0,0,0,0,0
171000,1,0,0,0,1,0
171100,1,0,0,0,1,0
171200,3,0,0,0,0,0
171300,5,0,0,0,0,0
171400,3,0,0,0,0,0
171500,3,0,0,0,0,0
171600,0,0,0,0,0,0
171700,4,0,0,0,0,0
171800,2,0,0,0,1,0
171900,3,0,0,0,0,0
172000,5,0,0,0,1,0
172100,3,0,0,0,0,0
172200,3,0,0,0,1,0
172300,2,0,0,0,0,0
172400,1,0,0,0,0,0
172500,3,0,0,0,0,0
172600,4,0,0,0,1,0
172700,2,0,0,0,0,0
172800,1,0,0,0,0,0
172900,1,0,0,0,0,0
173000,1,0,0,0,0,0
173100,2,0,0,0,0,0
173200,4,0,0,0,0,0
173300,1,0,0,0,0,0
173400,4,0,0,0,2,0
173500,2,0,0,0,1,0
173600,1,0,1,0,0,0
173700,2,0,0,0,0,0
173800,1,0,0,0,0,0
173900,6,0,0,0,0,0
174000,1,0,0,0,0,0
174100,2,0,0,0,0,0
174200,1,0,0,0,1,0
174300,5,0,0,0,0,0
174400,3,0,1,0,0,0
174500,2,0,0,0,0,0
174600,0,0,0,0,0,0
174700,2,0,0,0,2,0
174800,3,0,0,0,0,0
174900,1,0,0,0,0,0
175000,2,0,0,0,0,0
175100,1,0,0,0,0,0
175200,2,0,0,0,0,0
175300,0,0,0,0,0,0
175400,3,0,0,0,1,0
175500,3,0,0,0,1,0
175600,1,0,0,0,0,0
175700,3,0,0,0,1,0
175800,3,0,0,0,0,0
175900,5,0,0,0,0,0
176000,3,0,1,0,0,0
176100,4,0,1,0,1,0
176200,9,0,0,0,1,0
176300,6,0,0,0,1,0
176400,10,0,0,0,1,0
176500,8,0,1,0,1,0
176600,3,0,0,0,1,0
176700,3,0,0,0,2,0
176800,6,0,0,0,0,0
176900,3,0,0,0,1,0
177000,4,0,0,0,1,0
177100,3,0,0,0,0,0
177200,3,0,0,0,0,0
177300,3,0,0,0,0,0
177400,2,0,0,0,0,0
177500,0,0,0,0,0,0
177600,1,0,0,0,2,0
177700,0,0,0,0,0,0
177800,1,0,0,0,0,0
177900,1,0,0,0,0,0
178000,3,0,0,0,0,0
178100,0,0,0,0,0,0
178200,2,0,0,0,0,0
178300,4,0,0,0,1,0
178400,2,0,0,0,0,0
178500,2,0,0,0,0,0
178600,2,0,0,0,0,0
178700,3,0,0,0,0,0
178800,2,0,0,0,0,0
178900,1,0,0,0,0,0
179000,1,0,0,0,0,0
179100,2,0,0,0,0,0
179200,5,0,0,0,0,0
179300,0,0,1,0,0,0
179400,0,0,0,0,0,0
179500,2,0,0,0,0,0
179600,0,0,0,0,0,0
179700,4,0,0,0,0,0
179800,2,0,0,0,0,0
179900,1,0,1,0,2,0
180000,6,0,0,0,1,0
180100,1,0,0,0,1,0
180200,2,0,0,0,0,0
180300,1,0,0,0,0,0
180400,0,0,0,0,0,0
180500,3,0,0,0,0,0
180600,1,0,1,0,0,0
180700,2,0,0,0,0,0
180800,2,0,0,0,0,0
180900,0,0,0,0,0,0
181000,4,0,0,0,0,0
181100,1,0,0,0,0,0
181200,7,0,0,0,0,0
181300,1,0,0,0,0,0
181400,2,0,0,0,1,0
181500,3,0,0,0,1,0
181600,2,0,0,0,0,0
181700,1,0,0,0,0,0
181800,0,0,0,0,0,0
181900,3,0,0,0,0,0
182000,2,0,0,0,0,0
182100,1,0,0,0,1,0
182200,4,0,0,0,0,0
182300,4,0,0,0,1,0
182400,0,0,0,0,0,0
182500,1,0,0,0,1,0
182600,4,0,0,0,0,0
182700,1,0,1,0,0,0
182800,4,0,0,0,0,0
182900,0,0,0,0,0,0
183000,3,0,0,0,1,0
183100,1,0,0,0,0,0
183200,3,0,0,0,0,0
183300,1,0,0,0,0,0
183400,1,0,0,0,1,0
183500,3,0,0,0,0,0
183600,2,0,0,0,0,0
183700,1,0,0,0,1,0
183800,2,0,0,0,1,0
183900,2,0,0,0,0,0
184000,2,0,0,0,2,0
184100,2,0,0,0,0,0
184200,3,0,0,0,0,0
184300,2,0,0,0,0,0
184400,2,0,0,0,1,0
184500,1,0,0,0,0,0
184600,2,0,1,0,0,0
184700,0,0,0,0,0,0
184800,1,0,0,0,0,0
184900,3,0,0,0,1,0
185000,7,0,1,0,1,0
185100,7,0,0,0,1,0
185200,11,0,0,0,1,0
185300,1,0,0,0,0,0
185400,1,0,0,0,0,0
185500,5,0,0,0,0,0
185600,4,0,0,0,0,0
185700,2,0,0,0,0,0
185800,2,0,1,0,0,0
185900,3,0,0,0,0,0
186000,7,0,0,0,0,0
186100,1,0,0,0,0,0
186200,1,0,0,0,0,0
186300,2,0,0,0,1,0
186400,3,0,0,0,0,0
186500,2,0,0,0,0,0
186600,0,0,0,0,0,0
186700,6,0,0,0,0,0
186800,2,0,0,0,0,0
186900,6,0,0,0,1,0
187000,1,0,0,0,0,0
187100,1,0,0,0,0,0
187200,3,0,0,0,0,0
187300,1,0,0,0,0,0
187400,1,0,1,0,0,0
187500,4,0,0,0,0,0
187600,2,0,0,0,0,0
187700,2,0,0,0,0,0
187800,4,0,0,0,0,0
187900,3,0,0,0,1,0
188000,1,0,0,0,0,0
188100,2,0,0,0,0,0
188200,5,0,0,0,0,0
188300,3,0,1,0,1,0
188400,2,0,0,0,1,0
188500,1,0,0,0,0,0
188600,1,0,0,0,0,0
188700,2,0,0,0,1,0
188800,0,0,0,0,0,0
188900,2,0,0,0,0,0
189000,3,0,0,0,0,0
189100,2,0,0,0,0,0
189200,3,0,0,0,0,0
189300,0,0,0,0,2,0
189400,0,0,0,0,0,0
189500,2,0,0,0,0,0
189600,1,0,0,0,0,0
189700,5,0,0,0,0,0
189800,0,0,0,0,0,0
189900,1,0,0,0,1,0
190000,3,0,1,0,1,0
190100,1,0,1,0,0,0
190200,4,0,0,0,0,0
190300,4,0,0,0,0,0
190400,1,0,0,0,0,0
190500,3,0,0,0,0,0
190600,1,0,0,0,0,0
190700,1,0,0,0,1,0
190800,0,0,1,0,1,0
190900,4,0,0,0,1,0
191000,3,0,0,0,0,0
191100,0,0,0,0,1,0
191200,2,0,0,0,0,0
191300,4,0,0,0,0,0
191400,2,0,0,0,0,0
191500,2,0,0,0,0,0
191600,0,0,0,0,0,0
191700,7,0,0,0,0,0
191800,2,0,0,0,0,0
191900,1,0,0,0,0,0
192000,1,0,0,0,0,0
192100,0,0,0,0,0,0
192200,3,0,0,0,0,0
192300,0,0,0,0,0,0
192400,2,0,0,0,0,0
192500,1,0,0,0,1,0
192600,1,0,0,0,1,0
192700,3,0,0,0,1,0
192800,2,0,0,0,0,0
192900,0,0,0,0,1,0
193000,5,0,0,0,0,0
193100,2,0,0,0,0,0
193200,0,0,0,0,0,0
193300,1,0,0,0,0,0
193400,1,0,0,0,1,0
193500,2,0,0,0,0,0
193600,1,0,0,0,0,0
193700,4,0,0,0,0,0
193800,2,0,0,0,0,0
193900,0,0,0,0,0,0
194000,2,0,0,0,0,0
194100,3,0,0,0,1,0
194200,1,0,0,0,1,0
194300,1,0,0,0,0,0
194400,4,0,0,0,0,0
194500,2,0,0,0,0,0
194600,2,0,0,0,1,0
194700,3,0,0,0,0,0
194800,1,0,0,0,0,0
194900,3,0,0,0,0,0
195000,1,0,0,0,0,0
195100,2,0,0,0,0,0
195200,0,0,0,0,0,0
195300,4,0,0,0,1,0
195400,1,0,0,0,0,0
195500,4,0,0,0,1,0
195600,2,0,0,0,0,0
195700,1,0,1,0,0,0
195800,5,0,0,0,1,0
195900,8,0,0,0,1,0
196000,9,0,1,0,1,0
196100,15,0,0,0,1,0
196200,2,0,0,0,0,0
196300,1,0,0,0,0,0
196400,2,0,0,0,0,0
196500,2,0,0,0,0,0
196600,0,0,1,0,0,0
196700,1,0,0,0,0,0
196800,2,0,0,0,0,0
196900,3,0,0,0,2,0
197000,1,0,0,0,0,0
197100,2,0,0,0,1,0
197200,4,0,0,0,0,0
197300,2,0,0,0,0,0
197400,4,0,0,0,0,0
197500,3,0,0,0,0,0
197600,1,0,0,0,0,0
197700,1,0,0,0,1,0
197800,0,0,0,0,0,0
197900,1,0,0,0,0,0
198000,1,0,0,0,0,0
198100,6,0,0,0,0,0
198200,1,0,0,0,0,0
198300,2,0,0,0,0,0
198400,2,0,0,0,0,0
198500,1,0,0,0,0,0
198600,3,0,0,0,1,0
198700,0,0,0,0,0,0
198800,3,0,0,0,0,0
198900,2,0,0,0,0,0
199000,2,0,0,0,0,0
199100,1,0,0,0,1,0
199200,2,0,0,0,1,0
199300,0,0,0,0,0,0
199400,2,0,0,0,0,0
199500,3,0,0,0,0,0
199600,2,0,0,0,0,0
199700,2,0,0,0,0,0
199800,1,0,0,0,0,0
199900,1,0,0,0,0,0
200000,2,0,0,0,1,0
200100,3,0,0,0,0,0
200200,3,0,0,0,0,0
200300,0,0,0,0,0,0
200400,0,0,0,0,0,0
200500,1,0,0,0,0,0
200600,0,0,0,0,0,0
200700,2,0,0,0,1,0
200800,3,0,0,0,1,0
200900,1,0,0,0,0,0
201000,3,0,0,0,0,0
201100,2,0,0,0,1,0
201200,0,0,0,0,0,0
201300,1,0,0,0,0,0
201400,2,0,0,0,0,0
201500,2,0,0,0,0,0
201600,0,0,0,0,1,0
201700,2,0,1,0,0,0
201800,0,0,0,0,0,0
201900,3,0,0,0,0,0
202000,2,0,0,0,0,0
202100,0,0,0,0,0,0
202200,5,0,0,0,0,0
202300,3,0,1,0,0,0
202400,0,0,0,0,0,0
202500,4,0,1,0,0,0
202600,2,0,0,0,0,0
202700,0,0,0,0,0,0
202800,2,0,0,0,0,0
202900,1,0,0,0,0,0
203000,2,0,0,0,0,0
203100,3,0,0,0,0,0
203200,2,0,0,0,0,0
203300,3,0,0,0,0,0
203400,1,0,0,0,0,0
203500,1,0,0,0,0,0
203600,1,0,0,0,0,0
203700,1,0,1,0,0,0
203800,1,0,0,0,0,0
203900,1,0,0,0,0,0
204000,3,0,0,0,1,0
204100,1,0,0,0,1,0
204200,1,0,0,0,1,0
204300,5,0,0,0,0,0
204400,0,0,0,0,0,0
204500,1,0,0,0,0,0
204600,7,0,0,0,1,0
204700,1,0,0,0,0,0
204800,1,0,0,0,1,0
204900,1,0,0,0,0,0
205000,2,0,0,0,0,0
205100,1,0,0,0,0,0
205200,1,0,0,0,0,0
205300,2,0,0,0,1,0
205400,1,0,0,0,1,0
205500,2,0,0,0,0,0
205600,1,0,0,0,0,0
205700,3,0,0,0,0,0
205800,2,0,0,0,0,0
205900,1,0,0,0,0,0
206000,4,0,0,0,1,0
206100,1,0,0,0,0,0
206200,2,0,0,0,0,0
206300,0,0,0,0,1,0
206400,1,0,0,0,0,0
206500,1,0,0,0,0,0
206600,1,0,0,0,0,0
206700,3,0,0,0,0,0
206800,0,0,0,0,0,0
206900,1,0,0,0,0,0
207000,0,0,0,0,0,0
207100,0,0,0,0,0,0
207200,1,0,1,0,1,0
207300,1,0,0,0,0,0
207400,1,0,0,0,0,0
207500,3,0,0,0,0,0
207600,1,0,0,0,0,0
207700,0,0,0,0,1,0
207800,0,0,0,0,0,0
207900,1,0,0,0,0,0
208000,0,0,1,0,0,0
208100,1,0,0,0,0,0
208200,0,0,0,0,1,0
208300,3,0,0,0,0,0
208400,1,0,0,0,0,0
208500,0,0,0,0,0,0
208600,2,0,0,0,1,0
208700,1,0,1,0,0,0
208800,1,0,0,0,0,0
208900,0,0,0,0,0,0
209000,0,0,0,0,0,0
209100,1,0,0,0,0,0
209200,2,0,0,0,0,0
209300,2,0,0,0,0,0
209400,1,0,0,0,0,0
209500,6,0,0,0,0,0
209600,1,0,1,0,0,0
209700,6,0,0,0,0,0
209800,5,0,0,0,1,0
209900,3,0,0,0,1,0
210000,3,0,0,0,1,0
210100,4,0,0,0,0,0
210200,1,0,0,0,1,0
210300,6,0,0,0,1,0
210400,0,0,0,0,1,0
210500,0,0,0,0,0,0
210600,1,0,0,0,0,0
210700,2,0,0,0,0,0
210800,0,0,0,0,1,0
210900,2,0,0,0,0,0
211000,1,0,0,0,0,0
211100,2,0,0,0,1,0
211200,0,0,0,0,0,0
211300,2,0,0,0,0,0
211400,1,0,0,0,0,0
211500,0,0,0,0,0,0
211600,1,0,0,0,0,0
211700,1,0,0,0,0,0
211800,0,0,0,0,0,0
211900,1,0,0,0,1,0
212000,2,0,0,0,0,0
212100,3,0,0,0,0,0
212200,2,0,0,0,0,0
212300,2,0,0,0,0,0
212400,3,0,0,0,0,0
212500,0,0,0,0,0,0
212600,1,0,0,0,0,0
212700,1,0,0,0,0,0
212800,0,0,0,0,0,0
212900,2,0,0,0,0,0
213000,0,0,0,0,0,0
213100,1,0,0,0,0,0
213200,3,0,0,0,0,0
213300,1,0,0,0,1,0
213400,0,0,0,0,0,0
213500,2,0,0,0,0,0
213600,0,0,0,0,0,0
213700,1,0,0,0,0,0
213800,2,0,0,0,0,0
213900,2,0,0,0,0,0
214000,0,0,0,0,0,0
214100,1,0,0,0,0,0
214200,2,0,0,0,0,0
214300,1,0,0,0,1,0
214400,1,0,0,0,0,0
214500,0,0,0,0,0,0
214600,1,0,0,0,0,0
214700,1,0,0,0,0,0
214800,1,0,0,0,1,0
214900,0,0,0,0,0,0
215000,2,0,0,0,0,0
215100,2,0,0,0,0,0
215200,0,0,0,0,0,0
215300,0,0,0,0,0,0
215400,2,0,0,0,0,0
215500,1,0,0,0,0,0
215600,0,0,1,0,1,0
215700,1,0,0,0,1,0
215800,1,0,0,0,0,0
215900,0,0,0,0,1,0
216000,0,0,0,0,0,0
216100,1,0,0,0,0,0
216200,2,0,0,0,0,0
216300,2,0,0,0,0,0
216400,3,0,0,0,0,0
216500,4,0,0,0,0,0
216600,0,0,0,0,0,0
216700,1,0,0,0,0,0
216800,1,0,0,0,0,0
216900,1,0,0,0,0,0
217000,1,0,0,0,1,0
217100,1,0,0,0,0,0
217200,1,0,0,0,0,0
217300,1,0,0,0,0,0
217400,0,0,0,0,0,0
217500,1,0,0,0,0,0
217600,1,0,0,0,0,0
217700,0,0,0,0,0,0
217800,2,0,0,0,0,0
217900,0,0,0,0,0,0
218000,0,0,0,0,1,0
218100,4,0,0,0,0,0
218200,1,0,0,0,0,0
218300,2,0,0,0,1,0
218400,1,0,0,0,0,0
218500,0,0,0,0,0,0
218600,2,0,0,0,1,0
218700,2,0,0,0,0,0
218800,0,0,0,0,0,0
218900,0,0,0,0,0,0
219000,5,0,0,0,1,0
219100,0,0,0,0,0,0
219200,1,0,0,0,0,0
219300,2,0,0,0,0,0
219400,1,0,0,0,0,0
219500,0,0,0,0,0,0
219600,0,0,0,0,0,0
219700,0,0,0,0,0,0
219800,1,0,0,0,0,0
219900,2,0,0,0,0,0
220000,2,0,0,0,0,0
220100,0,0,0,0,0,0
220200,3,0,0,0,0,0
220300,0,0,0,0,1,0
220400,0,0,0,0,0,0
220500,2,0,0,0,0,0
220600,4,0,0,0,0,0
220700,2,0,1,0,0,0
220800,1,0,0,0,0,0
220900,3,0,0,0,0,0
221000,2,0,0,0,0,0
221100,0,0,0,0,0,0
221200,2,0,0,0,0,0
221300,0,0,0,0,0,0
221400,1,0,0,0,0,0
221500,4,0,0,0,0,0
221600,1,0,0,0,0,0
221700,0,0,0,0,0,0
221800,1,0,0,0,0,0
221900,3,0,0,0,0,0
222000,2,0,0,0,1,0
222100,2,0,0,0,0,0
222200,0,0,0,0,0,0
222300,0,0,0,0,0,0
222400,1,0,0,0,0,0
222500,0,0,0,0,1,0
222600,0,0,0,0,1,0
222700,1,0,0,0,0,0
222800,2,0,0,0,0,0
222900,2,0,0,0,0,0
223000,2,0,0,0,0,0
223100,1,0,0,0,0,0
223200,1,0,0,0,0,0
223300,1,0,0,0,2,0
223400,2,0,0,0,0,0
223500,0,0,0,0,0,0
223600,3,0,0,0,0,0
223700,1,0,1,0,0,0
223800,0,0,0,0,0,0
223900,3,0,0,0,0,0
224000,2,0,0,0,0,0
224100,1,0,0,0,0,0
224200,1,0,0,0,0,0
224300,0,0,0,0,0,0
224400,1,0,0,0,0,0
224500,0,0,0,0,0,0
224600,0,0,0,0,0,0
224700,1,0,0,0,0,0
224800,1,0,0,0,0,0
224900,1,0,0,0,0,0
225000,0,0,0,0,0,0
225100,1,0,0,0,0,0
225200,2,0,0,0,0,0
225300,1,0,0,0,0,0
225400,1,0,0,0,0,0
225500,0,0,0,0,0,0
225600,1,0,0,0,0,0
225700,2,0,0,0,0,0
225800,1,0,0,0,2,0
225900,1,0,0,0,1,0
226000,1,0,0,0,0,0
226100,1,0,0,0,0,0
226200,0,0,0,0,0,0
226300,0,0,0,0,0,0
226400,0,0,0,0,0,0
226500,0,0,0,0,0,0
226600,1,0,0,0,0,0
226700,1,0,0,0,0,0
226800,0,0,0,0,0,0
226900,0,0,0,0,0,0
227000,2,0,0,0,0,0
227100,1,0,0,0,0,0
227200,1,0,0,0,0,0
227300,2,0,0,0,0,0
227400,0,0,0,0,0,0
227500,2,0,0,0,0,0
227600,0,0,0,0,0,0
227700,2,0,0,0,0,0
227800,0,0,0,0,0,0
227900,0,0,0,0,0,0
228000,1,0,0,0,0,0
228100,2,0,0,0,0,0
228200,0,0,0,0,0,0
228300,1,0,0,0,0,0
228400,3,0,0,0,1,0
228500,0,0,0,0,0,0
228600,0,0,0,0,0,0
228700,0,0,0,0,0,0
228800,1,0,0,0,0,0
228900,1,0,0,0,0,0
229000,1,0,0,0,0,0
229100,1,0,0,0,1,0
229200,0,0,0,0,0,0
229300,2,0,0,0,0,0
229400,3,0,0,0,0,0
229500,0,0,0,0,0,0
229600,1,0,0,0,0,0
229700,1,0,0,0,0,0
229800,1,0,0,0,0,0
229900,1,0,0,0,0,0
230000,0,0,0,0,0,0
230100,2,0,0,0,0,0
230200,0,0,0,0,0,0
230300,0,0,0,0,0,0
230400,2,0,0,0,0,0
230500,0,0,0,0,1,0
230600,1,0,0,0,0,0
230700,0,0,0,0,0,0
230800,0,0,0,0,0,0
230900,0,0,0,0,0,0
231000,1,0,0,0,0,0
231100,1,0,0,0,0,0
231200,1,0,1,0,0,0
231300,3,0,0,0,0,0
231400,0,0,0,0,0,0
231500,0,0,0,0,0,0
231600,0,0,0,0,0,0
231700,0,0,0,0,0,0
231800,3,0,0,0,0,0
231900,1,0,0,0,0,0
232000,2,0,0,0,0,0
232100,0,0,0,0,0,0
232200,0,0,1,0,0,0
232300,3,0,0,0,0,0
232400,4,0,0,0,0,0
232500,2,0,0,0,1,0
232600,3,0,0,0,0,0
232700,2,0,0,0,0,0
232800,4,0,0,0,0,0
232900,0,0,0,0,0,0
233000,5,0,0,0,1,0
233100,3,0,0,0,0,0
233200,4,0,0,0,0,0
233300,2,0,0,0,1,0
233400,4,0,0,0,0,0
233500,5,0,0,0,0,0
233600,2,0,0,0,0,0
233700,0,0,0,0,0,0
233800,1,0,0,0,0,0
233900,0,0,0,0,0,0
234000,1,0,0,0,0,0
234100,4,0,0,0,0,0
234200,0,0,0,0,0,0
234300,0,0,0,0,0,0
234400,1,0,0,0,0,0
234500,0,0,0,0,0,0
234600,0,0,0,0,0,0
234700,1,0,0,0,0,0
234800,1,0,0,0,0,0
234900,0,0,0,0,0,0
235000,0,0,0,0,0,0
235100,2,0,0,0,0,0
235200,3,0,0,0,0,0
235300,2,0,0,0,0,0
235400,1,0,0,0,0,0
235500,1,0,0,0,0,0
235600,2,0,0,0,0,0
235700,1,0,0,0,0,0
235800,1,0,0,0,0,0
235900,1,0,1,0,0,0
236000,2,0,0,0,0,0
236100,1,0,0,0,0,0
236200,0,0,0,0,0,0
236300,4,0,0,0,0,0
236400,2,0,0,0,0,0
236500,0,0,0,0,0,0
236600,4,0,0,0,0,0
236700,0,0,0,0,0,0
236800,2,0,0,0,0,0
236900,0,0,0,0,0,0
237000,1,0,0,0,0,0
237100,2,0,0,0,0,0
237200,1,0,0,0,0,0
237300,0,0,0,0,0,0
237400,1,0,0,0,0,0
237500,0,0,0,0,0,0
237600,0,0,0,0,0,0
237700,1,0,0,0,0,0
237800,2,0,0,0,0,0
237900,0,0,0,0,0,0
238000,1,0,0,0,0,0
238100,0,0,0,0,0,0
238200,0,0,0,0,0,0
238300,1,0,0,0,0,0
238400,3,0,0,0,0,0
238500,0,0,1,0,0,0
238600,1,0,0,0,0,0
238700,1,0,1,0,0,0
238800,1,0,0,0,0,0
238900,2,0,0,0,0,0
239000,4,0,0,0,0,0
239100,0,0,0,0,0,0
239200,1,0,0,0,0,0
239300,1,0,0,0,0,0
239400,0,0,0,0,0,0
239500,0,0,0,0,1,0
239600,1,0,0,0,0,0
239700,2,0,0,0,0,0
239800,2,0,0,0,0,0
239900,0,0,0,0,0,0
240000,2,0,0,0,0,0
240100,1,0,0,0,0,0
240200,0,0,0,0,0,0
240300,0,0,0,0,0,0
240400,1,0,0,0,0,0
240500,3,0,0,0,0,0
240600,0,0,0,0,0,0
240700,0,0,0,0,0,0
240800,1,0,0,0,0,0
240900,1,0,0,0,0,0
241000,3,0,0,0,0,0
241100,0,0,0,0,0,0
241200,0,0,0,0,0,0
241300,0,0,0,0,0,0
241400,1,0,0,0,0,0
241500,1,0,0,0,0,0
241600,0,0,0,0,0,0
241700,0,0,0,0,0,0
241800,0,0,0,0,0,0
241900,0,0,0,0,0,0
242000,0,0,0,0,0,0
242100,2,0,0,0,0,0
242200,2,0,0,0,0,0
242300,0,0,0,0,0,0
242400,0,0,0,0,1,0
242500,1,0,1,0,0,0
242600,2,0,0,0,0,0
242700,2,0,0,0,1,0
242800,1,0,0,0,0,0
242900,0,0,0,0,1,0
243000,0,0,0,0,0,0
243100,2,0,0,0,0,0
243200,2,0,0,0,0,0
243300,0,0,0,0,0,0
243400,0,0,0,0,0,0
243500,0,0,0,0,0,0
243600,0,0,0,0,0,0
243700,0,0,0,0,0,0
243800,3,0,0,0,0,0
243900,1,0,0,0,0,0
244000,1,0,0,0,0,0
244100,0,0,0,0,0,0
244200,0,0,0,0,0,0
244300,0,0,0,0,0,0
244400,0,0,0,0,0,0
244500,1,0,1,0,0,0
244600,0,0,0,0,0,0
244700,1,0,0,0,0,0
244800,1,0,0,0,0,0
244900,0,0,0,0,0,0
245000,2,0,0,0,0,0
245100,1,0,0,0,0,0
245200,0,0,0,0,0,0
245300,1,0,0,0,0,0
245400,2,0,0,0,0,0
245500,0,0,0,0,1,0
245600,3,0,0,0,0,0
245700,0,0,0,0,0,0
245800,1,0,0,0,0,0
245900,4,0,0,0,0,0
246000,1,0,0,0,0,0
246100,0,0,0,0,0,0
246200,1,0,0,0,0,0
246300,1,0,0,0,0,0
246400,0,0,0,0,2,0
246500,1,0,0,0,0,0
246600,1,0,0,0,0,0
246700,0,0,0,0,0,0
246800,3,0,0,0,0,0
246900,0,0,0,0,0,0
247000,0,0,0,0,0,0
247100,1,0,1,0,0,0
247200,1,0,0,0,0,0
247300,0,0,0,0,0,0
247400,1,0,0,0,0,0
247500,0,0,0,0,0,0
247600,0,0,0,0,0,0
247700,0,0,0,0,0,0
247800,0,0,0,0,0,0
247900,1,0,0,0,0,0
248000,0,0,0,0,0,0
248100,1,0,0,0,0,0
248200,1,0,0,0,0,0
248300,0,0,0,0,0,0
248400,1,0,0,0,0,0
248500,3,0,0,0,0,0
248600,0,0,0,0,1,0
248700,1,0,0,0,0,0
248800,4,0,0,0,1,0
248900,1,0,1,0,0,0
249000,2,0,0,0,0,0
249100,2,0,0,0,0,0
249200,1,0,0,0,0,0
249300,0,0,0,0,0,0
249400,0,0,0,0,0,0
249500,1,0,0,0,1,0
249600,0,0,0,0,0,0
249700,1,0,0,0,1,0
249800,0,0,0,0,0,0
249900,0,0,0,0,0,0
250000,1,0,0,0,0,0
250100,2,0,0,0,0,0
250200,0,0,0,0,0,0
250300,1,0,0,0,0,0
250400,0,0,0,0,0,0
250500,1,0,0,0,0,0
250600,2,0,0,0,0,0
250700,2,0,0,0,0,0
250800,2,0,0,0,0,0
250900,0,0,0,0,0,0
251000,3,0,0,0,0,0
251100,0,0,0,0,0,0
251200,1,0,0,0,0,0
251300,1,0,0,0,0,0
251400,0,0,0,0,0,0
251500,0,0,0,0,1,0
251600,1,0,0,0,0,0
251700,2,0,0,0,0,0
251800,2,0,0,0,0,0
251900,0,0,0,0,0,0
252000,0,0,0,0,0,0
252100,0,0,0,0,0,0
252200,1,0,0,0,0,0
252300,1,0,0,0,0,0
252400,1,0,0,0,0,0
252500,1,0,0,0,0,0
252600,0,0,0,0,0,0
252700,1,0,0,0,0,0
252800,2,0,1,0,1,0
252900,1,0,0,0,1,0
253000,0,0,0,0,0,0
253100,1,0,0,0,0,0
253200,2,0,0,0,0,0
253300,0,0,0,0,0,0
253400,1,0,0,0,1,0
253500,0,0,0,0,0,0
253600,0,0,0,0,0,0
253700,0,0,0,0,0,0
253800,1,0,0,0,0,0
253900,0,0,0,0,0,0
254000,0,0,0,0,1,0
254100,0,0,0,0,0,0
254200,0,0,1,0,0,0
254300,2,0,0,0,0,0
254400,0,0,0,0,0,0
254500,0,0,0,0,0,0
254600,0,0,0,0,0,0
254700,0,0,0,0,0,0
254800,0,0,0,0,0,0
254900,0,0,0,0,0,0
255000,0,0,0,0,0,0
255100,0,0,0,0,1,0
255200,0,0,0,0,1,0
255300,1,0,0,0,1,0
255400,0,0,0,0,0,0
255500,2,0,0,0,0,0
255600,0,0,0,0,0,0
255700,1,0,0,0,0,0
255800,2,0,0,0,0,0
255900,0,0,0,0,0,0
256000,1,0,0,0,0,0
256100,0,0,0,0,0,0
256200,0,0,0,0,0,0
256300,0,0,0,0,0,0
256400,0,0,0,0,0,0
256500,1,0,0,0,0,0
256600,1,0,0,0,0,0
256700,0,0,0,0,0,0
256800,0,0,0,0,0,0
256900,0,0,0,0,0,0
257000,0,0,0,0,0,0
257100,1,0,1,0,0,0
257200,0,0,0,0,0,0
257300,2,0,0,0,1,0
257400,1,0,0,0,0,0
257500,0,0,0,0,0,0
257600,1,0,1,0,0,0
257700,1,0,0,0,0,0
257800,0,0,0,0,0,0
257900,0,0,0,0,0,0
258000,0,0,0,0,0,0
258100,0,0,0,0,1,0
258200,0,0,0,0,0,0
258300,0,0,0,0,0,0
258400,0,0,0,0,0,0
258500,1,0,0,0,1,0
258600,0,0,0,0,0,0
258700,0,0,0,0,1,0
258800,1,0,0,0,0,0
258900,0,0,0,0,0,0
259000,0,0,0,0,0,0
259100,1,0,0,0,0,0
259200,1,0,0,0,0,0
259300,0,0,0,0,0,0
259400,2,0,0,0,0,0
259500,3,0,0,0,1,0
259600,3,0,0,0,0,0
259700,0,0,0,0,0,0
259800,1,0,0,0,0,0
259900,0,0,0,0,0,0
260000,0,0,0,0,0,0
260100,0,0,0,0,0,0
260200,2,0,1,0,0,0
260300,2,0,1,0,0,0
260400,4,0,0,0,0,0
260500,6,0,0,0,2,0
260600,5,0,0,0,0,0
260700,3,0,0,0,1,0
260800,2,0,0,0,0,0
260900,2,0,0,0,0,0
261000,2,0,0,0,0,0
261100,4,0,0,0,1,0
261200,3,0,0,0,0,0
261300,2,0,0,0,0,0
261400,3,0,0,0,0,0
261500,1,0,0,0,0,0
261600,2,0,0,0,0,0
261700,0,0,0,0,0,0
261800,0,0,0,0,1,0
261900,0,0,1,0,1,0
262000,1,0,0,0,0,0
262100,2,0,0,0,0,0
262200,0,0,0,0,0,0
262300,1,0,0,0,0,0
262400,0,0,0,0,0,0
262500,2,0,0,0,0,0
262600,0,0,0,0,0,0
262700,1,0,0,0,0,0
262800,0,0,0,0,0,0
262900,1,0,0,0,0,0
263000,0,0,0,0,0,0
263100,2,0,0,0,0,0
263200,0,0,0,0,0,0
263300,1,0,0,0,0,0
263400,0,0,0,0,2,0
263500,3,0,0,0,0,0
263600,0,0,0,0,1,0
263700,0,0,0,0,0,0
263800,1,0,0,0,0,0
263900,0,0,0,0,0,0
264000,2,0,0,0,0,0
264100,2,0,0,0,0,0
264200,1,0,0,0,0,0
264300,1,0,0,0,1,0
264400,0,0,0,0,0,0
264500,1,0,0,0,0,0
264600,0,0,0,0,0,0
264700,0,0,0,0,0,0
264800,0,0,0,0,0,0
264900,0,0,0,0,0,0
265000,1,0,0,0,0,0
265100,1,0,0,0,0,0
265200,2,0,0,0,0,0
265300,0,0,0,0,0,0
265400,1,0,0,0,0,0
265500,3,0,0,0,0,0
265600,0,0,0,0,0,0
265700,0,0,0,0,0,0
265800,1,0,0,0,0,0
265900,1,0,0,0,0,0
266000,1,0,0,0,0,0
266100,0,0,0,0,0,0
266200,0,0,0,0,0,0
266300,0,0,0,0,0,0
266400,1,0,0,0,1,0
266500,0,0,0,0,0,0
266600,1,0,1,0,1,0
266700,1,0,0,0,0,0
266800,0,0,0,0,0,0
266900,0,0,0,0,0,0
267000,0,0,0,0,0,0
267100,0,0,0,0,0,0
267200,0,0,0,0,0,0
267300,0,0,0,0,0,0
267400,0,0,0,0,0,0
267500,1,0,0,0,0,0
267600,0,0,0,0,0,0
267700,1,0,0,0,1,0
267800,0,0,0,0,0,0
267900,0,0,0,0,0,0
268000,0,0,0,0,0,0
268100,0,0,0,0,1,0
268200,0,0,0,0,1,0
268300,0,0,0,0,0,0
268400,2,0,0,0,0,0
268500,0,0,0,0,0,0
268600,0,0,0,0,0,0
268700,1,0,0,0,0,0
268800,1,0,0,0,0,0
268900,0,0,0,0,0,0
269000,1,0,0,0,0,0
269100,0,0,0,0,0,0
269200,0,0,0,0,0,0
269300,0,0,0,0,0,0
269400,0,0,0,0,0,0
269500,2,0,0,0,0,0
269600,1,0,0,0,0,0
269700,2,0,0,0,0,0
269800,0,0,0,0,0,0
269900,0,0,0,0,0,0
270000,0,0,0,0,0,0
270100,1,0,0,0,0,0
270200,0,0,0,0,1,0
270300,0,0,0,0,0,0
270400,0,0,0,0,0,0
270500,0,0,0,0,0,0
270600,1,0,0,0,0,0
270700,0,0,0,0,0,0
270800,1,0,0,0,0,0
270900,0,0,0,0,0,0
271000,0,0,0,0,0,0
271100,1,0,0,0,1,0
271200,0,0,0,0,0,0
271300,1,0,0,0,0,0
271400,0,0,0,0,0,0
271500,0,0,0,0,1,0
271600,0,0,0,0,0,0
271700,0,0,0,0,0,0
271800,2,0,0,0,0,0
271900,0,0,0,0,1,0
272000,0,0,0,0,0,0
272100,2,0,0,0,0,0
272200,0,0,0,0,0,0
272300,0,0,0,0,0,0
272400,0,0,0,0,0,0
272500,0,0,0,0,0,0
272600,0,0,1,0,0,0
272700,0,0,0,0,0,0
272800,0,0,0,0,0,0
272900,1,0,0,0,1,0
273000,0,0,0,0,0,0
273100,0,0,0,0,0,0
273200,0,0,0,0,0,0
273300,0,0,0,0,0,0
273400,0,0,0,0,0,0
273500,0,0,0,0,0,0
273600,0,0,0,0,0,0
273700,0,0,0,0,0,0
273800,0,0,0,0,0,0
273900,0,0,0,0,0,0
274000,0,0,0,0,0,0
274100,0,0,0,0,1,0
274200,1,0,0,0,0,0
274300,0,0,0,0,0,0
274400,1,0,0,0,0,0
274500,1,0,0,0,0,0
274600,0,0,0,0,0,0
274700,1,0,0,0,0,0
274800,0,0,0,0,0,0
274900,0,0,0,0,0,0
275000,1,0,0,0,1,0
275100,0,0,0,0,0,0
275200,2,0,0,0,0,0
275300,0,0,0,0,0,0
275400,1,0,0,0,0,0
275500,3,0,0,0,0,0
275600,0,0,0,0,0,0
275700,1,0,0,0,0,0
275800,0,0,0,0,0,0
275900,0,0,0,0,0,0
276000,0,0,0,0,0,0
276100,1,0,0,0,0,0
276200,1,0,0,0,0,0
276300,0,0,0,0,0,0
276400,0,0,0,0,0,0
276500,0,0,0,0,0,0
276600,2,0,0,0,1,0
276700,1,0,0,0,0,0
276800,1,0,0,0,0,0
276900,0,0,0,0,0,0
277000,1,0,0,0,1,0
277100,0,0,0,0,0,0
277200,0,0,0,0,0,0
277300,4,0,0,0,1,0
277400,0,0,1,0,0,0
277500,0,0,0,0,0,0
277600,2,0,0,0,0,0
277700,1,0,0,0,0,0
277800,2,0,0,0,0,0
277900,0,0,0,0,0,0
278000,1,0,0,0,0,0
278100,0,0,0,0,0,0
278200,2,0,0,0,0,0
278300,0,0,0,0,0,0
278400,1,0,0,0,0,0
278500,1,0,1,0,0,0
278600,0,0,0,0,0,0
278700,1,0,0,0,0,0
278800,0,0,0,0,0,0
278900,1,0,0,0,0,0
279000,1,0,0,0,0,0
279100,1,0,0,0,0,0
279200,1,0,0,0,0,0
279300,0,0,0,0,0,0
279400,1,0,0,0,0,0
279500,1,0,0,0,0,0
279600,0,0,0,0,0,0
279700,2,0,0,0,0,0
279800,1,0,0,0,0,0
279900,1,0,0,0,0,0
280000,0,0,0,0,0,0
280100,0,0,0,0,0,0
280200,0,0,0,0,0,0
280300,0,0,0,0,0,0
280400,2,0,0,0,0,0
280500,0,0,0,0,0,0
280600,1,0,0,0,0,0
280700,0,0,0,0,0,0
280800,0,0,0,0,0,0
280900,1,0,1,0,0,0
281000,0,0,0,0,0,0
281100,0,0,0,0,0,0
281200,0,0,0,0,0,0
281300,1,0,0,0,0,0
281400,0,0,0,0,0,0
281500,1,0,0,0,0,0
281600,0,0,0,0,0,0
281700,0,0,0,0,0,0
281800,2,0,0,0,0,0
281900,0,0,0,0,1,0
282000,3,0,0,0,0,0
282100,0,0,0,0,0,0
282200,0,0,0,0,0,0
282300,1,0,0,0,0,0
282400,0,0,0,0,0,0
282500,0,0,0,0,0,0
282600,2,0,0,0,0,0
282700,0,0,0,0,0,0
282800,0,0,0,0,1,0
282900,1,0,0,0,0,0
283000,0,0,0,0,0,0
283100,0,0,0,0,0,0
283200,0,0,0,0,0,0
283300,0,0,0,0,0,0
283400,2,0,0,0,1,0
283500,0,0,0,0,0,0
283600,0,0,0,0,0,0
283700,2,0,0,0,0,0
283800,0,0,0,0,0,0
283900,0,0,0,0,0,0
284000,1,0,0,0,0,0
284100,0,0,0,0,0,0
284200,0,0,0,0,0,0
284300,2,0,0,0,0,0
284400,0,0,0,0,0,0
284500,0,0,0,0,0,0
284600,0,0,0,0,0,0
284700,1,0,0,0,1,0
284800,1,0,0,0,0,0
284900,1,0,0,0,0,0
285000,0,0,0,0,0,0
285100,0,0,0,0,0,0
285200,1,0,0,0,0,0
285300,0,0,0,0,1,0
285400,1,0,0,0,0,0
285500,0,0,0,0,0,0
285600,0,0,0,0,0,0
285700,0,0,0,0,0,0
285800,1,0,0,0,0,0
285900,0,0,0,0,0,0
286000,0,0,0,0,0,0
286100,0,0,0,0,0,0
286200,1,0,0,0,0,0
286300,1,0,0,0,0,0
286400,0,0,0,0,0,0
286500,0,0,0,0,0,0
286600,1,0,0,0,0,0
286700,2,0,0,0,0,0
286800,0,0,0,0,0,0
286900,2,0,0,0,0,0
287000,1,0,0,0,0,0
287100,0,0,0,0,0,0
287200,0,0,0,0,0,0
287300,1,0,0,0,0,0
287400,0,0,0,0,0,0
287500,2,0,0,0,0,0
287600,3,0,0,0,0,0
287700,0,0,0,0,1,0
287800,1,0,0,0,0,0
287900,0,0,0,0,0,0
288000,1,0,0,0,1,0
288100,0,0,0,0,0,0
288200,0,0,0,0,0,0
288300,0,0,0,0,0,0
288400,1,0,0,0,1,0
288500,0,0,0,0,0,0
288600,0,0,0,0,0,0
288700,0,0,0,0,0,0
288800,0,0,0,0,0,0
288900,0,0,0,0,0,0
289000,1,0,0,0,0,0
289100,1,0,0,0,0,0
289200,1,0,0,0,0,0
289300,0,0,0,0,0,0
289400,0,0,0,0,0,0
289500,0,0,0,0,1,0
289600,0,0,0,0,0,0
289700,0,0,0,0,0,0
289800,0,0,0,0,0,0
289900,0,0,0,0,0,0
290000,0,0,0,0,0,0
290100,3,0,0,0,0,0
290200,1,0,0,0,0,0
290300,0,0,0,0,0,0
290400,1,0,0,0,0,0
290500,0,0,0,0,0,0
290600,1,0,0,0,0,0
290700,0,0,0,0,1,0
290800,0,0,0,0,0,0
290900,0,0,0,0,0,0
291000,0,0,0,0,0,0
291100,0,0,0,0,0,0
291200,0,0,0,0,0,0
291300,0,0,1,0,1,0
291400,1,0,0,0,0,0
291500,2,0,0,0,0,0
291600,2,0,0,0,0,0
291700,1,0,0,0,0,0
291800,0,0,0,0,0,0
291900,0,0,0,0,0,0
292000,1,0,0,0,0,0
292100,1,0,0,0,0,0
292200,0,0,0,0,0,0
292300,0,0,0,0,0,0
292400,0,0,0,0,0,0
292500,1,0,0,0,0,0
292600,0,0,0,0,0,0
292700,2,0,0,0,0,0
292800,0,0,0,0,0,0
292900,2,0,0,0,0,0
293000,0,0,0,0,0,0
293100,0,0,0,0,0,0
293200,0,0,0,0,0,0
293300,0,0,0,0,0,0
293400,0,0,0,0,0,0
293500,0,0,0,0,0,0
293600,2,0,0,0,0,0
293700,2,0,0,0,0,0
293800,1,0,0,0,0,0
293900,0,0,0,0,0,0
294000,1,0,0,0,0,0
294100,0,0,0,0,0,0
294200,0,0,0,0,0,0
294300,0,0,0,0,0,0
294400,0,0,0,0,0,0
294500,0,0,0,0,0,0
294600,0,0,0,0,0,0
294700,2,0,0,0,0,0
294800,0,0,0,0,1,0
294900,0,0,0,0,0,0
295000,1,0,0,0,0,0
295100,1,0,0,0,0,0
295200,1,0,0,0,0,0
295300,1,0,0,0,0,0
295400,0,0,0,0,0,0
295500,1,0,0,0,0,0
295600,2,0,0,0,0,0
295700,1,0,0,0,0,0
295800,1,0,0,0,0,0
295900,1,0,0,0,0,0
296000,0,0,0,0,0,0
296100,0,0,0,0,0,0
296200,1,0,0,0,0,0
296300,1,0,0,0,0,0
296400,0,0,0,0,0,0
296500,0,0,0,0,0,0
296600,1,0,0,0,0,0
296700,1,0,0,0,0,0
296800,0,0,0,0,0,0
296900,0,0,0,0,0,0
297000,0,0,0,0,0,0
297100,1,0,0,0,0,0
297200,1,0,0,0,0,0
297300,0,0,0,0,0,0
297400,1,0,0,0,0,0
297500,0,0,0,0,0,0
297600,1,0,0,0,0,0
297700,0,0,0,0,0,0
297800,0,0,0,0,0,0
297900,0,0,0,0,0,0
298000,0,0,0,0,0,0
298100,0,0,0,0,0,0
298200,1,0,0,0,1,0
298300,0,0,0,0,0,0
298400,0,0,0,0,0,0
298500,0,0,0,0,0,0
298600,0,0,0,0,0,0
298700,1,0,0,0,0,0
298800,0,0,0,0,0,0
298900,0,0,0,0,0,0
299000,0,0,0,0,0,0
299100,0,0,0,0,0,0
299200,0,0,0,0,0,0
299300,1,0,0,0,0,0
299400,0,0,0,0,0,0
299500,0,0,0,0,0,0
299600,0,0,0,0,0,0
299700,0,0,0,0,0,0
299800,1,0,0,0,0,0
299900,0,0,0,0,0,0
300000,0,0,0,0,0,0
300100,0,0,1,0,0,0
300200,0,0,0,0,0,0
300300,1,0,1,0,0,0
300400,0,0,0,0,0,0
300500,2,0,0,0,0,0
300600,1,0,0,0,0,0
300700,0,0,0,0,0,0
300800,0,0,0,0,0,0
300900,0,0,0,0,0,0
301000,0,0,0,0,0,0
301100,0,0,0,0,0,0
301200,1,0,0,0,0,0
301300,0,0,0,0,0,0
301400,2,0,0,0,0,0
301500,0,0,0,0,0,0
301600,0,0,0,0,1,0
301700,0,0,0,0,0,0
301800,1,0,0,0,0,0
301900,2,0,0,0,0,0
302000,0,0,0,0,0,0
302100,2,0,0,0,0,0
302200,0,0,0,0,0,0
302300,0,0,0,0,0,0
302400,0,0,0,0,0,0
302500,0,0,0,0,0,0
302600,0,0,0,0,0,0
302700,0,0,0,0,0,0
302800,2,0,0,0,0,0
302900,2,0,0,0,0,0
303000,0,0,0,0,1,0
303100,1,0,0,0,0,0
303200,0,0,0,0,0,0
303300,0,0,0,0,0,0
303400,2,0,0,0,0,0
303500,2,0,0,0,0,0
303600,0,0,0,0,0,0
303700,0,0,0,0,0,0
303800,0,0,0,0,0,0
303900,0,0,0,0,0,0
304000,0,0,0,0,0,0
304100,0,0,0,0,0,0
304200,0,0,0,0,0,0
304300,0,0,0,0,0,0
304400,0,0,0,0,0,0
304500,0,0,0,0,0,0
304600,0,0,0,0,0,0
304700,1,0,0,0,0,0
304800,0,0,0,0,0,0
304900,0,0,0,0,0,0
305000,0,0,0,0,0,0
305100,0,0,0,0,0,0
305200,1,0,0,0,0,0
305300,0,0,0,0,0,0
305400,1,0,0,0,0,0
305500,0,0,0,0,0,0
305600,0,0,0,0,1,0
305700,0,0,0,0,0,0
305800,0,0,0,0,1,0
305900,0,0,0,0,0,0
306000,0,0,0,0,0,0
306100,1,0,0,0,0,0
306200,1,0,0,0,0,0
306300,0,0,0,0,0,0
306400,1,0,0,0,0,0
306500,0,0,0,0,0,0
306600,1,0,0,0,0,0
306700,0,0,0,0,0,0
306800,0,0,0,0,0,0
306900,2,0,0,0,0,0
307000,0,0,0,0,0,0
307100,1,0,0,0,0,0
307200,0,0,0,0,0,0
307300,0,0,0,0,0,0
307400,0,0,0,0,0,0
307500,0,0,0,0,0,0
307600,0,0,0,0,0,0
307700,0,0,0,0,0,0
307800,0,0,0,0,0,0
307900,1,0,0,0,0,0
308000,0,0,0,0,0,0
308100,0,0,0,0,1,0
308200,0,0,0,0,0,0
308300,0,0,0,0,0,0
308400,0,0,0,0,0,0
308500,1,0,0,0,0,0
308600,0,0,0,0,0,0
308700,0,0,0,0,0,0
308800,1,0,0,0,0,0
308900,0,0,0,0,0,0
309000,0,0,0,0,0,0
309100,0,0,0,0,0,0
309200,0,0,0,0,0,0
309300,0,0,0,0,0,0
309400,0,0,0,0,0,0
309500,0,0,0,0,0,0
309600,0,0,0,0,0,0
309700,1,0,0,0,0,0
309800,0,0,0,0,0,0
309900,1,0,0,0,0,0
310000,0,0,0,0,0,0
310100,1,0,0,0,0,0
310200,0,0,0,0,0,0
310300,0,0,0,0,0,0
310400,0,0,0,0,0,0
310500,0,0,0,0,0,0
310600,0,0,0,0,0,0
310700,0,0,0,0,0,0
310800,0,0,0,0,0,0
310900,0,0,0,0,0,0
311000,1,0,0,0,0,0
311100,0,0,0,0,0,0
311200,0,0,0,0,0,0
311300,1,0,0,0,0,0
311400,0,0,0,0,0,0
311500,0,0,0,0,0,0
311600,3,0,1,0,0,0
311700,2,0,0,0,0,0
311800,2,0,0,0,0,0
311900,1,0,0,0,0,0
312000,1,0,0,0,0,0
312100,0,0,0,0,1,0
312200,0,0,0,0,1,0
312300,4,0,0,0,0,0
312400,3,0,0,0,0,0
312500,1,0,0,0,1,0
312600,1,0,0,0,0,0
312700,1,0,0,0,0,0
312800,2,0,0,0,0,0
312900,0,0,0,0,0,0
313000,3,0,0,0,0,0
313100,0,0,0,0,1,0
313200,1,0,0,0,0,0
313300,1,0,0,0,0,0
313400,2,0,0,0,0,0
313500,0,0,0,0,0,0
313600,1,0,0,0,0,0
313700,2,0,0,0,0,0
313800,0,0,0,0,0,0
313900,0,0,0,0,0,0
314000,0,0,0,0,0,0
314100,0,0,0,0,0,0
314200,1,0,0,0,0,0
314300,1,0,0,0,0,0
314400,0,0,0,0,0,0
314500,0,0,0,0,0,0
314600,0,0,0,0,0,0
314700,0,0,0,0,0,0
314800,1,0,0,0,0,0
314900,0,0,0,0,0,0
315000,2,0,0,0,0,0
315100,0,0,0,0,0,0
315200,0,0,0,0,0,0
315300,0,0,0,0,0,0
315400,0,0,0,0,0,0
315500,0,0,0,0,0,0
315600,1,0,0,0,0,0
315700,0,0,0,0,0,0
315800,0,0,0,0,0,0
315900,0,0,0,0,0,0
316000,1,0,0,0,0,0
316100,0,0,0,0,0,0
316200,0,0,0,0,0,0
316300,0,0,0,0,0,0
316400,1,0,0,0,0,0
316500,0,0,0,0,0,0
316600,0,0,0,0,0,0
316700,0,0,0,0,0,0
316800,0,0,0,0,0,0
316900,0,0,0,0,0,0
317000,0,0,0,0,0,0
317100,0,0,0,0,0,0
317200,0,0,0,0,0,0
317300,0,0,0,0,0,0
317400,0,0,0,0,0,0
317500,0,0,0,0,0,0
317600,0,0,0,0,0,0
317700,1,0,0,0,0,0
317800,0,0,0,0,0,0
317900,0,0,0,0,0,0
318000,0,0,0,0,0,0
318100,0,0,0,0,0,0
318200,1,0,0,0,0,0
318300,0,0,0,0,0,0
318400,1,0,0,0,0,0
318500,1,0,0,0,1,0
318600,0,0,0,0,0,0
318700,0,0,0,0,0,0
318800,0,0,0,0,0,0
318900,1,0,0,0,0,0
319000,1,0,0,0,0,0
319100,0,0,0,0,0,0
319200,1,0,0,0,0,0
319300,0,0,0,0,0,0
319400,0,0,0,0,0,0
319500,1,0,0,0,0,0
319600,0,0,0,0,0,0
319700,0,0,0,0,0,0
319800,0,0,0,0,0,0
319900,0,0,0,0,0,0
320000,0,0,0,0,0,0
320100,2,0,0,0,0,0
320200,0,0,0,0,0,0
320300,0,0,0,0,0,0
320400,2,0,0,0,0,0
320500,0,0,0,0,0,0
320600,2,0,0,0,0,0
320700,0,0,0,0,0,0
320800,0,0,0,0,0,0
320900,0,0,0,0,0,0
321000,0,0,0,0,0,0
321100,0,0,0,0,0,0
321200,0,0,0,0,0,0
321300,0,0,0,0,0,0
321400,0,0,0,0,0,0
321500,0,0,0,0,0,0
321600,0,0,0,0,0,0
321700,0,0,0,0,0,0
321800,1,0,0,0,0,0
321900,0,0,0,0,0,0
322000,0,0,1,0,0,0
322100,0,0,0,0,0,0
322200,1,0,0,0,0,0
322300,0,0,0,0,0,0
322400,0,0,0,0,0,0
322500,0,0,0,0,0,0
322600,1,0,0,0,0,0
322700,0,0,0,0,0,0
322800,0,0,0,0,0,0
322900,1,0,0,0,0,0
323000,0,0,0,0,0,0
323100,0,0,0,0,0,0
323200,0,0,0,0,0,0
323300,0,0,0,0,0,0
323400,0,0,0,0,0,0
323500,0,0,0,0,0,0
323600,0,0,0,0,0,0
323700,0,0,0,0,0,0
323800,0,0,0,0,0,0
323900,1,0,0,0,0,0
324000,1,0,0,0,0,0
324100,0,0,0,0,0,0
324200,1,0,0,0,0,0
324300,0,0,0,0,0,0
324400,0,0,0,0,0,0
324500,0,0,0,0,0,0
324600,1,0,0,0,1,0
324700,0,0,0,0,0,0
324800,0,0,0,0,0,0
324900,0,0,0,0,0,0
325000,0,0,0,0,0,0
325100,0,0,0,0,0,0
325200,0,0,0,0,0,0
325300,0,0,0,0,0,0
325400,0,0,0,0,0,0
325500,0,0,0,0,0,0
325600,0,0,0,0,0,0
325700,1,0,0,0,0,0
325800,0,0,0,0,0,0
325900,0,0,0,0,0,0
326000,0,0,0,0,0,0
326100,0,0,0,0,0,0
326200,0,0,0,0,0,0
326300,0,0,0,0,0,0
326400,0,0,0,0,0,0
326500,0,0,0,0,0,0
326600,2,0,0,0,0,0
326700,0,0,0,0,0,0
326800,0,0,0,0,0,0
326900,0,0,0,0,1,0
327000,1,0,0,0,0,0
327100,0,0,0,0,0,0
327200,0,0,0,0,0,0
327300,0,0,0,0,0,0
327400,0,0,0,0,0,0
327500,0,0,0,0,0,0
327600,1,0,0,0,0,0
327700,1,0,0,0,0,0
327800,0,0,0,0,0,0
327900,0,0,0,0,0,0
328000,1,0,0,0,0,0
328100,1,0,0,0,0,0
328200,0,0,0,0,0,0
328300,0,0,0,0,0,0
328400,1,0,0,0,0,0
328500,0,0,0,0,0,0
328600,0,0,0,0,0,0
328700,0,0,0,0,0,0
328800,0,0,0,0,0,0
328900,0,0,0,0,0,0
329000,0,0,0,0,0,0
329100,0,0,0,0,0,0
329200,0,0,0,0,0,0
329300,0,0,0,0,1,0
329400,0,0,0,0,0,0
329500,0,0,0,0,0,0
329600,0,0,0,0,0,0
329700,0,0,0,0,0,0
329800,0,0,0,0,0,0
329900,1,0,0,0,0,0
330000,0,0,0,0,0,0
330100,0,0,0,0,0,0
330200,0,0,0,0,0,0
330300,0,0,0,0,0,0
330400,0,0,0,0,0,0
330500,0,0,0,0,0,0
330600,0,0,0,0,0,0
330700,0,0,0,0,0,0
330800,0,0,0,0,0,0
330900,0,0,0,0,0,0
331000,0,0,0,0,0,0
331100,0,0,0,0,0,0
331200,0,0,0,0,0,0
331300,0,0,0,0,0,0
331400,0,0,0,0,0,0
331500,1,0,0,0,0,0
331600,1,0,0,0,0,0
331700,0,0,0,0,0,0
331800,0,0,0,0,0,0
331900,0,0,0,0,0,0
332000,0,0,0,0,0,0
332100,0,0,0,0,0,0
332200,0,0,0,0,0,0
332300,0,0,0,0,0,0
332400,0,0,0,0,0,0
332500,1,0,0,0,0,0
332600,0,0,0,0,0,0
332700,1,0,0,0,0,0
332800,0,0,0,0,0,0
332900,0,0,0,0,0,0
333000,0,0,0,0,0,0
333100,0,0,0,0,0,0
333200,0,0,0,0,0,0
333300,1,0,0,0,0,0
333400,0,0,0,0,0,0
333500,1,0,0,0,0,0
333600,0,0,0,0,0,0
333700,0,0,0,0,0,0
333800,0,0,0,0,0,0
333900,0,0,0,0,0,0
334000,0,0,0,0,0,0
334100,1,0,0,0,0,0
334200,0,0,0,0,0,0
334300,0,0,0,0,0,0
334400,0,0,0,0,0,0
334500,1,0,0,0,0,0
334600,0,0,0,0,0,0
334700,0,0,0,0,0,0
334800,0,0,0,0,0,0
334900,0,0,0,0,0,0
335000,0,0,0,0,0,0
335100,0,0,0,0,0,0
335200,0,0,0,0,0,0
335300,0,0,0,0,0,0
335400,1,0,0,0,0,0
335500,0,0,0,0,0,0
335600,1,0,0,0,0,0
335700,0,0,0,0,0,0
335800,0,0,0,0,0,0
335900,1,0,0,0,0,0
336000,1,0,0,0,0,0
336100,0,0,0,0,0,0
336200,0,0,0,0,0,0
336300,1,0,0,0,0,0
336400,0,0,0,0,0,0
336500,1,0,0,0,0,0
336600,0,0,0,0,0,0
336700,0,0,0,0,0,0
336800,1,0,0,0,0,0
336900,0,0,0,0,0,0
337000,0,0,0,0,0,0
337100,0,0,0,0,0,0
337200,0,0,0,0,0,0
337300,2,0,0,0,0,0
337400,0,0,0,0,0,0
337500,0,0,0,0,0,0
337600,0,0,0,0,0,0
337700,0,0,0,0,0,0
337800,0,0,0,0,0,0
337900,0,0,0,0,0,0
338000,0,0,0,0,0,0
338100,0,0,0,0,0,0
338200,0,0,0,0,0,0
338300,0,0,0,0,0,0
338400,0,0,0,0,0,0
338500,1,0,0,0,0,0
338600,0,0,0,0,0,0
338700,0,0,0,0,0,0
338800,0,0,0,0,0,0
338900,0,0,0,0,0,0
339000,0,0,0,0,0,0
339100,0,0,0,0,0,0
339200,0,0,0,0,0,0
339300,0,0,0,0,0,0
339400,0,0,0,0,0,0
339500,0,0,0,0,0,0
339600,0,0,0,0,0,0
339700,0,0,0,0,0,0
339800,0,0,0,0,0,0
339900,0,0,0,0,0,0
340000,2,0,0,0,0,0
340100,0,0,0,0,0,0
340200,0,0,0,0,0,0
340300,0,0,0,0,0,0
340400,0,0,0,0,0,0
340500,0,0,0,0,0,0
340600,0,0,0,0,0,0
340700,0,0,0,0,0,0
340800,0,0,0,0,0,0
340900,0,0,0,0,0,0
341000,0,0,0,0,0,0
341100,0,0,0,0,0,0
341200,0,0,0,0,0,0
341300,0,0,0,0,0,0
341400,0,0,0,0,0,0
341500,0,0,0,0,0,0
341600,0,0,0,0,0,0
341700,0,0,0,0,0,0
341800,2,0,0,0,0,0
341900,0,0,0,0,0,0
342000,0,0,0,0,0,0
342100,0,0,0,0,0,0
342200,0,0,0,0,0,0
342300,0,0,0,0,0,0
342400,0,0,0,0,0,0
342500,1,0,0,0,0,0
342600,0,0,0,0,0,0
342700,0,0,0,0,0,0
342800,0,0,0,0,0,0
342900,0,0,0,0,0,0
343000,0,0,0,0,0,0
343100,0,0,0,0,0,0
343200,0,0,0,0,0,0
343300,0,0,0,0,0,0
343400,1,0,0,0,0,0
343500,1,0,0,0,0,0
343600,0,0,0,0,0,0
343700,0,0,0,0,0,0
343800,0,0,0,0,0,0
343900,0,0,0,0,0,0
344000,0,0,0,0,0,0
344100,2,0,0,0,0,0
344200,0,0,0,0,0,0
344300,0,0,0,0,0,0
344400,1,0,0,0,0,0
344500,0,0,0,0,0,0
344600,0,0,0,0,0,0
344700,0,0,0,0,0,0
344800,0,0,0,0,0,0
344900,0,0,0,0,0,0
345000,0,0,0,0,0,0
345100,0,0,0,0,0,0
345200,0,0,0,0,0,0
345300,0,0,0,0,0,0
345400,1,0,0,0,0,0
345500,0,0,0,0,0,0
345600,0,0,0,0,0,0
345700,0,0,0,0,0,0
345800,0,0,0,0,0,0
345900,0,0,0,0,0,0
346000,0,0,0,0,0,0
346100,0,0,0,0,0,0
346200,0,0,0,0,0,0
346300,0,0,0,0,0,0
346400,0,0,0,0,0,0
346500,0,0,0,0,0,0
346600,0,0,0,0,0,0
346700,0,0,0,0,0,0
346800,0,0,0,0,0,0
346900,0,0,0,0,0,0
347000,0,0,0,0,0,0
347100,0,0,0,0,0,0
347200,0,0,0,0,0,0
347300,0,0,0,0,0,0
347400,0,0,0,0,0,0
347500,0,0,0,0,0,0
347600,0,0,0,0,0,0
347700,0,0,0,0,0,0
347800,0,0,0,0,0,0
347900,1,0,0,0,0,0
348000,0,0,0,0,0,0
348100,0,0,0,0,0,0
348200,0,0,0,0,0,0
348300,0,0,0,0,0,0
348400,0,0,0,0,0,0
348500,0,0,0,0,0,0
348600,0,0,0,0,0,0
348700,0,0,0,0,0,0
348800,1,0,0,0,0,0
348900,0,0,0,0,0,0
349000,0,0,0,0,0,0
349100,0,0,0,0,0,0
349200,0,0,0,0,0,0
349300,0,0,0,0,0,0
349400,0,0,0,0,0,0
349500,0,0,0,0,0,0
349600,0,0,0,0,0,0
349700,0,0,0,0,0,0
349800,1,0,0,0,0,0
349900,0,0,0,0,0,0
350000,0,0,0,0,0,0
350100,1,0,0,0,0,0
350200,1,0,0,0,0,0
350300,1,0,0,0,0,0
350400,0,0,0,0,0,0
350500,0,0,0,0,0,0
350600,0,0,0,0,0,0
350700,0,0,0,0,0,0
350800,0,0,0,0,0,0
350900,0,0,0,0,0,0
351000,0,0,0,0,0,0
351100,0,0,0,0,0,0
351200,0,0,0,0,0,0
351300,0,0,0,0,0,0
351400,0,0,0,0,0,0
351500,2,0,0,0,0,0
351600,0,0,0,0,0,0
351700,0,0,0,0,0,0
351800,0,0,0,0,0,0
351900,0,0,0,0,0,0
352000,0,0,0,0,0,0
352100,0,0,0,0,0,0
352200,0,0,0,0,0,0
352300,0,0,0,0,0,0
352400,2,0,0,0,0,0
352500,0,0,0,0,0,0
352600,0,0,0,0,0,0
352700,0,0,0,0,0,0
352800,0,0,0,0,0,0
352900,0,0,0,0,0,0
353000,0,0,0,0,0,0
353100,0,0,0,0,0,0
353200,0,0,0,0,0,0
353300,0,0,0,0,0,0
353400,0,0,0,0,0,0
353500,1,0,0,0,0,0
353600,0,0,0,0,0,0
353700,0,0,0,0,0,0
353800,0,0,0,0,0,0
353900,0,0,0,0,0,0
354000,1,0,0,0,0,0
354100,0,0,0,0,0,0
354200,0,0,0,0,0,0
354300,0,0,0,0,0,0
354400,0,0,0,0,0,0
354500,0,0,0,0,0,0
354600,0,0,0,0,0,0
354700,0,0,0,0,0,0
354800,0,0,0,0,0,0
354900,0,0,0,0,0,0
355000,0,0,0,0,0,0
355100,0,0,0,0,0,0
355200,1,0,0,0,0,0
355300,0,0,0,0,0,0
355400,0,0,0,0,0,0
355500,2,0,0,0,0,0
355600,0,0,0,0,0,0
355700,0,0,0,0,0,0
355800,0,0,0,0,0,0
355900,0,0,0,0,0,0
356000,0,0,0,0,0,0
356100,0,0,0,0,0,0
356200,0,0,0,0,0,0
356300,0,0,0,0,0,0
356400,0,0,0,0,0,0
356500,1,0,0,0,0,0
356600,0,0,0,0,0,0
356700,0,0,0,0,0,0
356800,0,0,0,0,0,0
356900,0,0,0,0,0,0
357000,0,0,0,0,0,0
357100,0,0,0,0,0,0
357200,0,0,0,0,0,0
357300,0,0,0,0,0,0
357400,0,0,0,0,0,0
357500,0,0,0,0,0,0
357600,0,0,0,0,0,0
357700,0,0,0,0,0,0
357800,0,0,0,0,0,0
357900,0,0,0,0,0,0
358000,0,0,0,0,0,0
358100,0,0,0,0,0,0
358200,0,0,0,0,0,0
358300,0,0,0,0,0,0
358400,0,0,0,0,0,0
358500,0,0,0,0,0,0
358600,0,0,1,0,0,0
358700,0,0,1,0,0,0
358800,0,0,0,0,0,0
358900,0,0,0,0,0,0
359000,0,0,0,0,0,0
359100,0,0,0,0,0,0
359200,0,0,0,0,0,0
359300,0,0,0,0,0,0
359400,0,0,0,0,0,0
359500,0,0,0,0,0,0
359600,0,0,0,0,0,0
359700,1,0,0,0,0,0
359800,0,0,0,0,0,0
359900,0,0,0,0,0,0
360000,0,0,0,0,0,0
360100,0,0,0,0,0,0
360200,0,0,0,0,0,0
360300,1,0,0,0,0,0
360400,0,0,0,0,0,0
360500,0,0,0,0,0,0
360600,1,0,0,0,0,0
360700,0,0,0,0,0,0
360800,0,0,0,0,0,0
360900,0,0,0,0,0,0
361000,0,0,0,0,0,0
361100,0,0,0,0,0,0
361200,0,0,0,0,0,0
361300,0,0,0,0,0,0
361400,0,0,0,0,0,0
361500,0,0,0,0,0,0
361600,0,0,0,0,0,0
361700,0,0,0,0,1,0
361800,0,0,0,0,0,0
361900,0,0,1,0,0,0
362000,0,0,0,0,0,0
362100,0,0,0,0,0,0
362200,0,0,0,0,0,0
362300,0,0,0,0,0,0
362400,0,0,0,0,0,0
362500,0,0,0,0,0,0
362600,0,0,0,0,0,0
362700,0,0,0,0,0,0
362800,0,0,0,0,0,0
362900,0,0,0,0,0,0
363000,0,0,0,0,0,0
363100,0,0,0,0,0,0
363200,0,0,0,0,0,0
363300,0,0,0,0,0,0
363400,0,0,0,0,2,0
363500,1,0,0,0,0,0
363600,0,0,0,0,0,0
363700,0,0,0,0,0,0
363800,0,0,0,0,0,0
363900,0,0,0,0,0,0
364000,0,0,0,0,0,0
364100,0,0,0,0,0,0
364200,0,0,0,0,0,0
364300,0,0,0,0,0,0
364400,0,0,0,0,0,0
364500,0,0,0,0,0,0
364600,0,0,0,0,0,0
364700,0,0,0,0,0,0
364800,0,0,0,0,1,0
364900,0,0,0,0,0,0
365000,0,0,0,0,0,0
365100,0,0,0,0,0,0
365200,0,0,0,0,0,0
365300,0,0,0,0,0,0
365400,0,0,0,0,1,0
365500,0,0,0,0,0,0
365600,0,0,0,0,0,0
365700,0,0,0,0,0,0
365800,0,0,0,0,0,0
365900,0,0,0,0,0,0
366000,0,0,0,0,0,0
366100,0,0,0,0,0,0
366200,0,0,0,0,0,0
366300,0,0,0,0,0,0
366400,0,0,0,0,0,0
366500,0,0,0,0,0,0
366600,0,0,0,0,0,0
366700,0,0,0,0,0,0
366800,0,0,0,0,0,0
366900,0,0,0,0,0,0
367000,0,0,0,0,0,0
367100,0,0,0,0,0,0
367200,0,0,0,0,0,0
367300,0,0,0,0,0,0
367400,0,0,0,0,0,0
367500,1,0,0,0,0,0
367600,0,0,0,0,0,0
367700,0,0,0,0,1,0
367800,0,0,0,0,0,0
367900,0,0,0,0,1,0
368000,0,0,0,0,0,0
368100,0,0,0,0,0,0
368200,1,0,0,0,0,0
368300,0,0,0,0,0,0
368400,0,0,0,0,1,0
368500,0,0,0,0,0,0
368600,0,0,0,0,0,0
368700,0,0,0,0,0,0
368800,0,0,0,0,0,0
368900,0,0,0,0,0,0
369000,0,0,0,0,0,0
369100,0,0,0,0,0,0
369200,0,0,0,0,0,0
369300,0,0,0,0,0,0
369400,0,0,0,0,0,0
369500,0,0,0,0,0,0
369600,0,0,0,0,0,0
369700,0,0,0,0,0,0
369800,0,0,0,0,0,0
369900,0,0,0,0,0,0
370000,0,0,0,0,0,0
370100,0,0,0,0,0,0
370200,0,0,0,0,0,0
370300,0,0,0,0,0,0
370400,0,0,0,0,0,0
370500,1,0,0,0,0,0
370600,0,0,0,0,0,0
370700,0,0,0,0,0,0
370800,0,0,0,0,0,0
370900,0,0,0,0,0,0
371000,0,0,0,0,0,0
371100,0,0,0,0,0,0
371200,0,0,0,0,0,0
371300,0,0,0,0,0,0
371400,0,0,0,0,0,0
371500,0,0,0,0,0,0
371600,1,0,0,0,0,0
371700,0,0,0,0,0,0
371800,0,0,0,0,0,0
371900,1,0,0,0,0,0
372000,1,0,0,0,0,0
372100,1,0,0,0,0,0
372200,0,0,0,0,0,0
372300,0,0,0,0,0,0
372400,0,0,0,0,0,0
372500,0,0,0,0,0,0
372600,0,0,0,0,0,0
372700,1,0,0,0,0,0
372800,0,0,0,0,0,0
372900,0,0,0,0,0,0
373000,0,0,0,0,0,0
373100,0,0,0,0,0,0
373200,0,0,0,0,0,0
373300,0,0,0,0,0,0
373400,2,0,0,0,1,0
373500,0,0,0,0,0,0
373600,0,0,0,0,0,0
373700,2,0,0,0,0,0
373800,0,0,0,0,0,0
373900,0,0,0,0,0,0
374000,1,0,0,0,0,0
374100,0,0,0,0,0,0
374200,0,0,0,0,0,0
374300,0,0,0,0,0,0
374400,0,0,0,0,0,0
374500,0,0,0,0,0,0
374600,0,0,0,0,0,0
374700,0,0,0,0,0,0
374800,1,0,0,0,0,0
374900,0,0,0,0,0,0
375000,0,0,0,0,0,0
375100,0,0,0,0,0,0
375200,0,0,0,0,0,0
375300,1,0,0,0,0,0
375400,0,0,0,0,0,0
375500,0,0,0,0,0,0
375600,0,0,0,0,0,0
375700,0,0,0,0,0,0
375800,0,0,0,0,0,0
375900,0,0,0,0,0,0
376000,0,0,0,0,0,0
376100,0,0,0,0,0,0
376200,0,0,0,0,0,0
376300,0,0,0,0,0,0
376400,0,0,0,0,0,0
376500,0,0,0,0,0,0
376600,1,0,0,0,0,0
376700,0,0,0,0,0,0
376800,0,0,0,0,0,0
376900,0,0,0,0,0,0
377000,0,0,0,0,0,0
377100,0,0,0,0,0,0
377200,1,0,0,0,0,0
377300,0,0,0,0,0,0
377400,1,0,0,0,0,0
377500,0,0,0,0,0,0
377600,0,0,0,0,0,0
377700,0,0,0,0,0,0
377800,0,0,1,0,0,0
377900,0,0,0,0,0,0
378000,0,0,0,0,0,0
378100,0,0,0,0,0,0
378200,0,0,0,0,0,0
378300,1,0,0,0,0,0
378400,0,0,0,0,0,0
378500,0,0,0,0,0,0
378600,0,0,0,0,0,0
378700,0,0,0,0,0,0
378800,0,0,0,0,0,0
378900,0,0,0,0,0,0
379000,0,0,0,0,0,0
379100,0,0,0,0,0,0
379200,0,0,0,0,0,0
379300,0,0,0,0,1,0
379400,0,0,0,0,0,0
379500,0,0,0,0,0,0
379600,0,0,0,0,0,0
379700,0,0,0,0,0,0
379800,0,0,0,0,0,0
379900,0,0,0,0,0,0
380000,0,0,0,0,0,0
380100,1,0,0,0,0,0
380200,0,0,0,0,0,0
380300,0,0,0,0,0,0
380400,0,0,0,0,0,0
380500,0,0,0,0,0,0
380600,0,0,0,0,0,0
380700,0,0,0,0,0,0
380800,0,0,0,0,0,0
380900,0,0,0,0,0,0
381000,0,0,0,0,0,0
381100,0,0,0,0,0,0
381200,0,0,0,0,0,0
381300,0,0,0,0,1,0
381400,0,0,0,0,0,0
381500,0,0,0,0,0,0
381600,0,0,0,0,0,0
381700,0,0,0,0,0,0
381800,0,0,0,0,0,0
381900,0,0,0,0,0,0
382000,0,0,0,0,0,0
382100,1,0,0,0,0,0
382200,0,0,0,0,0,0
382300,0,0,0,0,0,0
382400,0,0,0,0,0,0
382500,0,0,0,0,0,0
382600,0,0,0,0,0,0
382700,0,0,0,0,0,0
382800,0,0,0,0,0,0
382900,0,0,0,0,0,0
383000,0,0,0,0,0,0
383100,0,0,0,0,0,0
383200,0,0,0,0,0,0
383300,0,0,0,0,0,0
383400,0,0,0,0,1,0
383500,0,0,0,0,0,0
383600,0,0,0,0,0,0
383700,0,0,0,0,0,0
383800,0,0,0,0,0,0
383900,0,0,0,0,0,0
384000,0,0,0,0,0,0
384100,0,0,0,0,0,0
384200,1,0,0,0,0,0
384300,0,0,0,0,0,0
384400,0,0,0,0,0,0
384500,1,0,0,0,0,0
384600,1,0,0,0,0,0
384700,0,0,0,0,0,0
384800,0,0,0,0,0,0
384900,0,0,0,0,0,0
385000,0,0,0,0,0,0
385100,0,0,0,0,0,0
385200,0,0,0,0,0,0
385300,0,0,0,0,0,0
385400,0,0,0,0,0,0
385500,0,0,0,0,0,0
385600,0,0,0,0,0,0
385700,0,0,0,0,0,0
385800,0,0,0,0,0,0
385900,0,0,0,0,0,0
386000,0,0,0,0,0,0
386100,1,0,0,0,0,0
386200,0,0,0,0,0,0
386300,0,0,0,0,0,0
386400,0,0,0,0,0,0
386500,0,0,0,0,0,0
386600,0,0,0,0,0,0
386700,0,0,0,0,0,0
386800,0,0,0,0,0,0
386900,0,0,0,0,0,0
387000,0,0,0,0,0,0
387100,0,0,0,0,0,0
387200,1,0,0,0,0,0
387300,0,0,0,0,0,0
387400,0,0,0,0,0,0
387500,0,0,0,0,0,0
387600,0,0,0,0,0,0
387700,0,0,0,0,0,0
387800,0,0,0,0,0,0
387900,0,0,0,0,0,0
388000,0,0,0,0,0,0
388100,0,0,0,0,0,0
388200,0,0,0,0,0,0
388300,0,0,0,0,0,0
388400,1,0,0,0,0,0
388500,1,0,0,0,0,0
388600,0,0,0,0,0,0
388700,1,0,0,0,0,0
388800,0,0,0,0,0,0
388900,0,0,0,0,0,0
389000,0,0,0,0,0,0
389100,0,0,0,0,0,0
389200,0,0,0,0,0,0
389300,0,0,0,0,0,0
389400,0,0,0,0,0,0
389500,0,0,0,0,0,0
389600,1,0,0,0,0,0
389700,0,0,0,0,0,0
389800,0,0,0,0,0,0
389900,0,0,0,0,0,0
390000,0,0,0,0,0,0
390100,0,0,0,0,0,0
390200,0,0,0,0,0,0
390300,0,0,0,0,0,0
390400,0,0,0,0,0,0
390500,0,0,0,0,0,0
390600,0,0,0,0,0,0
390700,1,0,0,0,0,0
390800,0,0,0,0,0,0
390900,1,0,0,0,0,0
391000,0,0,0,0,0,0
391100,0,0,0,0,0,0
391200,0,0,0,0,0,0
391300,0,0,0,0,0,0
391400,0,0,0,0,0,0
391500,0,0,0,0,0,0
391600,1,0,0,0,0,0
391700,0,0,0,0,0,0
391800,0,0,0,0,0,0
391900,0,0,0,0,0,0
392000,0,0,0,0,0,0
392100,0,0,0,0,0,0
392200,0,0,0,0,0,0
392300,0,0,0,0,0,0
392400,0,0,0,0,0,0
392500,0,0,0,0,0,0
392600,0,0,0,0,0,0
392700,0,0,0,0,0,0
392800,0,0,0,0,0,0
392900,0,0,0,0,0,0
393000,0,0,0,0,0,0
393100,0,0,0,0,0,0
393200,0,0,0,0,0,0
393300,0,0,0,0,0,0
393400,2,0,0,0,0,0
393500,0,0,0,0,0,0
393600,0,0,0,0,0,0
393700,0,0,0,0,0,0
393800,0,0,0,0,0,0
393900,0,0,0,0,0,0
394000,0,0,0,0,0,0
394100,1,0,0,0,0,0
394200,0,0,0,0,0,0
394300,0,0,0,0,0,0
394400,0,0,0,0,0,0
394500,0,0,0,0,0,0
394600,0,0,0,0,0,0
394700,1,0,0,0,0,0
394800,0,0,0,0,0,0
394900,0,0,0,0,0,0
395000,0,0,0,0,0,0
395100,0,0,0,0,0,0
395200,0,0,0,0,0,0
395300,0,0,0,0,0,0
395400,0,0,0,0,0,0
395500,0,0,0,0,0,0
395600,0,0,0,0,0,0
395700,0,0,0,0,0,0
395800,0,0,0,0,0,0
395900,0,0,0,0,0,0
396000,0,0,0,0,0,0
396100,1,0,0,0,0,0
396200,0,0,0,0,0,0
396300,1,0,0,0,0,0
396400,1,0,0,0,0,0
396500,0,0,0,0,0,0
396600,1,0,0,0,0,0
396700,1,0,0,0,0,0
396800,0,0,0,0,0,0
396900,0,0,0,0,0,0
397000,0,0,0,0,0,0
397100,0,0,0,0,0,0
397200,0,0,0,0,0,0
397300,0,0,0,0,0,0
397400,0,0,0,0,0,0
397500,0,0,0,0,0,0
397600,0,0,0,0,0,0
397700,0,0,0,0,0,0
397800,0,0,0,0,0,0
397900,0,0,0,0,0,0
398000,0,0,0,0,0,0
398100,0,0,0,0,0,0
398200,1,0,0,0,0,0
398300,1,0,0,0,0,0
398400,0,0,0,0,0,0
398500,0,0,0,0,0,0
398600,0,0,0,0,0,0
398700,0,0,0,0,0,0
398800,0,0,0,0,0,0
398900,0,0,0,0,0,0
399000,0,0,0,0,0,0
399100,0,0,0,0,0,0
399200,0,0,0,0,0,0
399300,0,0,0,0,0,0
399400,0,0,0,0,0,0
399500,0,0,0,0,0,0
399600,0,0,0,0,0,0
399700,0,0,0,0,0,0
399800,0,0,0,0,0,0
399900,0,0,0,0,0,0
400000,0,0,0,0,0,0
400100,0,0,0,0,0,0
400200,0,0,0,0,0,0
400300,1,0,0,0,0,0
400400,0,0,0,0,0,0
400500,0,0,0,0,0,0
400600,1,0,0,0,0,0
400700,0,0,0,0,0,0
400800,0,0,0,0,0,0
400900,0,0,0,0,0,0
401000,0,0,0,0,0,0
401100,0,0,0,0,0,0
401200,0,0,0,0,0,0
401300,0,0,0,0,0,0
401400,0,0,0,0,0,0
401500,0,0,0,0,0,0
401600,0,0,0,0,0,0
401700,0,0,0,0,0,0
401800,0,0,0,0,0,0
401900,0,0,0,0,0,0
402000,0,0,0,0,0,0
402100,0,0,0,0,0,0
402200,0,0,0,0,0,0
402300,0,0,0,0,0,0
402400,0,0,0,0,0,0
402500,0,0,0,0,0,0
402600,0,0,0,0,0,0
402700,0,0,0,0,0,0
402800,0,0,0,0,0,0
402900,0,0,0,0,0,0
403000,0,0,0,0,0,0
403100,0,0,0,0,0,0
403200,0,0,0,0,0,0
403300,0,0,0,0,0,0
403400,0,0,0,0,0,0
403500,0,0,0,0,0,0
403600,0,0,0,0,0,0
403700,0,0,0,0,0,0
403800,0,0,0,0,0,0
403900,0,0,0,0,0,0
404000,0,0,0,0,0,0
404100,0,0,0,0,0,0
404200,0,0,0,0,0,0
404300,0,0,0,0,0,0
404400,0,0,0,0,0,0
404500,0,0,0,0,0,0
404600,0,0,0,0,0,0
404700,0,0,0,0,0,0
404800,0,0,0,0,0,0
404900,0,0,0,0,0,0
405000,0,0,0,0,0,0
405100,0,0,0,0,0,0
405200,0,0,0,0,0,0
405300,0,0,0,0,0,0
405400,0,0,0,0,0,0
405500,1,0,0,0,0,0
405600,0,0,0,0,0,0
405700,0,0,0,0,0,0
405800,0,0,0,0,0,0
405900,0,0,0,0,0,0
406000,0,0,0,0,0,0
406100,0,0,0,0,0,0
406200,0,0,0,0,0,0
406300,0,0,0,0,0,0
406400,0,0,0,0,0,0
406500,0,0,0,0,0,0
406600,0,0,0,0,0,0
406700,0,0,0,0,0,0
406800,0,0,0,0,0,0
406900,0,0,0,0,0,0
407000,1,0,0,0,0,0
407100,0,0,0,0,0,0
407200,0,0,0,0,0,0
407300,1,0,0,0,0,0
407400,0,0,0,0,0,0
407500,0,0,0,0,0,0
407600,0,0,0,0,0,0
407700,0,0,0,0,0,0
407800,0,0,0,0,0,0
407900,0,0,0,0,0,0
408000,0,0,0,0,0,0
408100,0,0,0,0,0,0
408200,0,0,0,0,0,0
408300,0,0,0,0,0,0
408400,0,0,0,0,0,0
408500,0,0,0,0,0,0
408600,0,0,0,0,0,0
408700,0,0,0,0,0,0
408800,0,0,0,0,0,0
408900,0,0,0,0,0,0
409000,0,0,0,0,0,0
409100,0,0,0,0,0,0
409200,0,0,0,0,0,0
409300,0,0,0,0,0,0
409400,0,0,0,0,0,0
409500,0,0,0,0,0,0
409600,0,0,0,0,0,0
409700,0,0,0,0,0,0
409800,0,0,0,0,0,0
409900,0,0,0,0,0,0
410000,0,0,0,0,0,0
410100,0,0,0,0,0,0
410200,0,0,0,0,0,0
410300,0,0,0,0,0,0
410400,0,0,0,0,0,0
410500,0,0,0,0,0,0
410600,0,0,0,0,0,0
410700,0,0,0,0,0,0
410800,0,0,0,0,0,0
410900,0,0,0,0,0,0
411000,0,0,0,0,0,0
411100,0,0,0,0,0,0
411200,1,0,0,0,0,0
411300,0,0,0,0,0,0
411400,0,0,0,0,0,0
411500,1,0,0,0,0,0
411600,0,0,0,0,0,0
411700,0,0,0,0,0,0
411800,0,0,0,0,0,0
411900,0,0,0,0,0,0
412000,0,0,0,0,0,0
412100,1,0,0,0,0,0
412200,0,0,0,0,0,0
412300,0,0,0,0,0,0
412400,0,0,0,0,0,0
412500,0,0,0,0,0,0
412600,0,0,0,0,0,0
412700,0,0,0,0,0,0
412800,0,0,0,0,0,0
412900,0,0,0,0,0,0
413000,0,0,0,0,0,0
413100,0,0,0,0,0,0
413200,0,0,0,0,0,0
413300,0,0,0,0,0,0
413400,0,0,0,0,0,0
413500,0,0,0,0,0,0
413600,0,0,0,0,0,0
413700,0,0,0,0,0,0
413800,0,0,0,0,0,0
413900,0,0,0,0,0,0
414000,1,0,0,0,0,0
414100,0,0,0,0,0,0
414200,0,0,0,0,0,0
414300,0,0,0,0,0,0
414400,0,0,0,0,0,0
414500,0,0,0,0,0,0
414600,0,0,0,0,0,0
414700,0,0,0,0,0,0
414800,0,0,0,0,0,0
414900,0,0,0,0,0,0
415000,0,0,0,0,0,0
415100,0,0,0,0,0,0
415200,0,0,0,0,0,0
415300,0,0,0,0,0,0
415400,0,0,0,0,0,0
415500,0,0,0,0,0,0
415600,0,0,0,0,0,0
415700,0,0,0,0,0,0
415800,0,0,0,0,0,0
415900,0,0,0,0,0,0
416000,0,0,0,0,0,0
416100,0,0,0,0,0,0
416200,0,0,0,0,0,0
416300,0,0,0,0,0,0
416400,0,0,0,0,0,0
416500,0,0,0,0,0,0
416600,0,0,0,0,0,0
416700,0,0,0,0,0,0
416800,0,0,0,0,0,0
416900,0,0,0,0,0,0
417000,1,0,0,0,0,0
417100,0,0,0,0,0,0
417200,0,0,0,0,0,0
417300,1,0,0,0,0,0
417400,0,0,0,0,0,0
417500,0,0,0,0,0,0
417600,0,0,0,0,0,0
417700,0,0,0,0,0,0
417800,0,0,0,0,0,0
417900,0,0,0,0,0,0
418000,0,0,0,0,0,0
418100,0,0,0,0,0,0
418200,0,0,0,0,0,0
418300,0,0,0,0,0,0
418400,0,0,0,0,0,0
418500,0,0,0,0,0,0
418600,0,0,0,0,0,0
418700,0,0,0,0,0,0
418800,0,0,0,0,0,0
418900,0,0,0,0,0,0
419000,0,0,0,0,0,0
419100,0,0,0,0,0,0
419200,1,0,0,0,0,0
419300,0,0,0,0,0,0
419400,0,0,0,0,0,0
419500,0,0,0,0,0,0
419600,0,0,0,0,0,0
419700,0,0,0,0,0,0
419800,0,0,0,0,0,0
419900,0,0,0,0,0,0
420000,0,0,0,0,0,0
420100,0,0,0,0,0,0
420200,0,0,0,0,0,0
420300,0,0,0,0,0,0
420400,0,0,0,0,0,0
420500,0,0,0,0,0,0
420600,0,0,0,0,0,0
420700,0,0,0,0,0,0
420800,0,0,0,0,0,0
420900,0,0,0,0,0,0
421000,0,0,0,0,0,0
421100,0,0,0,0,0,0
421200,0,0,0,0,0,0
421300,0,0,0,0,0,0
421400,0,0,0,0,0,0
421500,0,0,0,0,0,0
421600,0,0,0,0,0,0
421700,0,0,0,0,0,0
421800,0,0,0,0,0,0
421900,0,0,0,0,0,0
422000,0,0,0,0,0,0
422100,0,0,0,0,0,0
422200,0,0,0,0,0,0
422300,0,0,0,0,0,0
422400,0,0,0,0,0,0
422500,0,0,0,0,0,0
422600,0,0,0,0,0,0
422700,0,0,0,0,0,0
422800,0,0,0,0,0,0
422900,0,0,0,0,0,0
423000,0,0,0,0,0,0
423100,0,0,0,0,0,0
423200,0,0,0,0,0,0
423300,0,0,0,0,0,0
423400,0,0,0,0,0,0
423500,0,0,0,0,0,0
423600,0,0,0,0,0,0
423700,0,0,0,0,0,0
423800,0,0,0,0,0,0
423900,0,0,0,0,0,0
424000,0,0,0,0,0,0
424100,0,0,0,0,0,0
424200,0,0,0,0,0,0
424300,0,0,0,0,0,0
424400,0,0,0,0,0,0
424500,0,0,0,0,0,0
424600,0,0,0,0,0,0
424700,0,0,0,0,0,0
424800,0,0,0,0,0,0
424900,0,0,0,0,0,0
425000,0,0,0,0,0,0
425100,0,0,0,0,0,0
425200,0,0,0,0,0,0
425300,1,0,0,0,0,0
425400,0,0,0,0,0,0
425500,1,0,0,0,0,0
425600,0,0,0,0,0,0
425700,0,0,0,0,0,0
425800,0,0,0,0,0,0
425900,1,0,0,0,0,0
426000,0,0,0,0,0,0
426100,0,0,0,0,0,0
426200,0,0,0,0,0,0
426300,0,0,0,0,0,0
426400,0,0,0,0,0,0
426500,0,0,0,0,0,0
426600,0,0,0,0,0,0
426700,0,0,0,0,0,0
426800,0,0,0,0,0,0
426900,0,0,0,0,0,0
427000,0,0,0,0,0,0
427100,0,0,0,0,0,0
427200,0,0,0,0,0,0
427300,0,0,0,0,0,0
427400,0,0,0,0,0,0
427500,0,0,0,0,0,0
427600,0,0,0,0,0,0
427700,0,0,0,0,0,0
427800,0,0,0,0,0,0
427900,0,0,0,0,0,0
428000,0,0,0,0,0,0
428100,0,0,0,0,0,0
428200,0,0,0,0,0,0
428300,0,0,0,0,0,0
428400,0,0,0,0,0,0
428500,0,0,0,0,0,0
428600,0,0,0,0,0,0
428700,0,0,0,0,0,0
428800,0,0,0,0,0,0
428900,1,0,0,0,0,0
429000,0,0,0,0,0,0
429100,0,0,0,0,0,0
429200,0,0,0,0,0,0
429300,0,0,0,0,0,0
429400,0,0,0,0,0,0
429500,0,0,0,0,0,0
429600,0,0,0,0,0,0
429700,0,0,0,0,0,0
429800,0,0,0,0,0,0
429900,0,0,0,0,0,0
430000,0,0,0,0,0,0
430100,0,0,0,0,0,0
430200,0,0,0,0,0,0
430300,0,0,0,0,0,0
430400,0,0,0,0,0,0
430500,0,0,0,0,0,0
430600,0,0,0,0,0,0
430700,0,0,0,0,0,0
430800,0,0,0,0,0,0
430900,0,0,0,0,0,0
431000,0,0,0,0,0,0
431100,0,0,0,0,0,0
431200,0,0,0,0,0,0
431300,0,0,0,0,0,0
431400,0,0,0,0,0,0
431500,1,0,0,0,0,0
431600,0,0,0,0,0,0
431700,0,0,0,0,0,0
431800,0,0,0,0,0,0
431900,0,0,0,0,0,0
432000,0,0,0,0,0,0
432100,0,0,0,0,0,0
432200,0,0,0,0,0,0
432300,0,0,0,0,0,0
432400,0,0,0,0,0,0
432500,0,0,0,0,0,0
432600,0,0,0,0,0,0
432700,0,0,0,0,0,0
432800,0,0,0,0,0,0
432900,0,0,0,0,0,0
433000,0,0,0,0,0,0
433100,0,0,0,0,0,0
433200,0,0,0,0,0,0
433300,0,0,0,0,0,0
433400,0,0,0,0,0,0
433500,0,0,0,0,0,0
433600,0,0,0,0,0,0
433700,1,0,0,0,0,0
433800,0,0,0,0,0,0
433900,0,0,0,0,0,0
434000,0,0,0,0,0,0
434100,0,0,0,0,0,0
434200,0,0,0,0,0,0
434300,0,0,0,0,0,0
434400,0,0,0,0,0,0
434500,0,0,0,0,0,0
434600,0,0,0,0,0,0
434700,0,0,0,0,0,0
434800,0,0,0,0,0,0
434900,0,0,0,0,0,0
435000,0,0,0,0,0,0
435100,0,0,0,0,0,0
435200,0,0,0,0,0,0
435300,0,0,0,0,0,0
435400,0,0,0,0,0,0
435500,0,0,0,0,0,0
435600,0,0,0,0,0,0
435700,2,0,0,0,0,0
435800,0,0,0,0,0,0
435900,0,0,0,0,0,0
436000,0,0,0,0,0,0
436100,0,0,0,0,0,0
436200,0,0,0,0,0,0
436300,0,0,0,0,0,0
436400,0,0,0,0,0,0
436500,0,0,0,0,0,0
436600,0,0,0,0,0,0
436700,0,0,0,0,0,0
436800,0,0,0,0,0,0
436900,0,0,0,0,0,0
437000,0,0,0,0,0,0
437100,0,0,0,0,0,0
437200,0,0,0,0,0,0
437300,0,0,0,0,0,0
437400,0,0,0,0,0,0
437500,0,0,0,0,0,0
437600,0,0,0,0,0,0
437700,0,0,0,0,0,0
437800,0,0,0,0,0,0
437900,0,0,0,0,0,0
438000,0,0,0,0,0,0
438100,0,0,0,0,0,0
438200,0,0,0,0,0,0
438300,0,0,0,0,0,0
438400,0,0,0,0,0,0
438500,0,0,0,0,0,0
438600,0,0,0,0,0,0
438700,0,0,0,0,0,0
438800,0,0,0,0,0,0
438900,0,0,0,0,0,0
439000,0,0,1,0,0,0
439100,0,0,0,0,0,0
439200,0,0,0,0,0,0
439300,0,0,0,0,0,0
439400,1,0,0,0,0,0
439500,0,0,0,0,0,0
439600,0,0,0,0,0,0
439700,0,0,0,0,0,0
439800,0,0,0,0,0,0
439900,0,0,0,0,0,0
440000,0,0,0,0,0,0
440100,0,0,0,0,0,0
440200,0,0,0,0,0,0
440300,0,0,0,0,0,0
440400,0,0,0,0,0,0
440500,0,0,0,0,0,0
440600,0,0,0,0,0,0
440700,0,0,0,0,0,0
440800,0,0,0,0,0,0
440900,0,0,0,0,0,0
441000,0,0,0,0,0,0
441100,0,0,0,0,0,0
441200,0,0,0,0,0,0
441300,0,0,0,0,0,0
441400,0,0,0,0,0,0
441500,0,0,0,0,0,0
441600,0,0,0,0,0,0
441700,0,0,0,0,1,0
441800,0,0,0,0,0,0
441900,0,0,0,0,0,0
442000,0,0,0,0,0,0
442100,0,0,0,0,0,0
442200,0,0,0,0,0,0
442300,0,0,0,0,0,0
442400,0,0,0,0,0,0
442500,0,0,0,0,0,0
442600,0,0,0,0,0,0
442700,0,0,0,0,0,0
442800,0,0,0,0,0,0
442900,0,0,0,0,0,0
443000,0,0,0,0,0,0
443100,0,0,0,0,0,0
443200,0,0,0,0,0,0
443300,0,0,0,0,0,0
443400,1,0,0,0,0,0
443500,0,0,0,0,0,0
443600,0,0,0,0,0,0
443700,0,0,0,0,0,0
443800,0,0,0,0,0,0
443900,2,0,0,0,0,0
444000,1,0,0,0,0,0
444100,0,0,0,0,0,0
444200,0,0,0,0,0,0
444300,0,0,0,0,0,0
444400,0,0,0,0,0,0
444500,0,0,0,0,1,0
444600,0,0,0,0,0,0
444700,0,0,0,0,0,0
444800,0,0,0,0,0,0
444900,0,0,0,0,0,0
445000,0,0,0,0,0,0
445100,0,0,0,0,0,0
445200,0,0,0,0,0,0
445300,0,0,0,0,0,0
445400,0,0,0,0,0,0
445500,1,0,0,0,0,0
445600,0,0,0,0,0,0
445700,0,0,0,0,0,0
445800,2,0,0,0,0,0
445900,0,0,0,0,0,0
446000,0,0,0,0,0,0
446100,1,0,0,0,0,0
446200,0,0,0,0,0,0
446300,0,0,0,0,0,0
446400,0,0,0,0,0,0
446500,0,0,0,0,0,0
446600,0,0,0,0,0,0
446700,0,0,0,0,0,0
446800,0,0,0,0,0,0
446900,0,0,0,0,0,0
447000,0,0,0,0,0,0
447100,0,0,0,0,0,0
447200,0,0,0,0,1,0
447300,0,0,0,0,0,0
447400,0,0,0,0,0,0
447500,0,0,0,0,0,0
447600,0,0,0,0,0,0
447700,0,0,0,0,0,0
447800,0,0,0,0,0,0
447900,0,0,0,0,0,0
448000,0,0,0,0,0,0
448100,0,0,0,0,0,0
448200,1,0,0,0,0,0
448300,0,0,0,0,0,0
448400,0,0,0,0,0,0
448500,0,0,0,0,0,0
448600,0,0,0,0,0,0
448700,0,0,0,0,0,0
448800,0,0,0,0,0,0
448900,1,0,0,0,0,0
449000,0,0,0,0,0,0
449100,1,0,0,0,0,0
449200,0,0,0,0,0,0
449300,1,0,0,0,0,0
449400,0,0,0,0,0,0
449500,0,0,0,0,0,0
449600,1,0,0,0,0,0
449700,0,0,0,0,0,0
449800,0,0,0,0,0,0
449900,0,0,0,0,0,0
450000,0,0,0,0,0,0
450100,0,0,0,0,0,0
450200,0,0,0,0,0,0
450300,0,0,0,0,0,0
450400,0,0,0,0,0,0
450500,0,0,0,0,0,0
450600,0,0,0,0,0,0
450700,0,0,0,0,0,0
450800,0,0,0,0,0,0
450900,0,0,0,0,0,0
451000,0,0,0,0,0,0
451100,0,0,0,0,0,0
451200,0,0,0,0,0,0
451300,1,0,0,0,0,0
451400,0,0,0,0,0,0
451500,0,0,0,0,0,0
451600,0,0,0,0,0,0
451700,0,0,0,0,0,0
451800,0,0,0,0,0,0
451900,0,0,0,0,0,0
452000,0,0,0,0,0,0
452100,0,0,0,0,0,0
452200,0,0,0,0,0,0
452300,0,0,0,0,0,0
452400,0,0,0,0,0,0
452500,0,0,0,0,0,0
452600,0,0,0,0,0,0
452700,0,0,0,0,0,0
452800,0,0,0,0,0,0
452900,0,0,0,0,0,0
453000,0,0,0,0,0,0
453100,0,0,0,0,0,0
453200,0,0,0,0,0,0
453300,0,0,0,0,0,0
453400,0,0,0,0,0,0
453500,0,0,0,0,0,0
453600,0,0,0,0,0,0
453700,0,0,0,0,0,0
453800,0,0,0,0,0,0
453900,0,0,0,0,0,0
454000,0,0,0,0,0,0
454100,0,0,0,0,0,0
454200,0,0,0,0,0,0
454300,0,0,0,0,0,0
454400,0,0,0,0,0,0
454500,0,0,0,0,0,0
454600,0,0,0,0,0,0
454700,0,0,0,0,0,0
454800,0,0,0,0,0,0
454900,0,0,0,0,0,0
455000,0,0,0,0,0,0
455100,0,0,0,0,0,0
455200,0,0,0,0,0,0
455300,0,0,0,0,0,0
455400,0,0,0,0,0,0
455500,0,0,0,0,0,0
455600,0,0,1,0,0,0
455700,1,0,0,0,0,0
455800,0,0,0,0,0,0
455900,0,0,0,0,0,0
456000,0,0,0,0,0,0
456100,0,0,0,0,0,0
456200,0,0,0,0,0,0
456300,0,0,0,0,0,0
456400,0,0,0,0,0,0
456500,0,0,0,0,0,0
456600,0,0,0,0,0,0
456700,0,0,0,0,0,0
456800,1,0,0,0,0,0
456900,0,0,0,0,0,0
457000,1,0,0,0,0,0
457100,0,0,0,0,0,0
457200,1,0,0,0,0,0
457300,0,0,0,0,0,0
457400,0,0,0,0,0,0
457500,0,0,0,0,0,0
457600,0,0,0,0,0,0
457700,0,0,0,0,0,0
457800,0,0,0,0,0,0
457900,1,0,0,0,0,0
458000,1,0,0,0,0,0
458100,0,0,0,0,0,0
458200,0,0,0,0,0,0
458300,0,0,0,0,0,0
458400,0,0,0,0,0,0
458500,0,0,0,0,0,0
458600,0,0,0,0,0,0
458700,0,0,0,0,0,0
458800,0,0,0,0,0,0
458900,0,0,0,0,0,0
459000,0,0,0,0,0,0
459100,0,0,0,0,0,0
459200,0,0,0,0,0,0
459300,0,0,0,0,0,0
459400,0,0,0,0,0,0
459500,0,0,0,0,0,0
459600,0,0,0,0,0,0
459700,0,0,0,0,0,0
459800,0,0,0,0,0,0
459900,0,0,0,0,0,0
460000,0,0,0,0,0,0
460100,1,0,0,0,0,0
460200,0,0,0,0,0,0
460300,0,0,0,0,0,0
460400,0,0,0,0,0,0
460500,0,0,0,0,0,0
460600,0,0,0,0,0,0
460700,0,0,0,0,0,0
460800,0,0,0,0,0,0
460900,0,0,0,0,0,0
461000,1,0,0,0,0,0
461100,0,0,0,0,0,0
461200,0,0,0,0,0,0
461300,0,0,0,0,0,0
461400,0,0,0,0,0,0
461500,0,0,0,0,0,0
461600,0,0,0,0,1,0
461700,0,0,0,0,0,0
461800,0,0,0,0,0,0
461900,0,0,0,0,0,0
462000,1,0,0,0,0,0
462100,0,0,0,0,0,0
462200,0,0,0,0,0,0
462300,1,0,0,0,0,0
462400,0,0,0,0,0,0
462500,0,0,0,0,0,0
462600,0,0,0,0,0,0
462700,0,0,0,0,0,0
462800,0,0,0,0,0,0
462900,0,0,0,0,0,0
463000,0,0,0,0,0,0
463100,0,0,0,0,0,0
463200,1,0,0,0,0,0
463300,0,0,0,0,0,0
463400,0,0,0,0,0,0
463500,1,0,0,0,0,0
463600,0,0,0,0,0,0
463700,1,0,0,0,0,0
463800,0,0,0,0,0,0
463900,0,0,0,0,0,0
464000,0,0,0,0,0,0
464100,0,0,0,0,0,0
464200,1,0,0,0,0,0
464300,0,0,0,0,0,0
464400,0,0,0,0,0,0
464500,0,0,0,0,0,0
464600,0,0,0,0,0,0
464700,1,0,0,0,0,0
464800,0,0,0,0,0,0
464900,0,0,0,0,0,0
465000,1,0,0,0,0,0
465100,0,0,0,0,0,0
465200,0,0,0,0,0,0
465300,0,0,0,0,0,0
465400,0,0,0,0,0,0
465500,1,0,0,0,0,0
465600,0,0,0,0,0,0
465700,0,0,0,0,0,0
465800,1,0,0,0,0,0
465900,1,0,0,0,0,0
466000,0,0,0,0,0,0
466100,0,0,0,0,0,0
466200,0,0,0,0,0,0
466300,0,0,0,0,0,0
466400,1,0,0,0,0,0
466500,0,0,0,0,0,0
466600,0,0,0,0,0,0
466700,1,0,0,0,0,0
466800,0,0,0,0,0,0
466900,0,0,0,0,0,0
467000,0,0,0,0,0,0
467100,1,0,0,0,0,0
467200,1,0,0,0,0,0
467300,0,0,0,0,0,0
467400,1,0,0,0,0,0
467500,0,0,0,0,0,0
467600,1,0,0,0,0,0
467700,0,0,0,0,0,0
467800,1,0,0,0,0,0
467900,0,0,0,0,0,0
468000,0,0,0,0,0,0
468100,0,0,0,0,0,0
468200,1,0,0,0,1,0
468300,0,0,0,0,0,0
468400,0,0,0,0,0,0
468500,0,0,0,0,0,0
468600,1,0,0,0,0,0
468700,1,0,0,0,0,0
468800,0,0,0,0,0,0
468900,0,0,0,0,0,0
469000,0,0,0,0,0,0
469100,0,0,0,0,0,0
469200,0,0,0,0,0,0
469300,0,0,0,0,0,0
469400,0,0,0,0,0,0
469500,0,0,0,0,0,0
469600,0,0,0,0,0,0
469700,0,0,0,0,0,0
469800,0,0,0,0,0,0
469900,0,0,0,0,0,0
470000,0,0,0,0,0,0
470100,0,0,0,0,0,0
470200,1,0,0,0,0,0
470300,0,0,0,0,0,0
470400,1,0,0,0,0,0
470500,1,0,0,0,0,0
470600,0,0,0,0,0,0
470700,0,0,0,0,0,0
470800,0,0,0,0,0,0
470900,0,0,0,0,0,0
471000,0,0,0,0,0,0
471100,1,0,0,0,0,0
471200,1,0,0,0,0,0
471300,0,0,0,0,0,0
471400,0,0,0,0,0,0
471500,0,0,0,0,0,0
471600,0,0,0,0,0,0
471700,0,0,0,0,0,0
471800,0,0,0,0,0,0
471900,1,0,0,0,0,0
472000,0,0,0,0,0,0
472100,0,0,0,0,0,0
472200,0,0,0,0,0,0
472300,0,0,0,0,0,0
472400,1,0,0,0,0,0
472500,0,0,0,0,0,0
472600,0,0,0,0,0,0
472700,0,0,0,0,0,0
472800,0,0,0,0,0,0
472900,0,0,0,0,0,0
473000,0,0,0,0,0,0
473100,0,0,0,0,1,0
473200,0,0,0,0,0,0
473300,0,0,0,0,0,0
473400,0,0,0,0,0,0
473500,0,0,0,0,0,0
473600,0,0,0,0,0,0
473700,0,0,0,0,0,0
473800,1,0,0,0,0,0
473900,0,0,0,0,0,0
474000,0,0,0,0,0,0
474100,1,0,0,0,0,0
474200,0,0,0,0,0,0
474300,0,0,0,0,0,0
474400,0,0,0,0,0,0
474500,1,0,0,0,0,0
474600,0,0,0,0,0,0
474700,0,0,0,0,0,0
474800,0,0,0,0,0,0
474900,0,0,0,0,0,0
475000,0,0,0,0,0,0
475100,0,0,0,0,0,0
475200,0,0,0,0,0,0
475300,1,0,0,0,0,0
475400,1,0,0,0,0,0
475500,0,0,0,0,0,0
475600,0,0,0,0,0,0
475700,1,0,0,0,0,0
475800,0,0,0,0,0,0
475900,0,0,0,0,0,0
476000,0,0,0,0,0,0
476100,1,0,0,0,0,0
476200,0,0,0,0,0,0
476300,0,0,0,0,0,0
476400,1,0,0,0,0,0
476500,0,0,0,0,0,0
476600,0,0,0,0,0,0
476700,0,0,0,0,0,0
476800,0,0,0,0,0,0
476900,0,0,0,0,0,0
477000,0,0,0,0,0,0
477100,0,0,0,0,0,0
477200,0,0,0,0,0,0
477300,0,0,0,0,0,0
477400,0,0,0,0,0,0
477500,0,0,0,0,0,0
477600,0,0,0,0,0,0
477700,0,0,0,0,0,0
477800,0,0,0,0,0,0
477900,0,0,0,0,0,0
478000,0,0,0,0,0,0
478100,0,0,0,0,0,0
478200,0,0,0,0,0,0
478300,0,0,0,0,0,0
478400,0,0,0,0,0,0
478500,0,0,0,0,0,0
478600,0,0,0,0,0,0
478700,0,0,0,0,0,0
478800,0,0,0,0,0,0
478900,0,0,0,0,0,0
479000,0,0,0,0,0,0
479100,0,0,0,0,0,0
479200,0,0,0,0,0,0
479300,0,0,0,0,0,0
479400,1,0,0,0,0,0
479500,0,0,0,0,0,0
479600,0,0,0,0,0,0
479700,1,0,0,0,0,0
479800,0,0,0,0,0,0
479900,0,0,0,0,0,0
480000,0,0,0,0,0,0
480100,0,0,0,0,0,0
480200,0,0,0,0,0,0
480300,0,0,0,0,0,0
480400,0,0,0,0,0,0
480500,0,0,0,0,0,0
480600,0,0,0,0,0,0
480700,0,0,0,0,0,0
480800,0,0,0,0,0,0
480900,0,0,0,0,0,0
481000,1,0,0,0,0,0
481100,0,0,0,0,0,0
481200,0,0,0,0,0,0
481300,0,0,0,0,0,0
481400,0,0,0,0,0,0
481500,0,0,0,0,0,0
481600,0,0,0,0,0,0
481700,0,0,0,0,0,0
481800,0,0,0,0,0,0
481900,0,0,0,0,0,0
482000,0,0,0,0,0,0
482100,0,0,0,0,0,0
482200,1,0,0,0,0,0
482300,0,0,0,0,0,0
482400,0,0,0,0,0,0
482500,1,0,0,0,0,0
482600,0,0,0,0,0,0
482700,0,0,0,0,0,0
482800,0,0,0,0,0,0
482900,0,0,0,0,0,0
483000,0,0,0,0,0,0
483100,0,0,0,0,0,0
483200,0,0,0,0,0,0
483300,0,0,0,0,0,0
483400,0,0,0,0,0,0
483500,0,0,0,0,0,0
483600,0,0,0,0,0,0
483700,0,0,0,0,0,0
483800,0,0,0,0,0,0
483900,0,0,0,0,0,0
484000,0,0,0,0,0,0
484100,0,0,0,0,0,0
484200,0,0,0,0,0,0
484300,1,0,0,0,0,0
484400,1,0,0,0,0,0
484500,0,0,0,0,0,0
484600,0,0,0,0,0,0
484700,1,0,0,0,0,0
484800,0,0,0,0,0,0
484900,0,0,0,0,0,0
485000,0,0,0,0,0,0
485100,0,0,0,0,0,0
485200,0,0,0,0,0,0
485300,0,0,0,0,0,0
485400,1,0,0,0,0,0
485500,0,0,0,0,0,0
485600,0,0,0,0,0,0
485700,0,0,0,0,0,0
485800,0,0,0,0,0,0
485900,0,0,0,0,0,0
486000,0,0,0,0,0,0
486100,0,0,0,0,0,0
486200,0,0,0,0,0,0
486300,0,0,0,0,0,0
486400,0,0,0,0,0,0
486500,0,0,0,0,0,0
486600,0,0,0,0,0,0
486700,0,0,0,0,0,0
486800,0,0,0,0,0,0
486900,0,0,0,0,0,0
487000,0,0,0,0,0,0
487100,0,0,0,0,0,0
487200,0,0,0,0,0,0
487300,0,0,0,0,0,0
487400,0,0,0,0,0,0
487500,1,0,0,0,0,0
487600,0,0,0,0,0,0
487700,0,0,0,0,0,0
487800,0,0,0,0,0,0
487900,0,0,0,0,0,0
488000,0,0,0,0,0,0
488100,0,0,0,0,0,0
488200,0,0,0,0,0,0
488300,0,0,0,0,0,0
488400,0,0,0,0,0,0
488500,0,0,0,0,0,0
488600,0,0,0,0,0,0
488700,0,0,0,0,0,0
488800,0,0,0,0,0,0
488900,0,0,0,0,0,0
489000,0,0,0,0,0,0
489100,0,0,0,0,0,0
489200,0,0,0,0,0,0
489300,0,0,0,0,0,0
489400,0,0,0,0,0,0
489500,0,0,0,0,0,0
489600,1,0,0,0,0,0
489700,0,0,0,0,0,0
489800,0,0,0,0,0,0
489900,1,0,0,0,0,0
490000,0,0,0,0,0,0
490100,0,0,0,0,0,0
490200,0,0,0,0,0,0
490300,0,0,0,0,0,0
490400,0,0,0,0,0,0
490500,0,0,0,0,0,0
490600,0,0,0,0,0,0
490700,0,0,0,0,0,0
490800,0,0,0,0,0,0
490900,0,0,0,0,0,0
491000,0,0,0,0,0,0
491100,0,0,0,0,0,0
491200,0,0,0,0,0,0
491300,0,0,0,0,0,0
491400,0,0,0,0,0,0
491500,0,0,0,0,0,0
491600,0,0,0,0,0,0
491700,0,0,0,0,0,0
491800,0,0,0,0,0,0
491900,0,0,0,0,0,0
492000,0,0,0,0,0,0
492100,0,0,0,0,0,0
492200,0,0,0,0,0,0
492300,0,0,0,0,0,0
492400,0,0,0,0,0,0
492500,0,0,0,0,0,0
492600,0,0,0,0,0,0
492700,0,0,0,0,0,0
492800,0,0,0,0,0,0
492900,0,0,0,0,0,0
493000,0,0,0,0,0,0
493100,0,0,0,0,0,0
493200,0,0,0,0,0,0
493300,0,0,0,0,0,0
493400,1,0,0,0,0,0
493500,1,0,0,0,0,0
493600,0,0,0,0,0,0
493700,0,0,0,0,0,0
493800,0,0,0,0,0,0
493900,0,0,0,0,0,0
494000,0,0,0,0,0,0
494100,0,0,0,0,0,0
494200,0,0,0,0,0,0
494300,0,0,0,0,0,0
494400,0,0,0,0,0,0
494500,0,0,0,0,0,0
494600,0,0,0,0,0,0
494700,0,0,0,0,0,0
494800,0,0,0,0,0,0
494900,0,0,0,0,0,0
495000,0,0,0,0,0,0
495100,0,0,0,0,0,0
495200,0,0,0,0,0,0
495300,0,0,0,0,0,0
495400,0,0,0,0,0,0
495500,0,0,0,0,0,0
495600,0,0,0,0,0,0
495700,0,0,0,0,0,0
495800,0,0,0,0,0,0
495900,0,0,0,0,0,0
496000,0,0,0,0,0,0
496100,0,0,0,0,0,0
496200,0,0,0,0,0,0
496300,0,0,0,0,0,0
496400,0,0,0,0,0,0
496500,0,0,0,0,0,0
496600,0,0,0,0,0,0
496700,0,0,0,0,0,0
496800,0,0,0,0,0,0
496900,0,0,0,0,0,0
497000,0,0,0,0,0,0
497100,0,0,0,0,0,0
497200,0,0,0,0,0,0
497300,0,0,0,0,0,0
497400,0,0,0,0,0,0
497500,0,0,0,0,0,0
497600,1,0,0,0,0,0
497700,0,0,0,0,0,0
497800,0,0,0,0,0,0
497900,0,0,0,0,0,0
498000,0,0,0,0,0,0
498100,0,0,0,0,0,0
498200,0,0,0,0,0,0
498300,0,0,0,0,0,0
498400,1,0,0,0,0,0
498500,0,0,0,0,0,0
498600,0,0,0,0,0,0
498700,1,0,0,0,0,0
498800,0,0,0,0,0,0
498900,0,0,0,0,0,0
499000,1,0,0,0,0,0
499100,0,0,0,0,0,0
499200,0,0,0,0,0,0
499300,1,0,0,0,0,0
499400,0,0,0,0,0,0
499500,0,0,0,0,0,0
499600,0,0,0,0,0,0
499700,0,0,0,0,0,0
499800,0,0,0,0,0,0
499900,0,0,0,0,0,0
500000,0,0,0,0,0,0
500100,0,0,0,0,0,0
500200,0,0,0,0,0,0
500300,0,0,0,0,0,0
500400,0,0,0,0,0,0
500500,0,0,0,0,0,0
500600,0,0,0,0,0,0
500700,0,0,0,0,0,0
500800,0,0,0,0,0,0
500900,0,0,0,0,0,0
501000,0,0,0,0,0,0
501100,0,0,1,0,0,0
501200,0,0,0,0,0,0
501300,0,0,0,0,0,0
501400,0,0,0,0,0,0
501500,0,0,0,0,0,0
501600,0,0,0,0,0,0
501700,0,0,0,0,0,0
501800,0,0,0,0,0,0
501900,0,0,0,0,0,0
502000,0,0,0,0,0,0
502100,0,0,0,0,0,0
502200,0,0,0,0,0,0
502300,0,0,0,0,0,0
502400,0,0,0,0,0,0
502500,0,0,0,0,0,0
502600,0,0,0,0,0,0
502700,0,0,0,0,0,0
502800,0,0,0,0,0,0
502900,0,0,0,0,0,0
503000,0,0,0,0,0,0
503100,0,0,0,0,0,0
503200,0,0,0,0,0,0
503300,0,0,0,0,0,0
503400,0,0,0,0,0,0
503500,1,0,0,0,0,0
503600,0,0,0,0,0,0
503700,0,0,0,0,0,0
503800,0,0,0,0,0,0
503900,0,0,0,0,0,0
504000,0,0,0,0,0,0
504100,0,0,0,0,0,0
504200,0,0,0,0,0,0
504300,0,0,0,0,0,0
504400,0,0,0,0,0,0
504500,0,0,0,0,0,0
504600,0,0,0,0,0,0
504700,0,0,0,0,0,0
504800,0,0,0,0,0,0
504900,0,0,0,0,0,0
505000,0,0,0,0,0,0
505100,0,0,0,0,0,0
505200,0,0,0,0,0,0
505300,0,0,0,0,0,0
505400,0,0,0,0,0,0
505500,1,0,0,0,0,0
505600,0,0,0,0,0,0
505700,0,0,0,0,0,0
505800,0,0,0,0,0,0
505900,0,0,0,0,0,0
506000,0,0,0,0,0,0
506100,0,0,0,0,0,0
506200,0,0,0,0,0,0
506300,0,0,0,0,0,0
506400,0,0,0,0,0,0
506500,0,0,0,0,0,0
506600,0,0,0,0,0,0
506700,0,0,0,0,0,0
506800,0,0,0,0,0,0
506900,0,0,0,0,0,0
507000,0,0,0,0,0,0
507100,0,0,0,0,0,0
507200,0,0,0,0,0,0
507300,0,0,0,0,0,0
507400,0,0,0,0,0,0
507500,0,0,0,0,0,0
507600,0,0,0,0,0,0
507700,0,0,0,0,0,0
507800,0,0,0,0,0,0
507900,0,0,0,0,0,0
508000,0,0,1,0,0,0
508100,0,0,0,0,0,0
508200,0,0,0,0,1,0
508300,0,0,0,0,0,0
508400,0,0,0,0,0,0
508500,0,0,0,0,0,0
508600,0,0,0,0,0,0
508700,0,0,0,0,0,0
508800,0,0,0,0,0,0
508900,0,0,0,0,0,0
509000,0,0,0,0,0,0
509100,1,0,0,0,0,0
509200,0,0,0,0,0,0
509300,0,0,0,0,1,0
509400,0,0,0,0,0,0
509500,0,0,0,0,0,0
509600,0,0,0,0,0,0
509700,0,0,0,0,0,0
509800,0,0,0,0,0,0
509900,0,0,0,0,0,0
510000,0,0,0,0,0,0
510100,0,0,0,0,0,0
510200,0,0,0,0,0,0
510300,0,0,0,0,0,0
510400,0,0,0,0,0,0
510500,0,0,0,0,0,0
510600,0,0,0,0,0,0
510700,0,0,0,0,1,0
510800,0,0,0,0,0,0
510900,0,0,0,0,0,0
511000,0,0,0,0,0,0
511100,0,0,0,0,0,0
511200,0,0,0,0,0,0
511300,0,0,0,0,0,0
511400,0,0,0,0,0,0
511500,0,0,0,0,0,0
511600,0,0,0,0,0,0
511700,0,0,0,0,0,0
511800,0,0,0,0,0,0
511900,0,0,0,0,0,0
512000,0,0,0,0,1,0
512100,0,0,0,0,0,0
512200,0,0,0,0,0,0
512300,0,0,0,0,0,0
512400,0,0,0,0,0,0
512500,0,0,0,0,0,0
512600,0,0,0,0,0,0
512700,0,0,0,0,0,0
512800,1,0,0,0,0,0
512900,0,0,0,0,0,0
513000,0,0,0,0,0,0
513100,0,0,0,0,0,0
513200,0,0,0,0,0,0
513300,0,0,0,0,0,0
513400,0,0,0,0,0,0
513500,1,0,0,0,0,0
513600,0,0,0,0,0,0
513700,0,0,0,0,0,0
513800,1,0,0,0,0,0
513900,0,0,0,0,0,0
514000,0,0,0,0,0,0
514100,0,0,0,0,0,0
514200,0,0,0,0,1,0
514300,0,0,0,0,0,0
514400,0,0,0,0,0,0
514500,1,0,0,0,0,0
514600,0,0,0,0,0,0
514700,0,0,0,0,0,0
514800,0,0,0,0,0,0
514900,0,0,0,0,0,0
515000,0,0,0,0,0,0
515100,0,0,0,0,0,0
515200,0,0,0,0,0,0
515300,0,0,0,0,0,0
515400,0,0,0,0,0,0
515500,0,0,0,0,0,0
515600,0,0,0,0,0,0
515700,0,0,0,0,0,0
515800,0,0,0,0,0,0
515900,0,0,0,0,0,0
516000,0,0,0,0,0,0
516100,0,0,0,0,0,0
516200,0,0,0,0,0,0
516300,0,0,0,0,0,0
516400,0,0,0,0,0,0
516500,0,0,0,0,0,0
516600,0,0,0,0,0,0
516700,1,0,0,0,0,0
516800,0,0,0,0,0,0
516900,0,0,0,0,0,0
517000,0,0,0,0,0,0
517100,0,0,0,0,0,0
517200,0,0,0,0,0,0
517300,0,0,0,0,0,0
517400,0,0,0,0,0,0
517500,0,0,0,0,0,0
517600,0,0,0,0,0,0
517700,0,0,0,0,0,0
517800,0,0,0,0,0,0
517900,0,0,0,0,0,0
518000,0,0,0,0,0,0
518100,0,0,0,0,0,0
518200,0,0,0,0,0,0
518300,0,0,0,0,0,0
518400,0,0,0,0,0,0
518500,0,0,0,0,0,0
518600,0,0,0,0,0,0
518700,0,0,0,0,0,0
518800,0,0,0,0,0,0
518900,0,0,0,0,0,0
519000,0,0,0,0,0,0
519100,0,0,0,0,0,0
519200,0,0,0,0,0,0
519300,0,0,0,0,0,0
519400,0,0,0,0,0,0
519500,0,0,0,0,0,0
519600,0,0,0,0,0,0
519700,0,0,0,0,0,0
519800,0,0,0,0,0,0
519900,0,0,0,0,0,0
520000,0,0,0,0,0,0
520100,0,0,0,0,0,0
520200,0,0,0,0,0,0
520300,0,0,0,0,0,0
520400,0,0,0,0,0,0
520500,0,0,0,0,0,0
520600,0,0,0,0,0,0
520700,0,0,0,0,0,0
520800,0,0,0,0,0,0
520900,0,0,0,0,0,0
521000,0,0,0,0,0,0
521100,0,0,0,0,0,0
521200,0,0,0,0,0,0
521300,0,0,0,0,1,0
521400,0,0,0,0,0,0
521500,0,0,0,0,0,0
521600,0,0,0,0,0,0
521700,0,0,0,0,0,0
521800,0,0,0,0,0,0
521900,0,0,0,0,0,0
522000,0,0,0,0,0,0
522100,0,0,0,0,0,0
522200,0,0,0,0,0,0
522300,0,0,0,0,0,0
522400,0,0,0,0,0,0
522500,0,0,0,0,0,0
522600,0,0,0,0,0,0
522700,0,0,0,0,0,0
522800,0,0,0,0,0,0
522900,0,0,0,0,0,0
523000,0,0,0,0,0,0
523100,0,0,0,0,0,0
523200,0,0,0,0,0,0
523300,0,0,0,0,0,0
523400,0,0,0,0,0,0
523500,0,0,0,0,0,0
523600,0,0,0,0,0,0
523700,0,0,0,0,0,0
523800,0,0,0,0,0,0
523900,0,0,0,0,0,0
524000,0,0,0,0,0,0
524100,0,0,0,0,0,0
524200,0,0,0,0,0,0
524300,0,0,0,0,0,0
524400,0,0,0,0,0,0
524500,0,0,0,0,0,0
524600,0,0,0,0,0,0
524700,0,0,0,0,0,0
524800,0,0,0,0,0,0
524900,0,0,0,0,0,0
525000,0,0,0,0,0,0
525100,0,0,0,0,0,0
525200,0,0,0,0,0,0
525300,0,0,0,0,0,0
525400,0,0,0,0,0,0
525500,0,0,0,0,0,0
525600,0,0,0,0,0,0
525700,0,0,0,0,0,0
525800,0,0,0,0,0,0
525900,0,0,0,0,0,0
526000,0,0,0,0,0,0
526100,0,0,0,0,0,0
526200,0,0,0,0,0,0
526300,0,0,0,0,0,0
526400,0,0,0,0,0,0
526500,0,0,0,0,0,0
526600,0,0,0,0,0,0
526700,0,0,0,0,0,0
526800,0,0,0,0,0,0
526900,0,0,0,0,0,0
527000,0,0,0,0,0,0
527100,0,0,0,0,0,0
527200,0,0,0,0,0,0
527300,0,0,0,0,0,0
527400,0,0,0,0,0,0
527500,0,0,0,0,0,0
527600,0,0,0,0,0,0
527700,0,0,0,0,0,0
527800,0,0,0,0,0,0
527900,0,0,0,0,0,0
528000,0,0,0,0,0,0
528100,0,0,0,0,0,0
528200,0,0,0,0,0,0
528300,0,0,0,0,0,0
528400,0,0,0,0,0,0
528500,0,0,0,0,0,0
528600,0,0,0,0,0,0
528700,0,0,0,0,0,0
528800,0,0,0,0,0,0
528900,0,0,0,0,0,0
529000,0,0,0,0,0,0
529100,0,0,0,0,0,0
529200,0,0,0,0,0,0
529300,0,0,0,0,0,0
529400,1,0,0,0,0,0
529500,0,0,0,0,0,0
529600,0,0,0,0,0,0
529700,1,0,0,0,0,0
529800,0,0,0,0,0,0
529900,0,0,0,0,0,0
530000,0,0,0,0,0,0
530100,0,0,0,0,0,0
530200,0,0,0,0,0,0
530300,0,0,0,0,0,0
530400,0,0,0,0,0,0
530500,0,0,0,0,0,0
530600,0,0,0,0,0,0
530700,0,0,0,0,0,0
530800,1,0,0,0,0,0
530900,0,0,0,0,0,0
531000,0,0,0,0,0,0
531100,0,0,0,0,0,0
531200,0,0,0,0,0,0
531300,0,0,0,0,0,0
531400,0,0,0,0,0,0
531500,0,0,0,0,0,0
531600,0,0,0,0,0,0
531700,0,0,0,0,0,0
531800,0,0,0,0,0,0
531900,0,0,0,0,0,0
532000,0,0,0,0,0,0
532100,0,0,0,0,0,0
532200,0,0,0,0,0,0
532300,0,0,0,0,0,0
532400,0,0,0,0,0,0
532500,0,0,0,0,0,0
532600,0,0,0,0,0,0
532700,0,0,0,0,0,0
532800,0,0,0,0,0,0
532900,0,0,0,0,0,0
533000,0,0,0,0,0,0
533100,0,0,0,0,0,0
533200,0,0,0,0,0,0
533300,0,0,0,0,0,0
533400,0,0,0,0,0,0
533500,1,0,0,0,0,0
533600,0,0,0,0,0,0
533700,0,0,0,0,0,0
533800,0,0,0,0,0,0
533900,0,0,0,0,0,0
534000,0,0,0,0,0,0
534100,0,0,0,0,0,0
534200,0,0,0,0,0,0
534300,0,0,0,0,0,0
534400,0,0,0,0,0,0
534500,1,0,0,0,0,0
534600,0,0,0,0,0,0
534700,0,0,0,0,0,0
534800,0,0,0,0,0,0
534900,0,0,0,0,0,0
535000,0,0,0,0,0,0
535100,0,0,0,0,0,0
535200,0,0,0,0,0,0
535300,0,0,0,0,0,0
535400,0,0,0,0,0,0
535500,0,0,0,0,0,0
535600,0,0,0,0,0,0
535700,0,0,0,0,0,0
535800,0,0,0,0,0,0
535900,0,0,0,0,0,0
536000,0,0,0,0,0,0
536100,0,0,0,0,0,0
536200,0,0,0,0,0,0
536300,0,0,0,0,0,0
536400,0,0,0,0,0,0
536500,0,0,0,0,0,0
536600,0,0,0,0,0,0
536700,0,0,0,0,0,0
536800,0,0,0,0,0,0
536900,0,0,0,0,0,0
537000,0,0,0,0,0,0
537100,0,0,0,0,0,0
537200,0,0,0,0,0,0
537300,0,0,0,0,0,0
537400,0,0,0,0,0,0
537500,0,0,0,0,0,0
537600,0,0,0,0,0,0
537700,0,0,0,0,0,0
537800,0,0,0,0,0,0
537900,0,0,0,0,0,0
538000,0,0,0,0,0,0
538100,0,0,0,0,0,0
538200,0,0,0,0,0,0
538300,0,0,0,0,0,0
538400,0,0,0,0,0,0
538500,1,0,0,0,0,0
538600,0,0,0,0,0,0
538700,0,0,0,0,0,0
538800,0,0,0,0,0,0
538900,0,0,0,0,0,0
539000,0,0,0,0,0,0
539100,0,0,0,0,0,0
539200,0,0,0,0,0,0
539300,0,0,1,0,0,0
539400,0,0,0,0,0,0
539500,0,0,0,0,0,0
539600,0,0,0,0,0,0
539700,0,0,0,0,0,0
539800,0,0,0,0,0,0
539900,0,0,0,0,0,0
540000,0,0,0,0,0,0
540100,0,0,0,0,0,0
540200,0,0,0,0,0,0
540300,0,0,0,0,0,0
540400,0,0,0,0,0,0
540500,0,0,0,0,0,0
540600,0,0,0,0,0,0
540700,0,0,0,0,0,0
540800,0,0,0,0,0,0
540900,0,0,0,0,0,0
541000,0,0,0,0,0,0
541100,0,0,0,0,0,0
541200,0,0,0,0,0,0
541300,0,0,0,0,0,0
541400,0,0,0,0,0,0
541500,0,0,0,0,0,0
541600,0,0,0,0,0,0
541700,0,0,0,0,0,0
541800,0,0,0,0,0,0
541900,0,0,0,0,0,0
542000,0,0,0,0,0,0
542100,0,0,0,0,0,0
542200,0,0,0,0,0,0
542300,0,0,0,0,0,0
542400,0,0,0,0,0,0
542500,0,0,0,0,0,0
542600,0,0,0,0,0,0
542700,0,0,0,0,0,0
542800,0,0,0,0,0,0
542900,0,0,0,0,0,0
543000,0,0,0,0,0,0
543100,0,0,0,0,0,0
543200,0,0,0,0,0,0
543300,0,0,0,0,0,0
543400,0,0,0,0,0,0
543500,0,0,0,0,0,0
543600,0,0,0,0,0,0
543700,0,0,0,0,0,0
543800,0,0,0,0,0,0
543900,0,0,0,0,0,0
544000,0,0,0,0,0,0
544100,0,0,0,0,0,0
544200,0,0,0,0,0,0
544300,0,0,0,0,0,0
544400,0,0,0,0,0,0
544500,0,0,0,0,0,0
544600,1,0,0,0,0,0
544700,0,0,0,0,0,0
544800,0,0,0,0,0,0
544900,0,0,0,0,0,0
545000,0,0,0,0,0,0
545100,0,0,0,0,0,0
545200,0,0,0,0,0,0
545300,0,0,0,0,0,0
545400,0,0,0,0,0,0
545500,0,0,0,0,1,0
545600,0,0,0,0,0,0
545700,0,0,0,0,0,0
545800,0,0,0,0,0,0
545900,0,0,0,0,0,0
546000,0,0,0,0,0,0
546100,0,0,0,0,0,0
546200,0,0,0,0,0,0
546300,0,0,0,0,0,0
546400,0,0,0,0,0,0
546500,0,0,0,0,0,0
546600,0,0,0,0,0,0
546700,0,0,0,0,0,0
546800,0,0,0,0,0,0
546900,0,0,0,0,0,0
547000,0,0,0,0,0,0
547100,0,0,0,0,0,0
547200,0,0,0,0,0,0
547300,0,0,0,0,0,0
547400,0,0,0,0,0,0
547500,0,0,0,0,0,0
547600,0,0,0,0,0,0
547700,0,0,0,0,0,0
547800,0,0,0,0,0,0
547900,0,0,0,0,0,0
548000,0,0,0,0,0,0
548100,0,0,0,0,0,0
548200,0,0,0,0,0,0
548300,0,0,0,0,0,0
548400,0,0,0,0,0,0
548500,0,0,0,0,0,0
548600,0,0,0,0,0,0
548700,0,0,0,0,0,0
548800,0,0,0,0,0,0
548900,0,0,0,0,0,0
549000,0,0,0,0,0,0
549100,0,0,0,0,0,0
549200,0,0,0,0,0,0
549300,0,0,0,0,0,0
549400,0,0,0,0,0,0
549500,0,0,0,0,0,0
549600,0,0,0,0,0,0
549700,0,0,0,0,0,0
549800,0,0,0,0,0,0
549900,0,0,0,0,0,0
550000,0,0,0,0,0,0
550100,0,0,0,0,0,0
550200,0,0,0,0,0,0
550300,0,0,0,0,0,0
550400,0,0,0,0,0,0
550500,0,0,0,0,0,0
550600,0,0,0,0,0,0
550700,0,0,0,0,0,0
550800,0,0,0,0,0,0
550900,0,0,0,0,0,0
551000,0,0,0,0,0,0
551100,0,0,0,0,0,0
551200,0,0,0,0,0,0
551300,0,0,0,0,0,0
551400,0,0,0,0,0,0
551500,0,0,0,0,0,0
551600,0,0,0,0,0,0
551700,0,0,0,0,0,0
551800,0,0,0,0,0,0
551900,0,0,0,0,0,0
552000,0,0,0,0,0,0
552100,0,0,0,0,0,0
552200,0,0,0,0,1,0
552300,0,0,0,0,0,0
552400,0,0,0,0,0,0
552500,0,0,0,0,0,0
552600,0,0,0,0,0,0
552700,0,0,0,0,0,0
552800,0,0,0,0,0,0
552900,0,0,0,0,0,0
553000,0,0,0,0,0,0
553100,0,0,0,0,0,0
553200,0,0,0,0,0,0
553300,0,0,0,0,0,0
553400,0,0,0,0,0,0
553500,0,0,0,0,0,0
553600,0,0,0,0,0,0
553700,0,0,0,0,0,0
553800,0,0,0,0,0,0
553900,0,0,0,0,0,0
554000,0,0,0,0,0,0
554100,0,0,0,0,0,0
554200,0,0,0,0,0,0
554300,0,0,0,0,0,0
554400,0,0,0,0,0,0
554500,0,0,0,0,0,0
554600,0,0,0,0,0,0
554700,0,0,0,0,0,0
554800,0,0,0,0,0,0
554900,0,0,0,0,0,0
555000,0,0,0,0,0,0
555100,0,0,0,0,0,0
555200,0,0,0,0,0,0
555300,0,0,0,0,0,0
555400,0,0,0,0,0,0
555500,0,0,0,0,0,0
555600,0,0,0,0,0,0
555700,0,0,0,0,0,0
555800,0,0,0,0,0,0
555900,1,0,0,0,0,0
556000,0,0,0,0,0,0
556100,0,0,0,0,0,0
556200,1,0,0,0,0,0
556300,0,0,0,0,0,0
556400,0,0,0,0,0,0
556500,0,0,0,0,0,0
556600,0,0,0,0,0,0
556700,0,0,0,0,0,0
556800,0,0,0,0,0,0
556900,0,0,0,0,0,0
557000,0,0,0,0,0,0
557100,0,0,0,0,0,0
557200,0,0,0,0,0,0
557300,0,0,0,0,0,0
557400,0,0,0,0,0,0
557500,0,0,0,0,0,0
557600,0,0,0,0,0,0
557700,0,0,0,0,0,0
557800,0,0,0,0,0,0
557900,0,0,0,0,0,0
558000,0,0,0,0,0,0
558100,0,0,0,0,0,0
558200,0,0,0,0,0,0
558300,0,0,0,0,0,0
558400,0,0,0,0,0,0
558500,0,0,0,0,0,0
558600,0,0,0,0,0,0
558700,0,0,0,0,0,0
558800,0,0,0,0,0,0
558900,0,0,0,0,1,0
559000,0,0,0,0,0,0
559100,0,0,0,0,0,0
559200,0,0,0,0,0,0
559300,0,0,0,0,0,0
559400,0,0,0,0,0,0
559500,0,0,0,0,0,0
559600,0,0,0,0,0,0
559700,0,0,0,0,0,0
559800,0,0,0,0,0,0
559900,0,0,0,0,0,0
560000,0,0,0,0,0,0
560100,0,0,0,0,0,0
560200,0,0,0,0,0,0
560300,0,0,0,0,0,0
560400,0,0,0,0,0,0
560500,0,0,0,0,0,0
560600,0,0,0,0,0,0
560700,0,0,0,0,0,0
560800,0,0,0,0,0,0
560900,0,0,0,0,0,0
561000,0,0,0,0,0,0
561100,0,0,0,0,0,0
561200,0,0,0,0,0,0
561300,0,0,0,0,0,0
561400,0,0,0,0,0,0
561500,0,0,0,0,0,0
561600,0,0,0,0,0,0
561700,0,0,0,0,0,0
561800,0,0,0,0,0,0
561900,0,0,0,0,0,0
562000,0,0,0,0,0,0
562100,0,0,0,0,0,0
562200,0,0,0,0,0,0
562300,0,0,0,0,0,0
562400,0,0,0,0,0,0
562500,0,0,0,0,0,0
562600,0,0,0,0,0,0
562700,0,0,0,0,0,0
562800,0,0,0,0,0,0
562900,0,0,0,0,0,0
563000,0,0,0,0,0,0
563100,0,0,0,0,0,0
563200,0,0,0,0,0,0
563300,0,0,0,0,0,0
563400,0,0,0,0,0,0
563500,0,0,0,0,0,0
563600,0,0,0,0,0,0
563700,0,0,0,0,0,0
563800,0,0,0,0,0,0
563900,1,0,0,0,0,0
564000,0,0,0,0,0,0
564100,0,0,0,0,0,0
564200,0,0,0,0,0,0
564300,0,0,0,0,0,0
564400,0,0,0,0,0,0
564500,0,0,0,0,0,0
564600,0,0,0,0,0,0
564700,0,0,0,0,0,0
564800,0,0,0,0,0,0
564900,0,0,0,0,0,0
565000,0,0,0,0,0,0
565100,0,0,0,0,0,0
565200,0,0,0,0,0,0
565300,0,0,0,0,0,0
565400,0,0,0,0,0,0
565500,0,0,0,0,0,0
565600,0,0,0,0,0,0
565700,0,0,0,0,0,0
565800,0,0,0,0,0,0
565900,1,0,0,0,0,0
566000,0,0,0,0,0,0
566100,0,0,0,0,0,0
566200,0,0,0,0,0,0
566300,0,0,0,0,0,0
566400,0,0,0,0,0,0
566500,0,0,0,0,0,0
566600,0,0,0,0,0,0
566700,0,0,0,0,0,0
566800,0,0,0,0,0,0
566900,0,0,0,0,0,0
567000,0,0,0,0,0,0
567100,0,0,0,0,0,0
567200,0,0,0,0,0,0
567300,0,0,0,0,0,0
567400,0,0,0,0,0,0
567500,0,0,0,0,0,0
567600,0,0,0,0,0,0
567700,1,0,0,0,0,0
567800,0,0,0,0,0,0
567900,0,0,0,0,0,0
568000,0,0,0,0,0,0
568100,0,0,0,0,0,0
568200,0,0,0,0,0,0
568300,0,0,0,0,0,0
568400,0,0,0,0,0,0
568500,0,0,0,0,0,0
568600,0,0,0,0,0,0
568700,0,0,0,0,0,0
568800,0,0,0,0,0,0
568900,0,0,0,0,0,0
569000,0,0,0,0,0,0
569100,0,0,0,0,0,0
569200,0,0,0,0,0,0
569300,0,0,0,0,0,0
569400,0,0,0,0,0,0
569500,0,0,0,0,0,0
569600,0,0,0,0,0,0
569700,0,0,0,0,0,0
569800,0,0,0,0,0,0
569900,0,0,0,0,0,0
570000,0,0,0,0,0,0
570100,0,0,0,0,0,0
570200,0,0,0,0,0,0
570300,0,0,0,0,0,0
570400,0,0,0,0,0,0
570500,0,0,0,0,0,0
570600,0,0,0,0,0,0
570700,0,0,0,0,0,0
570800,0,0,0,0,0,0
570900,0,0,0,0,0,0
571000,0,0,0,0,0,0
571100,0,0,0,0,0,0
571200,0,0,0,0,0,0
571300,0,0,0,0,0,0
571400,0,0,0,0,0,0
571500,1,0,0,0,0,0
571600,0,0,0,0,0,0
571700,0,0,0,0,0,0
571800,0,0,0,0,0,0
571900,0,0,0,0,0,0
572000,0,0,0,0,0,0
572100,0,0,0,0,0,0
572200,0,0,0,0,0,0
572300,0,0,0,0,0,0
572400,0,0,0,0,0,0
572500,1,0,0,0,0,0
572600,0,0,0,0,0,0
572700,0,0,0,0,0,0
572800,0,0,0,0,0,0
572900,0,0,0,0,0,0
573000,0,0,0,0,0,0
573100,0,0,0,0,0,0
573200,0,0,0,0,0,0
573300,0,0,0,0,0,0
573400,1,0,0,0,0,0
573500,0,0,0,0,0,0
573600,1,0,0,0,0,0
573700,0,0,0,0,0,0
573800,0,0,0,0,0,0
573900,0,0,0,0,0,0
574000,0,0,0,0,0,0
574100,0,0,0,0,0,0
574200,0,0,0,0,0,0
574300,0,0,0,0,0,0
574400,0,0,0,0,0,0
574500,0,0,0,0,0,0
574600,0,0,0,0,0,0
574700,0,0,0,0,0,0
574800,0,0,0,0,0,0
574900,0,0,0,0,0,0
575000,0,0,0,0,0,0
575100,0,0,0,0,0,0
575200,1,0,0,0,0,0
575300,0,0,0,0,0,0
575400,0,0,0,0,0,0
575500,0,0,0,0,0,0
575600,0,0,0,0,0,0
575700,0,0,0,0,0,0
575800,1,0,0,0,0,0
575900,0,0,0,0,0,0
576000,0,0,0,0,0,0
576100,0,0,0,0,0,0
576200,0,0,0,0,0,0
576300,0,0,0,0,0,0
576400,1,0,0,0,0,0
576500,0,0,0,0,0,0
576600,0,0,0,0,0,0
576700,0,0,0,0,0,0
576800,0,0,0,0,0,0
576900,0,0,0,0,0,0
577000,0,0,0,0,0,0
577100,0,0,0,0,0,0
577200,0,0,0,0,0,0
577300,0,0,0,0,0,0
577400,0,0,0,0,0,0
577500,0,0,0,0,0,0
577600,1,0,0,0,0,0
577700,0,0,0,0,0,0
577800,0,0,0,0,0,0
577900,0,0,0,0,0,0
578000,0,0,0,0,0,0
578100,0,0,0,0,0,0
578200,1,0,0,0,0,0
578300,0,0,0,0,0,0
578400,0,0,0,0,0,0
578500,0,0,0,0,0,0
578600,0,0,0,0,0,0
578700,0,0,0,0,0,0
578800,0,0,0,0,0,0
578900,1,0,0,0,0,0
579000,0,0,0,0,0,0
579100,0,0,0,0,0,0
579200,0,0,0,0,0,0
579300,0,0,0,0,0,0
579400,0,0,0,0,0,0
579500,0,0,0,0,0,0
579600,0,0,0,0,0,0
579700,0,0,0,0,0,0
579800,0,0,0,0,0,0
579900,0,0,0,0,0,0
580000,0,0,0,0,0,0
580100,0,0,0,0,0,0
580200,0,0,0,0,0,0
580300,0,0,0,0,0,0
580400,0,0,0,0,0,0
580500,0,0,0,0,0,0
580600,0,0,0,0,0,0
580700,0,0,0,0,0,0
580800,0,0,0,0,0,0
580900,0,0,0,0,0,0
581000,0,0,0,0,0,0
581100,0,0,0,0,0,0
581200,0,0,0,0,0,0
581300,0,0,0,0,0,0
581400,0,0,0,0,0,0
581500,0,0,0,0,0,0
581600,0,0,0,0,0,0
581700,0,0,0,0,0,0
581800,0,0,0,0,0,0
581900,0,0,0,0,0,0
582000,0,0,0,0,0,0
582100,0,0,0,0,0,0
582200,0,0,0,0,0,0
582300,0,0,0,0,0,0
582400,0,0,0,0,0,0
582500,0,0,0,0,0,0
582600,0,0,0,0,0,0
582700,0,0,0,0,0,0
582800,0,0,0,0,0,0
582900,0,0,0,0,0,0
583000,0,0,0,0,0,0
583100,0,0,0,0,0,0
583200,0,0,0,0,0,0
583300,0,0,0,0,0,0
583400,0,0,0,0,0,0
583500,0,0,0,0,0,0
583600,0,0,0,0,0,0
583700,0,0,0,0,0,0
583800,0,0,0,0,0,0
583900,0,0,0,0,0,0
584000,0,0,0,0,0,0
584100,0,0,0,0,0,0
584200,0,0,0,0,0,0
584300,0,0,0,0,0,0
584400,0,0,0,0,0,0
584500,0,0,0,0,0,0
584600,0,0,0,0,0,0
584700,0,0,0,0,0,0
584800,0,0,0,0,0,0
584900,0,0,0,0,0,0
585000,0,0,0,0,0,0
585100,0,0,0,0,0,0
585200,0,0,0,0,0,0
585300,0,0,0,0,0,0
585400,0,0,0,0,0,0
585500,0,0,0,0,0,0
585600,0,0,0,0,0,0
585700,0,0,0,0,0,0
585800,0,0,0,0,0,0
585900,0,0,0,0,0,0
586000,0,0,0,0,0,0
586100,0,0,0,0,0,0
586200,0,0,0,0,0,0
586300,0,0,0,0,0,0
586400,0,0,0,0,0,0
586500,0,0,0,0,0,0
586600,0,0,0,0,0,0
586700,0,0,0,0,0,0
586800,0,0,0,0,0,0
586900,0,0,0,0,0,0
587000,0,0,0,0,0,0
587100,0,0,0,0,0,0
587200,0,0,0,0,0,0
587300,0,0,0,0,0,0
587400,0,0,0,0,0,0
587500,0,0,0,0,0,0
587600,0,0,0,0,0,0
587700,0,0,0,0,0,0
587800,0,0,0,0,0,0
587900,0,0,0,0,0,0
588000,0,0,0,0,0,0
588100,0,0,0,0,0,0
588200,0,0,0,0,0,0
588300,0,0,0,0,0,0
588400,0,0,0,0,0,0
588500,0,0,0,0,0,0
588600,0,0,0,0,0,0
588700,0,0,0,0,0,0
588800,0,0,0,0,0,0
588900,0,0,0,0,0,0
589000,0,0,0,0,0,0
589100,0,0,0,0,0,0
589200,0,0,0,0,0,0
589300,0,0,0,0,0,0
589400,0,0,0,0,0,0
589500,0,0,0,0,0,0
589600,0,0,0,0,0,0
589700,0,0,0,0,0,0
589800,0,0,0,0,0,0
589900,0,0,0,0,0,0
590000,0,0,0,0,0,0
590100,0,0,0,0,0,0
590200,0,0,0,0,0,0
590300,0,0,0,0,0,0
590400,0,0,0,0,0,0
590500,0,0,0,0,0,0
590600,0,0,0,0,0,0
590700,0,0,0,0,0,0
590800,0,0,0,0,0,0
590900,0,0,0,0,0,0
591000,0,0,0,0,0,0
591100,0,0,0,0,0,0
591200,0,0,0,0,0,0
591300,0,0,0,0,0,0
591400,0,0,0,0,0,0
591500,0,0,0,0,0,0
591600,0,0,0,0,0,0
591700,0,0,0,0,0,0
591800,0,0,0,0,0,0
591900,0,0,0,0,0,0
592000,0,0,0,0,0,0
592100,0,0,0,0,0,0
592200,0,0,0,0,0,0
592300,0,0,0,0,0,0
592400,0,0,0,0,0,0
592500,0,0,0,0,0,0
592600,0,0,0,0,0,0
592700,0,0,0,0,0,0
592800,0,0,0,0,0,0
592900,0,0,0,0,0,0
593000,0,0,0,0,0,0
593100,0,0,0,0,0,0
593200,0,0,0,0,0,0
593300,0,0,0,0,0,0
593400,0,0,0,0,0,0
593500,0,0,0,0,0,0
593600,0,0,1,0,0,0
593700,0,0,0,0,0,0
593800,0,0,0,0,0,0
593900,0,0,0,0,0,0
594000,0,0,0,0,0,0
594100,0,0,0,0,0,0
594200,0,0,0,0,0,0
594300,0,0,0,0,0,0
594400,0,0,0,0,0,0
594500,0,0,0,0,0,0
594600,0,0,0,0,0,0
594700,0,0,0,0,0,0
594800,0,0,0,0,0,0
594900,0,0,0,0,0,0
595000,0,0,0,0,0,0
595100,0,0,0,0,0,0
595200,0,0,0,0,0,0
595300,0,0,0,0,0,0
595400,0,0,0,0,0,0
595500,0,0,0,0,0,0
595600,0,0,0,0,0,0
595700,0,0,0,0,0,0
595800,0,0,0,0,1,0
595900,0,0,0,0,0,0
596000,0,0,0,0,0,0
596100,0,0,0,0,0,0
596200,0,0,0,0,0,0
596300,0,0,0,0,0,0
596400,0,0,0,0,0,0
596500,0,0,0,0,0,0
596600,0,0,0,0,0,0
596700,0,0,0,0,0,0
596800,0,0,0,0,0,0
596900,0,0,0,0,1,0
597000,0,0,0,0,0,0
597100,0,0,0,0,0,0
597200,0,0,0,0,0,0
597300,0,0,0,0,0,0
597400,0,0,0,0,0,0
597500,0,0,0,0,0,0
597600,0,0,0,0,0,0
597700,0,0,0,0,0,0
597800,0,0,0,0,0,0
597900,0,0,0,0,0,0
598000,0,0,0,0,1,0
598100,0,0,0,0,0,0
598200,0,0,0,0,0,0
598300,0,0,0,0,0,0
598400,0,0,0,0,0,0
598500,0,0,0,0,0,0
598600,0,0,0,0,0,0
598700,0,0,0,0,0,0
598800,0,0,0,0,0,0
598900,0,0,0,0,0,0
599000,0,0,0,0,0,0
599100,0,0,0,0,0,0
599200,0,0,0,0,0,0
599300,0,0,0,0,0,0
599400,0,0,0,0,0,0
599500,0,0,0,0,0,0
599600,0,0,0,0,0,0
599700,0,0,0,0,0,0
599800,0,0,0,0,0,0
599900,0,0,0,0,0,0
600000,0,0,0,0,0,0
600100,0,0,0,0,0,0
600200,0,0,0,0,0,0
600300,0,0,0,0,0,0
600400,0,0,0,0,0,0
600500,0,0,0,0,0,0
600600,0,0,0,0,0,0
600700,0,0,0,0,0,0
600800,0,0,0,0,0,0
600900,0,0,0,0,0,0
601000,0,0,0,0,0,0
601100,0,0,0,0,0,0
601200,0,0,0,0,0,0
601300,0,0,0,0,0,0
601400,0,0,0,0,0,0
601500,0,0,0,0,0,0
601600,0,0,0,0,0,0
601700,0,0,0,0,0,0
601800,0,0,0,0,0,0
601900,0,0,0,0,0,0
602000,0,0,0,0,0,0
602100,0,0,0,0,0,0
602200,0,0,0,0,0,0
602300,0,0,0,0,0,0
602400,0,0,0,0,0,0
602500,0,0,0,0,0,0
602600,0,0,0,0,0,0
602700,0,0,0,0,0,0
602800,0,0,0,0,0,0
602900,0,0,0,0,0,0
603000,0,0,0,0,0,0
603100,1,0,0,0,0,0
603200,0,0,0,0,0,0
603300,0,0,0,0,0,0
603400,0,0,0,0,0,0
603500,0,0,0,0,0,0
603600,0,0,0,0,0,0
603700,0,0,0,0,0,0
603800,0,0,0,0,0,0
603900,0,0,0,0,0,0
604000,0,0,0,0,0,0
604100,0,0,0,0,0,0
604200,0,0,0,0,0,0
604300,0,0,0,0,0,0
604400,0,0,0,0,0,0
604500,0,0,0,0,0,0
604600,0,0,0,0,0,0
604700,0,0,0,0,0,0
604800,0,0,0,0,0,0
604900,0,0,0,0,0,0
605000,0,0,0,0,0,0
605100,0,0,0,0,0,0
605200,0,0,0,0,0,0
605300,0,0,0,0,0,0
605400,0,0,0,0,0,0
605500,0,0,0,0,0,0
605600,0,0,0,0,0,0
605700,0,0,0,0,0,0
605800,0,0,0,0,0,0
605900,0,0,0,0,0,0
606000,0,0,0,0,0,0
606100,0,0,0,0,0,0
606200,0,0,1,0,0,0
606300,0,0,0,0,0,0
606400,0,0,0,0,0,0
606500,0,0,0,0,0,0
606600,0,0,0,0,0,0
606700,0,0,0,0,0,0
606800,0,0,0,0,0,0
606900,0,0,0,0,0,0
607000,0,0,0,0,0,0
607100,0,0,0,0,0,0
607200,0,0,0,0,0,0
607300,0,0,0,0,0,0
607400,0,0,0,0,0,0
607500,0,0,0,0,0,0
607600,0,0,0,0,0,0
607700,0,0,0,0,0,0
607800,0,0,0,0,0,0
607900,0,0,0,0,0,0
608000,0,0,0,0,0,0
608100,0,0,0,0,0,0
608200,0,0,0,0,0,0
608300,0,0,0,0,0,0
608400,0,0,0,0,0,0
608500,0,0,0,0,0,0
608600,0,0,0,0,1,0
608700,0,0,0,0,0,0
608800,0,0,0,0,0,0
608900,0,0,0,0,0,0
609000,0,0,0,0,0,0
609100,0,0,0,0,0,0
609200,0,0,0,0,0,0
609300,0,0,0,0,0,0
609400,0,0,0,0,0,0
609500,0,0,0,0,0,0
609600,0,0,0,0,0,0
609700,0,0,0,0,0,0
609800,0,0,0,0,0,0
609900,0,0,0,0,0,0
610000,0,0,0,0,0,0
610100,0,0,0,0,0,0
610200,0,0,0,0,0,0
610300,0,0,0,0,0,0
610400,0,0,0,0,0,0
610500,0,0,0,0,0,0
610600,0,0,0,0,0,0
610700,0,0,0,0,0,0
610800,0,0,0,0,0,0
610900,0,0,0,0,0,0
611000,0,0,0,0,1,0
611100,0,0,0,0,0,0
611200,0,0,0,0,0,0
611300,0,0,0,0,0,0
611400,0,0,0,0,0,0
611500,0,0,0,0,0,0
611600,0,0,0,0,0,0
611700,0,0,0,0,0,0
611800,0,0,0,0,0,0
611900,0,0,0,0,0,0
612000,0,0,0,0,0,0
612100,0,0,0,0,0,0
612200,0,0,0,0,0,0
612300,0,0,0,0,0,0
612400,0,0,0,0,0,0
612500,0,0,0,0,0,0
612600,0,0,0,0,0,0
612700,0,0,0,0,0,0
612800,0,0,0,0,0,0
612900,0,0,0,0,0,0
613000,0,0,0,0,0,0
613100,0,0,0,0,0,0
613200,0,0,0,0,0,0
613300,0,0,0,0,0,0
613400,0,0,0,0,0,0
613500,0,0,0,0,0,0
613600,0,0,0,0,0,0
613700,0,0,0,0,0,0
613800,0,0,0,0,0,0
613900,0,0,0,0,0,0
614000,0,0,0,0,0,0
614100,0,0,0,0,0,0
614200,0,0,0,0,0,0
614300,0,0,0,0,0,0
614400,0,0,0,0,0,0
614500,0,0,0,0,0,0
614600,0,0,0,0,0,0
614700,0,0,0,0,0,0
614800,0,0,0,0,0,0
614900,0,0,0,0,0,0
615000,0,0,0,0,1,0
615100,0,0,0,0,0,0
615200,0,0,0,0,0,0
615300,0,0,0,0,0,0
615400,0,0,0,0,0,0
615500,0,0,0,0,0,0
615600,0,0,0,0,0,0
615700,0,0,0,0,0,0
615800,0,0,0,0,0,0
615900,0,0,0,0,0,0
616000,0,0,0,0,0,0
616100,0,0,0,0,0,0
616200,0,0,0,0,0,0
616300,0,0,0,0,0,0
616400,0,0,0,0,0,0
616500,0,0,0,0,0,0
616600,0,0,0,0,0,0
616700,0,0,0,0,0,0
616800,0,0,0,0,0,0
616900,0,0,0,0,0,0
617000,0,0,0,0,0,0
617100,0,0,0,0,0,0
617200,0,0,0,0,0,0
617300,0,0,0,0,0,0
617400,0,0,0,0,0,0
617500,0,0,0,0,0,0
617600,0,0,0,0,0,0
617700,0,0,0,0,0,0
617800,0,0,0,0,0,0
617900,0,0,0,0,0,0
618000,0,0,0,0,0,0
618100,0,0,0,0,0,0
618200,0,0,0,0,0,0
618300,0,0,0,0,0,0
618400,0,0,0,0,0,0
618500,0,0,0,0,0,0
618600,0,0,0,0,0,0
618700,0,0,0,0,0,0
618800,0,0,0,0,0,0
618900,0,0,0,0,0,0
619000,0,0,0,0,0,0
619100,0,0,0,0,0,0
619200,0,0,0,0,0,0
619300,0,0,0,0,0,0
619400,0,0,0,0,0,0
619500,0,0,0,0,0,0
619600,0,0,0,0,0,0
619700,0,0,0,0,0,0
619800,0,0,0,0,0,0
619900,0,0,0,0,0,0
620000,0,0,0,0,0,0
620100,0,0,0,0,0,0
620200,0,0,0,0,0,0
620300,0,0,0,0,0,0
620400,0,0,0,0,0,0
620500,0,0,0,0,0,0
620600,0,0,0,0,0,0
620700,0,0,0,0,0,0
620800,0,0,0,0,0,0
620900,0,0,0,0,0,0
621000,0,0,0,0,0,0
621100,0,0,0,0,0,0
621200,0,0,0,0,0,0
621300,0,0,0,0,0,0
621400,0,0,0,0,0,0
621500,0,0,0,0,0,0
621600,0,0,0,0,0,0
621700,0,0,0,0,0,0
621800,0,0,0,0,0,0
621900,0,0,0,0,0,0
622000,0,0,0,0,0,0
622100,0,0,0,0,0,0
622200,0,0,0,0,0,0
622300,0,0,0,0,0,0
622400,0,0,0,0,0,0
622500,0,0,0,0,0,0
622600,0,0,0,0,0,0
622700,0,0,0,0,0,0
622800,0,0,0,0,0,0
622900,0,0,0,0,0,0
623000,0,0,0,0,0,0
623100,0,0,0,0,0,0
623200,0,0,0,0,0,0
623300,0,0,0,0,0,0
623400,0,0,0,0,0,0
623500,0,0,0,0,0,0
623600,0,0,0,0,0,0
623700,0,0,0,0,0,0
623800,0,0,0,0,0,0
623900,0,0,0,0,0,0
624000,0,0,0,0,0,0
624100,0,0,0,0,0,0
624200,0,0,0,0,0,0
624300,0,0,0,0,0,0
624400,0,0,0,0,0,0
624500,0,0,0,0,0,0
624600,0,0,0,0,0,0
624700,0,0,0,0,0,0
624800,0,0,0,0,0,0
624900,0,0,0,0,0,0
625000,0,0,0,0,0,0
625100,0,0,0,0,0,0
625200,0,0,0,0,0,0
625300,0,0,0,0,0,0
625400,0,0,0,0,0,0
625500,0,0,0,0,0,0
625600,0,0,0,0,0,0
625700,0,0,0,0,0,0
625800,0,0,0,0,0,0
625900,0,0,0,0,0,0
626000,0,0,0,0,0,0
626100,0,0,0,0,0,0
626200,0,0,0,0,0,0
626300,0,0,0,0,0,0
626400,0,0,0,0,0,0
626500,0,0,0,0,0,0
626600,0,0,0,0,0,0
626700,0,0,0,0,0,0
626800,0,0,0,0,0,0
626900,0,0,0,0,0,0
627000,0,0,0,0,0,0
627100,0,0,0,0,0,0
627200,0,0,0,0,0,0
627300,0,0,0,0,0,0
627400,0,0,0,0,0,0
627500,0,0,0,0,0,0
627600,0,0,0,0,0,0
627700,0,0,0,0,0,0
627800,0,0,0,0,0,0
627900,0,0,0,0,0,0
628000,0,0,0,0,0,0
628100,0,0,0,0,0,0
628200,0,0,0,0,0,0
628300,0,0,0,0,0,0
628400,0,0,0,0,0,0
628500,0,0,0,0,0,0
628600,0,0,0,0,0,0
628700,0,0,0,0,0,0
628800,0,0,0,0,0,0
628900,0,0,0,0,0,0
629000,0,0,0,0,0,0
629100,0,0,0,0,0,0
629200,0,0,0,0,0,0
629300,0,0,0,0,0,0
629400,0,0,0,0,0,0
629500,0,0,0,0,0,0
629600,0,0,0,0,0,0
629700,0,0,0,0,0,0
629800,0,0,0,0,0,0
629900,0,0,0,0,0,0
630000,0,0,0,0,0,0
630100,0,0,0,0,0,0
630200,0,0,0,0,0,0
630300,0,0,0,0,0,0
630400,0,0,0,0,0,0
630500,0,0,0,0,0,0
630600,0,0,0,0,0,0
630700,0,0,0,0,0,0
630800,0,0,0,0,0,0
630900,0,0,0,0,0,0
631000,0,0,0,0,0,0
631100,0,0,0,0,0,0
631200,0,0,0,0,0,0
631300,0,0,0,0,0,0
631400,0,0,0,0,0,0
631500,0,0,0,0,0,0
631600,0,0,0,0,0,0
631700,0,0,0,0,0,0
631800,0,0,0,0,0,0
631900,0,0,0,0,0,0
632000,0,0,0,0,0,0
632100,0,0,0,0,0,0
632200,0,0,0,0,0,0
632300,0,0,0,0,0,0
632400,0,0,0,0,0,0
632500,0,0,0,0,0,0
632600,0,0,0,0,0,0
632700,0,0,0,0,0,0
632800,0,0,0,0,0,0
632900,0,0,0,0,0,0
633000,0,0,0,0,0,0
633100,0,0,0,0,0,0
633200,0,0,0,0,0,0
633300,0,0,0,0,0,0
633400,0,0,0,0,0,0
633500,0,0,0,0,0,0
633600,0,0,0,0,0,0
633700,0,0,0,0,0,0
633800,0,0,0,0,0,0
633900,0,0,0,0,0,0
634000,0,0,0,0,0,0
634100,0,0,0,0,0,0
634200,0,0,0,0,0,0
634300,0,0,0,0,0,0
634400,0,0,0,0,0,0
634500,0,0,0,0,0,0
634600,0,0,0,0,0,0
634700,0,0,0,0,0,0
634800,0,0,0,0,0,0
634900,0,0,0,0,0,0
635000,0,0,0,0,0,0
635100,0,0,0,0,0,0
635200,0,0,0,0,0,0
635300,0,0,0,0,0,0
635400,0,0,0,0,0,0
635500,0,0,0,0,0,0
635600,0,0,0,0,0,0
635700,0,0,0,0,0,0
635800,0,0,0,0,0,0
635900,0,0,0,0,0,0
636000,0,0,0,0,0,0
636100,0,0,0,0,0,0
636200,0,0,0,0,0,0
636300,0,0,0,0,0,0
636400,0,0,0,0,0,0
636500,0,0,0,0,0,0
636600,0,0,0,0,0,0
636700,0,0,0,0,0,0
636800,0,0,0,0,0,0
636900,0,0,0,0,0,0
637000,0,0,0,0,0,0
637100,0,0,0,0,0,0
637200,0,0,0,0,0,0
637300,0,0,0,0,0,0
637400,0,0,0,0,0,0
637500,0,0,0,0,0,0
637600,0,0,0,0,0,0
637700,0,0,0,0,0,0
637800,0,0,0,0,0,0
637900,0,0,0,0,0,0
638000,0,0,0,0,0,0
638100,0,0,0,0,0,0
638200,0,0,0,0,0,0
638300,0,0,0,0,0,0
638400,0,0,0,0,0,0
638500,0,0,0,0,0,0
638600,0,0,0,0,0,0
638700,0,0,0,0,0,0
638800,0,0,0,0,0,0
638900,0,0,0,0,0,0
639000,0,0,0,0,0,0
639100,0,0,0,0,0,0
639200,0,0,0,0,0,0
639300,0,0,0,0,0,0
639400,0,0,0,0,0,0
639500,0,0,0,0,0,0
639600,0,0,0,0,0,0
639700,0,0,0,0,0,0
639800,0,0,0,0,0,0
639900,0,0,0,0,0,0
640000,0,0,0,0,0,0
640100,0,0,0,0,0,0
640200,0,0,0,0,0,0
640300,0,0,0,0,0,0
640400,0,0,0,0,0,0
640500,0,0,0,0,0,0
640600,0,0,0,0,0,0
640700,0,0,0,0,0,0
640800,0,0,0,0,0,0
640900,0,0,0,0,0,0
641000,0,0,0,0,0,0
641100,0,0,0,0,0,0
641200,0,0,0,0,0,0
641300,0,0,0,0,0,0
641400,0,0,0,0,0,0
641500,0,0,0,0,0,0
641600,0,0,0,0,0,0
641700,0,0,0,0,0,0
641800,0,0,0,0,0,0
641900,0,0,0,0,0,0
642000,0,0,0,0,0,0
642100,0,0,0,0,0,0
642200,0,0,0,0,0,0
642300,0,0,0,0,0,0
642400,0,0,0,0,0,0
642500,0,0,0,0,0,0
642600,0,0,0,0,0,0
642700,0,0,0,0,0,0
642800,0,0,0,0,0,0
642900,0,0,0,0,0,0
643000,0,0,0,0,0,0
643100,0,0,0,0,0,0
643200,0,0,0,0,0,0
643300,0,0,0,0,0,0
643400,0,0,0,0,0,0
643500,0,0,0,0,0,0
643600,0,0,0,0,0,0
643700,0,0,0,0,0,0
643800,0,0,0,0,0,0
643900,0,0,0,0,0,0
644000,0,0,0,0,0,0
644100,0,0,0,0,0,0
644200,0,0,0,0,0,0
644300,0,0,0,0,0,0
644400,0,0,0,0,0,0
644500,0,0,0,0,0,0
644600,0,0,0,0,0,0
644700,0,0,0,0,0,0
644800,0,0,0,0,0,0
644900,0,0,0,0,0,0
645000,0,0,0,0,0,0
645100,0,0,0,0,0,0
645200,0,0,0,0,0,0
645300,0,0,0,0,0,0
645400,0,0,0,0,0,0
645500,0,0,0,0,0,0
645600,0,0,0,0,0,0
645700,0,0,0,0,0,0
645800,0,0,0,0,0,0
645900,0,0,0,0,0,0
646000,0,0,0,0,0,0
646100,0,0,0,0,0,0
646200,0,0,0,0,0,0
646300,0,0,0,0,0,0
646400,0,0,0,0,0,0
646500,0,0,0,0,0,0
646600,0,0,0,0,0,0
646700,0,0,0,0,0,0
646800,0,0,0,0,0,0
646900,0,0,0,0,0,0
647000,0,0,0,0,0,0
647100,0,0,0,0,0,0
647200,0,0,0,0,0,0
647300,0,0,0,0,0,0
647400,0,0,0,0,0,0
647500,0,0,0,0,0,0
647600,0,0,0,0,0,0
647700,0,0,0,0,0,0
647800,0,0,0,0,0,0
647900,0,0,0,0,0,0
648000,0,0,0,0,0,0
648100,0,0,0,0,0,0
648200,0,0,0,0,0,0
648300,0,0,0,0,0,0
648400,0,0,0,0,0,0
648500,0,0,0,0,0,0
648600,0,0,0,0,0,0
648700,0,0,0,0,0,0
648800,0,0,0,0,0,0
648900,0,0,0,0,0,0
649000,0,0,0,0,0,0
649100,0,0,0,0,0,0
649200,0,0,0,0,0,0
649300,0,0,0,0,0,0
649400,0,0,0,0,0,0
649500,0,0,0,0,0,0
649600,0,0,0,0,0,0
649700,0,0,0,0,0,0
649800,0,0,0,0,0,0
649900,0,0,0,0,0,0
650000,0,0,0,0,0,0
650100,0,0,0,0,0,0
650200,0,0,0,0,0,0
650300,0,0,0,0,0,0
650400,0,0,0,0,0,0
650500,0,0,0,0,0,0
650600,0,0,0,0,0,0
650700,0,0,0,0,0,0
650800,0,0,0,0,0,0
650900,0,0,0,0,0,0
651000,0,0,0,0,0,0
651100,0,0,0,0,0,0
651200,0,0,0,0,0,0
651300,0,0,0,0,0,0
651400,0,0,0,0,0,0
651500,0,0,0,0,0,0
651600,0,0,0,0,0,0
651700,0,0,0,0,0,0
651800,0,0,0,0,0,0
651900,0,0,0,0,0,0
652000,0,0,0,0,0,0
652100,0,0,0,0,0,0
652200,0,0,0,0,0,0
652300,0,0,0,0,0,0
652400,0,0,0,0,0,0
652500,0,0,0,0,0,0
652600,0,0,0,0,0,0
652700,0,0,0,0,0,0
652800,0,0,0,0,0,0
652900,0,0,0,0,0,0
653000,0,0,0,0,0,0
653100,0,0,0,0,0,0
653200,0,0,0,0,0,0
653300,0,0,0,0,0,0
653400,0,0,0,0,0,0
653500,0,0,0,0,0,0
653600,0,0,0,0,0,0
653700,0,0,0,0,0,0
653800,0,0,0,0,0,0
653900,0,0,0,0,0,0
654000,0,0,0,0,0,0
654100,0,0,0,0,0,0
654200,0,0,0,0,0,0
654300,0,0,0,0,0,0
654400,0,0,0,0,0,0
654500,0,0,0,0,0,0
654600,0,0,0,0,0,0
654700,0,0,0,0,0,0
654800,0,0,0,0,0,0
654900,0,0,0,0,0,0
655000,0,0,0,0,0,0
655100,0,0,0,0,0,0
655200,0,0,0,0,0,0
655300,1,0,0,0,0,0
655400,0,0,0,0,0,0
655500,0,0,0,0,0,0
655600,0,0,0,0,0,0
655700,0,0,0,0,0,0
655800,0,0,0,0,0,0
655900,0,0,0,0,0,0
656000,0,0,0,0,0,0
656100,0,0,0,0,0,0
656200,0,0,0,0,0,0
656300,0,0,0,0,0,0
656400,0,0,0,0,0,0
656500,0,0,0,0,0,0
656600,0,0,0,0,0,0
656700,0,0,0,0,0,0
656800,0,0,0,0,0,0
656900,0,0,0,0,0,0
657000,0,0,0,0,0,0
657100,0,0,0,0,0,0
657200,0,0,0,0,0,0
657300,0,0,0,0,0,0
657400,0,0,0,0,0,0
657500,0,0,0,0,0,0
657600,0,0,0,0,0,0
657700,0,0,0,0,0,0
657800,0,0,0,0,0,0
657900,0,0,0,0,0,0
658000,0,0,0,0,0,0
658100,0,0,0,0,0,0
658200,0,0,0,0,0,0
658300,0,0,0,0,0,0
658400,0,0,0,0,0,0
658500,0,0,0,0,0,0
658600,0,0,0,0,0,0
658700,0,0,0,0,0,0
658800,0,0,0,0,0,0
658900,0,0,0,0,0,0
659000,0,0,0,0,0,0
659100,0,0,0,0,0,0
659200,0,0,0,0,0,0
659300,0,0,0,0,0,0
659400,0,0,0,0,0,0
659500,0,0,0,0,0,0
659600,0,0,0,0,0,0
659700,0,0,0,0,0,0
659800,0,0,0,0,0,0
659900,0,0,0,0,0,0
660000,0,0,0,0,0,0
660100,0,0,0,0,0,0
660200,0,0,0,0,0,0
660300,0,0,0,0,0,0
660400,0,0,0,0,0,0
660500,0,0,0,0,0,0
660600,0,0,0,0,0,0
660700,0,0,0,0,0,0
660800,0,0,0,0,0,0
660900,0,0,0,0,0,0
661000,0,0,0,0,0,0
661100,0,0,0,0,0,0
661200,0,0,0,0,0,0
661300,0,0,0,0,0,0
661400,0,0,0,0,0,0
661500,0,0,0,0,0,0
661600,0,0,0,0,0,0
661700,0,0,0,0,0,0
661800,1,0,0,0,0,0
661900,0,0,0,0,0,0
662000,0,0,0,0,0,0
662100,0,0,0,0,0,0
662200,1,0,0,0,0,0
662300,0,0,0,0,0,0
662400,0,0,0,0,0,0
662500,0,0,0,0,0,0
662600,0,0,0,0,0,0
662700,0,0,0,0,0,0
662800,0,0,0,0,0,0
662900,0,0,0,0,0,0
663000,0,0,0,0,0,0
663100,0,0,0,0,0,0
663200,0,0,0,0,0,0
663300,0,0,0,0,0,0
663400,0,0,0,0,0,0
663500,0,0,0,0,0,0
663600,0,0,0,0,0,0
663700,0,0,0,0,0,0
663800,0,0,0,0,0,0
663900,0,0,0,0,0,0
664000,0,0,0,0,0,0
664100,0,0,0,0,0,0
664200,0,0,0,0,0,0
664300,0,0,0,0,0,0
664400,0,0,0,0,0,0
664500,0,0,0,0,0,0
664600,0,0,0,0,0,0
664700,0,0,0,0,0,0
664800,0,0,0,0,0,0
664900,0,0,0,0,0,0
665000,0,0,0,0,0,0
665100,0,0,0,0,0,0
665200,0,0,0,0,0,0
665300,0,0,0,0,0,0
665400,0,0,0,0,0,0
665500,0,0,0,0,0,0
665600,0,0,0,0,0,0
665700,0,0,0,0,0,0
665800,0,0,0,0,0,0
665900,0,0,0,0,0,0
666000,0,0,0,0,0,0
666100,0,0,0,0,0,0
666200,0,0,0,0,0,0
666300,0,0,0,0,0,0
666400,0,0,0,0,0,0
666500,0,0,0,0,0,0
666600,0,0,0,0,0,0
666700,0,0,0,0,0,0
666800,1,0,0,0,0,0
666900,0,0,0,0,0,0
667000,0,0,0,0,0,0
667100,1,0,0,0,0,0
667200,0,0,0,0,0,0
667300,0,0,0,0,0,0
667400,1,0,0,0,0,0
667500,0,0,0,0,0,0
667600,0,0,0,0,0,0
667700,0,0,0,0,0,0
667800,0,0,0,0,0,0
667900,0,0,0,0,0,0
668000,0,0,0,0,0,0
668100,0,0,0,0,0,0
668200,0,0,0,0,0,0
668300,0,0,0,0,0,0
668400,0,0,0,0,0,0
668500,0,0,0,0,0,0
668600,0,0,0,0,0,0
668700,0,0,0,0,0,0
668800,0,0,0,0,0,0
668900,0,0,0,0,0,0
669000,0,0,0,0,0,0
669100,0,0,0,0,0,0
669200,0,0,0,0,0,0
669300,0,0,0,0,0,0
669400,0,0,0,0,0,0
669500,0,0,0,0,0,0
669600,0,0,0,0,0,0
669700,0,0,0,0,0,0
669800,0,0,0,0,0,0
669900,0,0,0,0,0,0
670000,0,0,0,0,0,0
670100,0,0,0,0,0,0
670200,0,0,0,0,0,0
670300,0,0,0,0,0,0
670400,0,0,0,0,0,0
670500,0,0,0,0,0,0
670600,0,0,0,0,0,0
670700,0,0,0,0,0,0
670800,0,0,0,0,0,0
670900,0,0,0,0,0,0
671000,0,0,0,0,0,0
671100,0,0,0,0,0,0
671200,0,0,0,0,0,0
671300,0,0,0,0,0,0
671400,0,0,0,0,0,0
671500,0,0,0,0,0,0
671600,0,0,0,0,0,0
671700,0,0,0,0,0,0
671800,0,0,0,0,0,0
671900,0,0,0,0,0,0
672000,0,0,0,0,0,0
672100,0,0,0,0,0,0
672200,0,0,0,0,0,0
672300,0,0,0,0,0,0
672400,0,0,0,0,0,0
672500,0,0,0,0,0,0
672600,0,0,0,0,0,0
672700,0,0,0,0,0,0
672800,1,0,0,0,0,0
672900,0,0,0,0,0,0
673000,0,0,0,0,0,0
673100,0,0,0,0,0,0
673200,0,0,0,0,0,0
673300,0,0,0,0,0,0
673400,0,0,0,0,0,0
673500,0,0,0,0,0,0
673600,0,0,0,0,0,0
673700,0,0,0,0,0,0
673800,0,0,0,0,0,0
673900,0,0,0,0,0,0
674000,0,0,0,0,0,0
674100,0,0,0,0,0,0
674200,0,0,0,0,0,0
674300,0,0,0,0,0,0
674400,0,0,0,0,0,0
674500,0,0,0,0,0,0
674600,0,0,0,0,0,0
674700,0,0,0,0,0,0
674800,0,0,0,0,0,0
674900,0,0,0,0,0,0
675000,0,0,0,0,0,0
675100,0,0,0,0,0,0
675200,0,0,0,0,0,0
675300,0,0,0,0,0,0
675400,0,0,0,0,0,0
675500,0,0,0,0,0,0
675600,0,0,0,0,0,0
675700,0,0,0,0,0,0
675800,0,0,0,0,0,0
675900,0,0,0,0,0,0
676000,0,0,0,0,0,0
676100,0,0,0,0,0,0
676200,0,0,0,0,0,0
676300,0,0,0,0,0,0
676400,0,0,0,0,0,0
676500,0,0,0,0,0,0
676600,0,0,0,0,0,0
676700,0,0,0,0,0,0
676800,0,0,0,0,0,0
676900,0,0,0,0,0,0
677000,0,0,0,0,0,0
677100,0,0,0,0,0,0
677200,0,0,0,0,0,0
677300,0,0,0,0,0,0
677400,0,0,0,0,0,0
677500,0,0,0,0,0,0
677600,0,0,0,0,0,0
677700,0,0,0,0,0,0
677800,0,0,0,0,0,0
677900,0,0,0,0,0,0
678000,0,0,0,0,0,0
678100,0,0,0,0,0,0
678200,0,0,0,0,0,0
678300,0,0,0,0,0,0
678400,0,0,0,0,0,0
678500,0,0,0,0,0,0
678600,0,0,0,0,0,0
678700,0,0,0,0,0,0
678800,0,0,0,0,0,0
678900,0,0,0,0,0,0
679000,0,0,0,0,0,0
679100,0,0,0,0,0,0
679200,0,0,0,0,0,0
679300,0,0,0,0,0,0
679400,0,0,0,0,0,0
679500,0,0,0,0,0,0
679600,0,0,0,0,0,0
679700,0,0,0,0,0,0
679800,0,0,0,0,0,0
679900,0,0,0,0,0,0
680000,0,0,0,0,0,0
680100,0,0,0,0,0,0
680200,0,0,0,0,0,0
680300,0,0,0,0,0,0
680400,0,0,0,0,0,0
680500,0,0,0,0,0,0
680600,0,0,0,0,0,0
680700,0,0,0,0,0,0
680800,0,0,0,0,0,0
680900,0,0,0,0,0,0
681000,0,0,0,0,0,0
681100,0,0,0,0,0,0
681200,0,0,0,0,0,0
681300,0,0,0,0,0,0
681400,0,0,0,0,0,0
681500,0,0,0,0,0,0
681600,0,0,0,0,0,0
681700,0,0,0,0,0,0
681800,0,0,0,0,0,0
681900,0,0,0,0,0,0
682000,0,0,0,0,0,0
682100,0,0,0,0,0,0
682200,0,0,0,0,0,0
682300,0,0,0,0,0,0
682400,0,0,0,0,0,0
682500,0,0,0,0,0,0
682600,0,0,0,0,0,0
682700,0,0,0,0,0,0
682800,0,0,0,0,0,0
682900,0,0,0,0,0,0
683000,0,0,0,0,0,0
683100,0,0,0,0,0,0
683200,0,0,0,0,0,0
683300,0,0,0,0,0,0
683400,0,0,0,0,0,0
683500,0,0,0,0,0,0
683600,0,0,0,0,0,0
683700,0,0,0,0,0,0
683800,0,0,0,0,0,0
683900,0,0,0,0,0,0
684000,0,0,0,0,0,0
684100,0,0,0,0,0,0
684200,0,0,0,0,0,0
684300,0,0,0,0,0,0
684400,0,0,0,0,0,0
684500,0,0,0,0,0,0
684600,0,0,0,0,0,0
684700,0,0,0,0,0,0
684800,0,0,0,0,0,0
684900,0,0,0,0,0,0
685000,0,0,0,0,0,0
685100,0,0,0,0,0,0
685200,0,0,0,0,0,0
685300,0,0,0,0,0,0
685400,0,0,0,0,0,0
685500,0,0,0,0,0,0
685600,0,0,0,0,0,0
685700,0,0,0,0,0,0
685800,0,0,0,0,0,0
685900,0,0,0,0,0,0
686000,0,0,0,0,0,0
686100,0,0,0,0,0,0
686200,1,0,0,0,0,0
686300,0,0,0,0,0,0
686400,0,0,0,0,0,0
686500,1,0,0,0,0,0
686600,0,0,0,0,0,0
686700,0,0,0,0,0,0
686800,0,0,0,0,0,0
686900,0,0,0,0,0,0
687000,0,0,0,0,0,0
687100,0,0,0,0,0,0
687200,0,0,0,0,0,0
687300,0,0,0,0,0,0
687400,0,0,0,0,0,0
687500,0,0,0,0,0,0
687600,0,0,0,0,0,0
687700,0,0,0,0,0,0
687800,0,0,0,0,0,0
687900,0,0,0,0,0,0
688000,0,0,0,0,0,0
688100,0,0,0,0,0,0
688200,0,0,0,0,0,0
688300,0,0,0,0,0,0
688400,0,0,0,0,0,0
688500,0,0,0,0,0,0
688600,0,0,0,0,0,0
688700,0,0,0,0,0,0
688800,0,0,0,0,0,0
688900,0,0,0,0,0,0
689000,0,0,0,0,0,0
689100,0,0,0,0,0,0
689200,0,0,0,0,0,0
689300,0,0,0,0,0,0
689400,0,0,0,0,0,0
689500,0,0,0,0,0,0
689600,0,0,0,0,0,0
689700,0,0,0,0,0,0
689800,0,0,0,0,0,0
689900,0,0,0,0,0,0
690000,0,0,0,0,0,0
690100,0,0,0,0,0,0
690200,0,0,0,0,0,0
690300,0,0,0,0,0,0
690400,0,0,0,0,0,0
690500,0,0,0,0,0,0
690600,0,0,0,0,0,0
690700,0,0,0,0,0,0
690800,0,0,0,0,0,0
690900,0,0,0,0,0,0
691000,0,0,0,0,0,0
691100,0,0,0,0,0,0
691200,0,0,0,0,0,0
691300,0,0,0,0,0,0
691400,0,0,0,0,0,0
691500,0,0,0,0,0,0
691600,0,0,0,0,0,0
691700,0,0,0,0,0,0
691800,0,0,0,0,0,0
691900,0,0,0,0,0,0
692000,0,0,0,0,0,0
692100,0,0,0,0,0,0
692200,0,0,0,0,0,0
692300,0,0,0,0,0,0
692400,0,0,0,0,0,0
692500,0,0,0,0,0,0
692600,0,0,0,0,0,0
692700,0,0,0,0,0,0
692800,0,0,0,0,0,0
692900,0,0,0,0,0,0
693000,0,0,0,0,0,0
693100,0,0,0,0,0,0
693200,0,0,0,0,0,0
693300,0,0,0,0,0,0
693400,0,0,0,0,0,0
693500,0,0,0,0,0,0
693600,0,0,0,0,0,0
693700,0,0,0,0,0,0
693800,0,0,0,0,0,0
693900,0,0,0,0,0,0
694000,0,0,0,0,0,0
694100,0,0,0,0,0,0
694200,0,0,0,0,0,0
694300,0,0,0,0,0,0
694400,0,0,0,0,0,0
694500,0,0,0,0,0,0
694600,0,0,0,0,0,0
694700,0,0,0,0,0,0
694800,0,0,0,0,0,0
694900,0,0,0,0,0,0
695000,0,0,0,0,0,0
695100,0,0,0,0,0,0
695200,0,0,0,0,0,0
695300,0,0,0,0,0,0
695400,0,0,0,0,0,0
695500,0,0,0,0,0,0
695600,0,0,0,0,0,0
695700,0,0,0,0,0,0
695800,0,0,0,0,0,0
695900,0,0,0,0,0,0
696000,0,0,0,0,0,0
696100,0,0,0,0,0,0
696200,0,0,0,0,0,0
696300,0,0,0,0,0,0
696400,0,0,0,0,0,0
696500,0,0,0,0,0,0
696600,0,0,0,0,0,0
696700,0,0,0,0,0,0
696800,0,0,0,0,0,0
696900,0,0,0,0,0,0
697000,0,0,0,0,0,0
697100,0,0,0,0,0,0
697200,0,0,0,0,0,0
697300,0,0,0,0,0,0
697400,0,0,0,0,0,0
697500,0,0,0,0,0,0
697600,0,0,0,0,0,0
697700,0,0,0,0,0,0
697800,0,0,0,0,0,0
697900,0,0,0,0,0,0
698000,0,0,0,0,0,0
698100,0,0,0,0,0,0
698200,0,0,0,0,0,0
698300,0,0,0,0,0,0
698400,0,0,0,0,0,0
698500,0,0,0,0,0,0
698600,0,0,0,0,0,0
698700,0,0,0,0,0,0
698800,0,0,0,0,0,0
698900,0,0,0,0,0,0
699000,0,0,0,0,0,0
699100,0,0,0,0,0,0
699200,0,0,0,0,0,0
699300,0,0,0,0,0,0
699400,0,0,0,0,0,0
699500,0,0,0,0,0,0
699600,0,0,0,0,0,0
699700,0,0,0,0,0,0
699800,0,0,0,0,0,0
699900,0,0,0,0,0,0
700000,0,0,0,0,0,0
700100,0,0,0,0,0,0
700200,0,0,0,0,0,0
700300,0,0,0,0,0,0
700400,0,0,0,0,0,0
700500,0,0,0,0,0,0
700600,0,0,0,0,0,0
700700,0,0,0,0,0,0
700800,0,0,0,0,0,0
700900,0,0,0,0,0,0
701000,0,0,0,0,0,0
701100,0,0,0,0,0,0
701200,0,0,0,0,0,0
701300,0,0,0,0,0,0
701400,0,0,0,0,0,0
701500,0,0,0,0,0,0
701600,0,0,0,0,0,0
701700,0,0,0,0,0,0
701800,0,0,0,0,0,0
701900,0,0,0,0,0,0
702000,0,0,0,0,0,0
702100,0,0,0,0,0,0
702200,0,0,0,0,0,0
702300,0,0,0,0,0,0
702400,0,0,0,0,0,0
702500,0,0,0,0,0,0
702600,0,0,0,0,0,0
702700,0,0,0,0,0,0
702800,0,0,0,0,0,0
702900,0,0,0,0,0,0
703000,0,0,0,0,0,0
703100,0,0,0,0,0,0
703200,0,0,0,0,0,0
703300,0,0,0,0,0,0
703400,0,0,0,0,0,0
703500,0,0,0,0,0,0
703600,0,0,0,0,0,0
703700,0,0,0,0,0,0
703800,0,0,0,0,0,0
703900,0,0,0,0,0,0
704000,0,0,0,0,0,0
704100,0,0,0,0,0,0
704200,0,0,0,0,0,0
704300,0,0,0,0,0,0
704400,0,0,0,0,0,0
704500,0,0,0,0,0,0
704600,0,0,0,0,0,0
704700,0,0,0,0,0,0
704800,0,0,0,0,0,0
704900,0,0,0,0,0,0
705000,0,0,0,0,0,0
705100,0,0,0,0,0,0
705200,0,0,0,0,0,0
705300,0,0,0,0,0,0
705400,0,0,0,0,0,0
705500,0,0,0,0,0,0
705600,0,0,0,0,0,0
705700,0,0,0,0,0,0
705800,0,0,0,0,0,0
705900,0,0,0,0,0,0
706000,0,0,0,0,0,0
706100,1,0,0,0,0,0
706200,0,0,0,0,0,0
706300,0,0,0,0,0,0
706400,0,0,0,0,0,0
706500,0,0,0,0,0,0
706600,0,0,0,0,0,0
706700,0,0,0,0,0,0
706800,0,0,0,0,0,0
706900,0,0,0,0,0,0
707000,0,0,0,0,0,0
707100,0,0,0,0,0,0
707200,0,0,0,0,0,0
707300,0,0,0,0,0,0
707400,0,0,0,0,0,0
707500,0,0,0,0,0,0
707600,0,0,0,0,0,0
707700,0,0,0,0,0,0
707800,0,0,0,0,0,0
707900,0,0,0,0,0,0
708000,0,0,0,0,0,0
708100,0,0,0,0,0,0
708200,0,0,0,0,0,0
708300,0,0,0,0,0,0
708400,0,0,0,0,0,0
708500,0,0,0,0,0,0
708600,0,0,0,0,0,0
708700,0,0,0,0,0,0
708800,0,0,0,0,0,0
708900,0,0,0,0,0,0
709000,0,0,0,0,0,0
709100,0,0,0,0,0,0
709200,0,0,0,0,0,0
709300,0,0,0,0,0,0
709400,0,0,0,0,0,0
709500,0,0,0,0,0,0
709600,0,0,0,0,0,0
709700,0,0,0,0,0,0
709800,0,0,0,0,0,0
709900,0,0,0,0,0,0
710000,0,0,0,0,0,0
710100,0,0,0,0,0,0
710200,0,0,0,0,0,0
710300,0,0,0,0,0,0
710400,0,0,0,0,0,0
710500,0,0,0,0,0,0
710600,0,0,0,0,0,0
710700,0,0,0,0,0,0
710800,0,0,0,0,0,0
710900,0,0,0,0,0,0
711000,0,0,0,0,0,0
711100,0,0,0,0,0,0
711200,0,0,0,0,0,0
711300,0,0,0,0,0,0
711400,0,0,0,0,0,0
711500,0,0,0,0,0,0
711600,0,0,0,0,0,0
711700,0,0,0,0,0,0
711800,0,0,0,0,0,0
711900,0,0,0,0,0,0
712000,0,0,0,0,0,0
712100,0,0,0,0,0,0
712200,0,0,0,0,0,0
712300,0,0,0,0,0,0
712400,0,0,0,0,0,0
712500,0,0,0,0,0,0
712600,0,0,0,0,0,0
712700,0,0,0,0,0,0
712800,0,0,0,0,0,0
712900,0,0,0,0,0,0
713000,0,0,0,0,0,0
713100,0,0,0,0,0,0
713200,0,0,0,0,0,0
713300,0,0,0,0,0,0
713400,0,0,0,0,0,0
713500,0,0,0,0,0,0
713600,0,0,0,0,0,0
713700,0,0,0,0,0,0
713800,0,0,0,0,0,0
713900,0,0,0,0,0,0
714000,0,0,0,0,0,0
714100,0,0,0,0,0,0
714200,0,0,0,0,0,0
714300,0,0,0,0,0,0
714400,0,0,0,0,0,0
714500,0,0,0,0,0,0
714600,0,0,0,0,0,0
714700,0,0,0,0,0,0
714800,0,0,0,0,0,0
714900,0,0,0,0,0,0
715000,0,0,0,0,0,0
715100,0,0,0,0,0,0
715200,0,0,0,0,0,0
715300,0,0,0,0,0,0
715400,0,0,0,0,0,0
715500,1,0,0,0,0,0
715600,0,0,0,0,0,0
715700,0,0,0,0,0,0
715800,0,0,0,0,0,0
715900,0,0,0,0,0,0
716000,0,0,0,0,0,0
716100,0,0,0,0,0,0
716200,0,0,0,0,0,0
716300,0,0,0,0,0,0
716400,0,0,0,0,0,0
716500,0,0,0,0,0,0
716600,0,0,0,0,0,0
716700,0,0,0,0,0,0
716800,0,0,0,0,0,0
716900,0,0,0,0,0,0
717000,0,0,0,0,0,0
717100,0,0,0,0,0,0
717200,0,0,0,0,0,0
717300,0,0,0,0,0,0
717400,0,0,0,0,0,0
717500,0,0,0,0,0,0
717600,0,0,0,0,0,0
717700,0,0,0,0,0,0
717800,0,0,0,0,0,0
717900,0,0,0,0,0,0
718000,0,0,0,0,0,0
718100,0,0,0,0,0,0
718200,0,0,0,0,0,0
718300,0,0,0,0,0,0
718400,0,0,0,0,0,0
718500,0,0,0,0,0,0
718600,0,0,0,0,0,0
718700,0,0,0,0,0,0
718800,0,0,0,0,0,0
718900,0,0,0,0,0,0
719000,0,0,0,0,0,0
719100,0,0,0,0,0,0
719200,0,0,0,0,0,0
719300,0,0,0,0,0,0
719400,0,0,0,0,0,0
719500,0,0,0,0,0,0
719600,0,0,0,0,0,0
719700,0,0,0,0,0,0
719800,0,0,0,0,0,0
719900,0,0,0,0,0,0
720000,0,0,0,0,0,0
720100,0,0,0,0,0,0
720200,0,0,0,0,0,0
720300,0,0,0,0,0,0
720400,0,0,0,0,0,0
720500,0,0,0,0,0,0
720600,0,0,0,0,0,0
720700,0,0,0,0,0,0
720800,0,0,0,0,0,0
720900,0,0,0,0,0,0
721000,0,0,0,0,0,0
721100,0,0,0,0,0,0
721200,0,0,0,0,0,0
721300,0,0,0,0,0,0
721400,0,0,0,0,0,0
721500,0,0,0,0,0,0
721600,0,0,0,0,0,0
721700,0,0,0,0,0,0
721800,0,0,0,0,0,0
721900,0,0,0,0,0,0
722000,0,0,0,0,0,0
722100,0,0,0,0,0,0
722200,0,0,0,0,0,0
722300,0,0,0,0,0,0
722400,0,0,0,0,0,0
722500,0,0,0,0,0,0
722600,0,0,0,0,0,0
722700,0,0,0,0,0,0
722800,0,0,0,0,0,0
722900,0,0,0,0,0,0
723000,0,0,0,0,0,0
723100,0,0,0,0,0,0
723200,0,0,0,0,0,0
723300,0,0,0,0,0,0
723400,0,0,0,0,0,0
723500,0,0,0,0,0,0
723600,0,0,0,0,0,0
723700,0,0,0,0,0,0
723800,0,0,0,0,0,0
723900,0,0,0,0,0,0
724000,0,0,0,0,0,0
724100,0,0,0,0,0,0
724200,0,0,0,0,0,0
724300,0,0,0,0,0,0
724400,0,0,0,0,0,0
724500,0,0,0,0,0,0
724600,0,0,0,0,0,0
724700,0,0,0,0,0,0
724800,0,0,0,0,0,0
724900,0,0,0,0,0,0
725000,0,0,0,0,0,0
725100,0,0,0,0,0,0
725200,0,0,0,0,0,0
725300,0,0,0,0,0,0
725400,0,0,0,0,0,0
725500,0,0,0,0,0,0
725600,0,0,0,0,0,0
725700,0,0,0,0,0,0
725800,0,0,0,0,0,0
725900,0,0,0,0,0,0
726000,0,0,0,0,0,0
726100,0,0,0,0,0,0
726200,0,0,0,0,0,0
726300,0,0,0,0,0,0
726400,0,0,0,0,0,0
726500,0,0,0,0,0,0
726600,0,0,0,0,0,0
726700,0,0,0,0,0,0
726800,0,0,0,0,0,0
726900,0,0,0,0,0,0
727000,0,0,0,0,0,0
727100,0,0,0,0,0,0
727200,0,0,0,0,0,0
727300,0,0,0,0,0,0
727400,0,0,0,0,0,0
727500,0,0,0,0,0,0
727600,0,0,0,0,0,0
727700,0,0,0,0,0,0
727800,0,0,0,0,0,0
727900,0,0,0,0,0,0
728000,0,0,0,0,0,0
728100,0,0,0,0,0,0
728200,0,0,0,0,0,0
728300,0,0,0,0,0,0
728400,0,0,0,0,0,0
728500,0,0,0,0,0,0
728600,0,0,0,0,0,0
728700,0,0,0,0,0,0
728800,0,0,0,0,0,0
728900,0,0,0,0,0,0
729000,0,0,0,0,0,0
729100,0,0,0,0,0,0
729200,0,0,0,0,0,0
729300,0,0,0,0,0,0
729400,0,0,0,0,0,0
729500,0,0,0,0,0,0
729600,0,0,0,0,0,0
729700,0,0,0,0,0,0
729800,0,0,0,0,0,0
729900,0,0,0,0,0,0
730000,0,0,0,0,0,0
730100,0,0,0,0,0,0
730200,0,0,0,0,0,0
730300,0,0,0,0,0,0
730400,0,0,0,0,0,0
730500,0,0,0,0,0,0
730600,0,0,0,0,0,0
730700,0,0,0,0,0,0
730800,0,0,0,0,0,0
730900,0,0,0,0,0,0
731000,0,0,0,0,0,0
731100,0,0,0,0,0,0
731200,0,0,0,0,0,0
731300,0,0,0,0,0,0
731400,0,0,0,0,0,0
731500,0,0,0,0,0,0
731600,0,0,0,0,0,0
731700,0,0,0,0,0,0
731800,0,0,0,0,0,0
731900,0,0,0,0,0,0
732000,0,0,0,0,0,0
732100,0,0,0,0,0,0
732200,0,0,0,0,0,0
732300,0,0,0,0,0,0
732400,0,0,0,0,0,0
732500,0,0,0,0,0,0
732600,0,0,0,0,0,0
732700,0,0,0,0,0,0
732800,0,0,0,0,0,0
732900,0,0,0,0,0,0
733000,0,0,0,0,0,0
733100,0,0,0,0,0,0
733200,0,0,0,0,0,0
733300,0,0,0,0,0,0
733400,0,0,0,0,0,0
733500,0,0,0,0,0,0
733600,0,0,0,0,0,0
733700,0,0,0,0,0,0
733800,0,0,0,0,0,0
733900,0,0,0,0,0,0
734000,0,0,0,0,0,0
734100,0,0,0,0,0,0
734200,0,0,0,0,0,0
734300,0,0,0,0,0,0
734400,0,0,0,0,0,0
734500,0,0,0,0,0,0
734600,0,0,0,0,0,0
734700,0,0,0,0,0,0
734800,0,0,0,0,0,0
734900,0,0,0,0,0,0
735000,1,0,0,0,0,0
735100,0,0,0,0,0,0
735200,0,0,0,0,0,0
735300,1,0,0,0,0,0
735400,0,0,0,0,0,0
735500,0,0,0,0,0,0
735600,0,0,0,0,0,0
735700,0,0,0,0,0,0
735800,0,0,0,0,0,0
735900,0,0,0,0,0,0
736000,0,0,0,0,0,0
736100,0,0,0,0,0,0
736200,0,0,0,0,0,0
736300,0,0,0,0,0,0
736400,0,0,0,0,0,0
736500,0,0,0,0,0,0
736600,0,0,0,0,0,0
736700,0,0,0,0,0,0
736800,0,0,0,0,0,0
736900,0,0,0,0,0,0
737000,0,0,0,0,0,0
737100,0,0,0,0,0,0
737200,0,0,0,0,0,0
737300,0,0,0,0,0,0
737400,0,0,0,0,0,0
737500,1,0,0,0,0,0
737600,0,0,0,0,0,0
737700,0,0,0,0,0,0
737800,0,0,0,0,0,0
737900,0,0,0,0,0,0
738000,0,0,0,0,0,0
738100,0,0,0,0,0,0
738200,0,0,0,0,0,0
738300,0,0,0,0,0,0
738400,0,0,0,0,0,0
738500,0,0,0,0,0,0
738600,0,0,0,0,0,0
738700,0,0,0,0,0,0
738800,0,0,0,0,0,0
738900,0,0,0,0,0,0
739000,0,0,0,0,0,0
739100,0,0,0,0,0,0
739200,0,0,0,0,0,0
739300,0,0,0,0,0,0
739400,0,0,0,0,0,0
739500,0,0,0,0,0,0
739600,0,0,0,0,0,0
739700,0,0,0,0,0,0
739800,0,0,0,0,0,0
739900,0,0,0,0,0,0
740000,0,0,0,0,0,0
740100,0,0,0,0,0,0
740200,0,0,0,0,0,0
740300,0,0,0,0,0,0
740400,0,0,0,0,0,0
740500,0,0,0,0,0,0
740600,0,0,0,0,0,0
740700,0,0,0,0,0,0
740800,0,0,0,0,0,0
740900,0,0,0,0,0,0
741000,0,0,0,0,0,0
741100,0,0,0,0,0,0
741200,0,0,0,0,0,0
741300,0,0,0,0,0,0
741400,0,0,0,0,0,0
741500,0,0,0,0,0,0
741600,0,0,0,0,0,0
741700,0,0,0,0,0,0
741800,0,0,0,0,0,0
741900,0,0,0,0,0,0
742000,0,0,0,0,0,0
742100,0,0,0,0,0,0
742200,0,0,0,0,0,0
742300,0,0,0,0,0,0
742400,0,0,0,0,0,0
742500,0,0,0,0,0,0
742600,0,0,0,0,0,0
742700,0,0,0,0,0,0
742800,0,0,0,0,0,0
742900,0,0,0,0,0,0
743000,0,0,0,0,0,0
743100,0,0,0,0,0,0
743200,0,0,0,0,0,0
743300,0,0,0,0,0,0
743400,0,0,0,0,0,0
743500,0,0,0,0,0,0
743600,0,0,0,0,0,0
743700,1,0,0,0,0,0
743800,0,0,0,0,0,0
743900,0,0,0,0,0,0
744000,1,0,0,0,0,0
744100,0,0,0,0,0,0
744200,0,0,0,0,0,0
744300,0,0,0,0,0,0
744400,0,0,0,0,0,0
744500,0,0,0,0,0,0
744600,0,0,0,0,0,0
744700,0,0,0,0,0,0
744800,0,0,0,0,0,0
744900,0,0,0,0,0,0
745000,0,0,0,0,0,0
745100,2,0,0,0,0,0
745200,0,0,0,0,0,0
745300,0,0,0,0,0,0
745400,0,0,0,0,0,0
745500,0,0,0,0,0,0
745600,0,0,0,0,0,0
745700,0,0,0,0,0,0
745800,0,0,0,0,0,0
745900,0,0,0,0,0,0
746000,0,0,0,0,0,0
746100,0,0,0,0,0,0
746200,0,0,0,0,0,0
746300,0,0,0,0,0,0
746400,0,0,0,0,0,0
746500,0,0,0,0,0,0
746600,0,0,0,0,0,0
746700,0,0,0,0,0,0
746800,0,0,0,0,0,0
746900,0,0,0,0,0,0
747000,0,0,0,0,0,0
747100,0,0,0,0,0,0
747200,0,0,0,0,0,0
747300,0,0,0,0,0,0
747400,0,0,0,0,0,0
747500,0,0,0,0,0,0
747600,0,0,0,0,0,0
747700,0,0,0,0,0,0
747800,0,0,0,0,0,0
747900,0,0,0,0,0,0
748000,0,0,0,0,0,0
748100,0,0,0,0,0,0
748200,0,0,0,0,0,0
748300,0,0,0,0,0,0
748400,0,0,0,0,0,0
748500,0,0,0,0,0,0
748600,0,0,0,0,0,0
748700,0,0,0,0,0,0
748800,0,0,0,0,0,0
748900,0,0,0,0,0,0
749000,0,0,0,0,0,0
749100,0,0,0,0,0,0
749200,0,0,0,0,0,0
749300,0,0,0,0,0,0
749400,0,0,0,0,0,0
749500,0,0,0,0,0,0
749600,0,0,0,0,0,0
749700,0,0,0,0,0,0
749800,0,0,0,0,0,0
749900,1,0,0,0,0,0
750000,0,0,0,0,0,0
750100,0,0,0,0,0,0
750200,0,0,0,0,0,0
750300,0,0,0,0,0,0
750400,0,0,0,0,0,0
750500,0,0,0,0,0,0
750600,0,0,0,0,0,0
750700,0,0,0,0,0,0
750800,0,0,0,0,0,0
750900,0,0,0,0,0,0
751000,0,0,0,0,0,0
751100,0,0,0,0,0,0
751200,0,0,0,0,0,0
751300,0,0,0,0,0,0
751400,0,0,0,0,0,0
751500,0,0,0,0,0,0
751600,0,0,0,0,0,0
751700,0,0,0,0,0,0
751800,0,0,0,0,0,0
751900,0,0,0,0,0,0
752000,0,0,0,0,0,0
752100,0,0,0,0,0,0
752200,0,0,0,0,0,0
752300,0,0,0,0,0,0
752400,0,0,0,0,0,0
752500,0,0,0,0,0,0
752600,0,0,0,0,0,0
752700,0,0,0,0,0,0
752800,0,0,0,0,0,0
752900,0,0,0,0,0,0
753000,0,0,0,0,0,0
753100,0,0,0,0,0,0
753200,0,0,0,0,0,0
753300,0,0,0,0,0,0
753400,0,0,0,0,0,0
753500,0,0,0,0,0,0
753600,0,0,0,0,0,0
753700,0,0,0,0,0,0
753800,0,0,0,0,0,0
753900,0,0,0,0,0,0
754000,0,0,0,0,0,0
754100,0,0,0,0,0,0
754200,0,0,0,0,0,0
754300,0,0,0,0,0,0
754400,0,0,0,0,0,0
754500,0,0,0,0,0,0
754600,0,0,0,0,0,0
754700,0,0,0,0,0,0
754800,0,0,0,0,0,0
754900,0,0,0,0,0,0
755000,0,0,0,0,0,0
755100,0,0,0,0,0,0
755200,0,0,0,0,0,0
755300,0,0,0,0,0,0
755400,0,0,0,0,0,0
755500,0,0,0,0,0,0
755600,0,0,0,0,0,0
755700,0,0,0,0,0,0
755800,0,0,0,0,0,0
755900,0,0,0,0,0,0
756000,0,0,0,0,0,0
756100,0,0,0,0,0,0
756200,0,0,0,0,0,0
756300,0,0,0,0,0,0
756400,0,0,0,0,0,0
756500,0,0,0,0,0,0
756600,0,0,0,0,0,0
756700,0,0,0,0,0,0
756800,0,0,0,0,0,0
756900,0,0,0,0,0,0
757000,0,0,0,0,0,0
757100,0,0,0,0,0,0
757200,0,0,0,0,0,0
757300,0,0,0,0,0,0
757400,0,0,0,0,0,0
757500,0,0,0,0,0,0
757600,0,0,0,0,0,0
757700,0,0,0,0,0,0
757800,0,0,0,0,0,0
757900,0,0,0,0,0,0
758000,1,0,0,0,0,0
758100,0,0,0,0,0,0
758200,0,0,0,0,0,0
758300,0,0,0,0,0,0
758400,0,0,0,0,0,0
758500,0,0,0,0,0,0
758600,0,0,0,0,0,0
758700,0,0,0,0,0,0
758800,0,0,0,0,0,0
758900,0,0,0,0,0,0
759000,0,0,0,0,0,0
759100,0,0,0,0,0,0
759200,0,0,0,0,0,0
759300,0,0,0,0,0,0
759400,0,0,0,0,0,0
759500,0,0,0,0,0,0
759600,0,0,0,0,0,0
759700,0,0,0,0,0,0
759800,0,0,0,0,0,0
759900,0,0,0,0,0,0
760000,0,0,1,0,0,0
760100,0,0,0,0,0,0
760200,0,0,0,0,0,0
760300,0,0,0,0,0,0
760400,0,0,0,0,0,0
760500,0,0,0,0,0,0
760600,0,0,0,0,0,0
760700,0,0,0,0,0,0
760800,0,0,0,0,0,0
760900,1,0,0,0,0,0
761000,0,0,0,0,0,0
761100,0,0,0,0,0,0
761200,1,0,0,0,0,0
761300,0,0,0,0,0,0
761400,0,0,0,0,0,0
761500,0,0,0,0,0,0
761600,0,0,0,0,0,0
761700,0,0,0,0,0,0
761800,0,0,0,0,0,0
761900,0,0,0,0,0,0
762000,1,0,0,0,0,0
762100,0,0,0,0,0,0
762200,0,0,0,0,0,0
762300,0,0,0,0,0,0
762400,0,0,0,0,0,0
762500,0,0,0,0,0,0
762600,0,0,0,0,0,0
762700,0,0,0,0,0,0
762800,0,0,0,0,0,0
762900,1,0,0,0,0,0
763000,0,0,0,0,0,0
763100,0,0,0,0,0,0
763200,0,0,0,0,0,0
763300,0,0,0,0,0,0
763400,0,0,0,0,0,0
763500,0,0,0,0,0,0
763600,0,0,0,0,0,0
763700,0,0,0,0,0,0
763800,0,0,0,0,0,0
763900,0,0,0,0,0,0
764000,0,0,0,0,0,0
764100,0,0,0,0,0,0
764200,0,0,0,0,0,0
764300,0,0,0,0,0,0
764400,0,0,0,0,0,0
764500,0,0,0,0,0,0
764600,0,0,0,0,0,0
764700,0,0,0,0,0,0
764800,0,0,0,0,0,0
764900,0,0,0,0,0,0
765000,0,0,0,0,0,0
765100,0,0,0,0,0,0
765200,0,0,0,0,0,0
765300,0,0,0,0,0,0
765400,0,0,0,0,0,0
765500,0,0,0,0,0,0
765600,0,0,0,0,0,0
765700,0,0,0,0,0,0
765800,0,0,0,0,0,0
765900,0,0,0,0,0,0
766000,0,0,0,0,1,0
766100,0,0,0,0,0,0
766200,0,0,0,0,0,0
766300,0,0,0,0,0,0
766400,0,0,0,0,0,0
766500,0,0,0,0,0,0
766600,0,0,0,0,0,0
766700,0,0,0,0,0,0
766800,0,0,0,0,0,0
766900,0,0,0,0,0,0
767000,0,0,0,0,0,0
767100,0,0,0,0,0,0
767200,0,0,0,0,0,0
767300,1,0,0,0,0,0
767400,0,0,0,0,0,0
767500,0,0,0,0,0,0
767600,0,0,0,0,0,0
767700,0,0,0,0,0,0
767800,1,0,0,0,0,0
767900,0,0,0,0,0,0
768000,0,0,0,0,0,0
768100,0,0,0,0,0,0
768200,0,0,0,0,0,0
768300,0,0,0,0,0,0
768400,0,0,0,0,0,0
768500,0,0,0,0,0,0
768600,0,0,0,0,0,0
768700,0,0,0,0,0,0
768800,0,0,0,0,0,0
768900,0,0,0,0,0,0
769000,0,0,0,0,0,0
769100,0,0,0,0,0,0
769200,0,0,0,0,0,0
769300,0,0,0,0,0,0
769400,0,0,0,0,0,0
769500,0,0,0,0,0,0
769600,0,0,0,0,0,0
769700,0,0,0,0,0,0
769800,0,0,0,0,0,0
769900,0,0,0,0,0,0
770000,0,0,0,0,0,0
770100,0,0,0,0,0,0
770200,0,0,0,0,0,0
770300,0,0,0,0,0,0
770400,0,0,0,0,0,0
770500,0,0,0,0,0,0
770600,0,0,0,0,1,0
770700,0,0,0,0,0,0
770800,0,0,0,0,0,0
770900,0,0,0,0,0,0
771000,0,0,0,0,0,0
771100,0,0,0,0,0,0
771200,0,0,0,0,0,0
771300,0,0,0,0,0,0
771400,0,0,0,0,0,0
771500,0,0,0,0,0,0
771600,0,0,0,0,0,0
771700,0,0,0,0,0,0
771800,0,0,0,0,0,0
771900,1,0,0,0,0,0
772000,0,0,0,0,0,0
772100,0,0,0,0,0,0
772200,0,0,0,0,0,0
772300,0,0,0,0,0,0
772400,0,0,0,0,0,0
772500,1,0,0,0,0,0
772600,0,0,0,0,0,0
772700,0,0,0,0,0,0
772800,0,0,0,0,0,0
772900,0,0,0,0,0,0
773000,0,0,0,0,0,0
773100,0,0,0,0,0,0
773200,0,0,0,0,0,0
773300,1,0,0,0,0,0
773400,0,0,0,0,0,0
773500,0,0,0,0,0,0
773600,0,0,0,0,0,0
773700,0,0,0,0,0,0
773800,0,0,0,0,0,0
773900,0,0,0,0,0,0
774000,0,0,0,0,0,0
774100,0,0,0,0,0,0
774200,0,0,0,0,0,0
774300,0,0,0,0,0,0
774400,0,0,0,0,0,0
774500,0,0,0,0,0,0
774600,0,0,0,0,0,0
774700,0,0,0,0,0,0
774800,0,0,0,0,0,0
774900,0,0,0,0,0,0
775000,0,0,0,0,0,0
775100,1,0,0,0,0,0
775200,0,0,0,0,0,0
775300,0,0,0,0,0,0
775400,0,0,0,0,1,0
775500,0,0,0,0,0,0
775600,0,0,0,0,0,0
775700,0,0,0,0,0,0
775800,1,0,0,0,0,0
775900,0,0,0,0,0,0
776000,0,0,0,0,0,0
776100,0,0,0,0,0,0
776200,0,0,0,0,0,0
776300,0,0,0,0,0,0
776400,0,0,0,0,0,0
776500,0,0,0,0,0,0
776600,0,0,0,0,0,0
776700,0,0,0,0,0,0
776800,0,0,0,0,0,0
776900,0,0,0,0,0,0
777000,0,0,0,0,0,0
777100,0,0,0,0,0,0
777200,0,0,0,0,0,0
777300,0,0,0,0,0,0
777400,0,0,0,0,0,0
777500,0,0,0,0,0,0
777600,0,0,0,0,0,0
777700,0,0,0,0,0,0
777800,0,0,0,0,0,0
777900,0,0,0,0,0,0
778000,0,0,0,0,0,0
778100,0,0,0,0,0,0
778200,1,0,0,0,0,0
778300,0,0,0,0,0,0
778400,1,0,0,0,0,0
778500,0,0,0,0,0,0
778600,0,0,0,0,0,0
778700,0,0,0,0,0,0
778800,0,0,0,0,0,0
778900,0,0,0,0,0,0
779000,1,0,0,0,0,0
779100,0,0,0,0,0,0
779200,0,0,0,0,0,0
779300,0,0,0,0,0,0
779400,0,0,0,0,0,0
779500,0,0,0,0,0,0
779600,0,0,0,0,0,0
779700,0,0,0,0,0,0
779800,0,0,0,0,0,0
779900,0,0,0,0,0,0
780000,0,0,0,0,0,0
780100,0,0,0,0,0,0
780200,0,0,0,0,0,0
780300,0,0,0,0,0,0
780400,0,0,0,0,0,0
780500,0,0,0,0,0,0
780600,0,0,0,0,0,0
780700,0,0,0,0,0,0
780800,0,0,0,0,0,0
780900,0,0,0,0,0,0
781000,0,0,0,0,0,0
781100,0,0,0,0,0,0
781200,0,0,0,0,0,0
781300,0,0,0,0,0,0
781400,0,0,0,0,0,0
781500,0,0,0,0,0,0
781600,0,0,0,0,0,0
781700,0,0,0,0,0,0
781800,0,0,0,0,0,0
781900,0,0,0,0,0,0
782000,0,0,0,0,0,0
782100,0,0,0,0,0,0
782200,0,0,0,0,0,0
782300,0,0,0,0,0,0
782400,0,0,0,0,0,0
782500,0,0,0,0,0,0
782600,0,0,0,0,0,0
782700,0,0,0,0,0,0
782800,0,0,0,0,0,0
782900,0,0,0,0,0,0
783000,0,0,0,0,0,0
783100,0,0,0,0,0,0
783200,0,0,0,0,0,0
783300,0,0,0,0,0,0
783400,0,0,0,0,0,0
783500,0,0,0,0,0,0
783600,0,0,0,0,0,0
783700,0,0,0,0,0,0
783800,0,0,0,0,0,0
783900,0,0,0,0,0,0
784000,0,0,0,0,0,0
784100,0,0,0,0,0,0
784200,0,0,0,0,0,0
784300,0,0,0,0,0,0
784400,0,0,0,0,0,0
784500,0,0,0,0,0,0
784600,0,0,0,0,0,0
784700,0,0,0,0,0,0
784800,0,0,0,0,0,0
784900,0,0,0,0,0,0
785000,0,0,0,0,0,0
785100,0,0,0,0,0,0
785200,0,0,0,0,0,0
785300,0,0,0,0,0,0
785400,0,0,0,0,0,0
785500,1,0,0,0,0,0
785600,0,0,0,0,0,0
785700,0,0,0,0,0,0
785800,1,0,0,0,0,0
785900,0,0,0,0,0,0
786000,0,0,0,0,0,0
786100,0,0,0,0,0,0
786200,0,0,0,0,0,0
786300,0,0,0,0,0,0
786400,0,0,0,0,0,0
786500,0,0,0,0,0,0
786600,0,0,0,0,0,0
786700,0,0,0,0,0,0
786800,0,0,0,0,0,0
786900,0,0,0,0,0,0
787000,0,0,0,0,0,0
787100,0,0,0,0,0,0
787200,0,0,0,0,0,0
787300,0,0,0,0,0,0
787400,0,0,0,0,0,0
787500,0,0,0,0,0,0
787600,0,0,0,0,0,0
787700,0,0,0,0,0,0
787800,0,0,0,0,0,0
787900,0,0,0,0,0,0
788000,0,0,0,0,0,0
788100,0,0,0,0,0,0
788200,0,0,0,0,0,0
788300,0,0,0,0,0,0
788400,0,0,0,0,0,0
788500,0,0,0,0,0,0
788600,0,0,0,0,0,0
788700,0,0,0,0,0,0
788800,0,0,0,0,0,0
788900,0,0,0,0,0,0
789000,0,0,0,0,0,0
789100,0,0,0,0,0,0
789200,0,0,0,0,0,0
789300,0,0,0,0,0,0
789400,0,0,0,0,0,0
789500,0,0,0,0,0,0
789600,0,0,0,0,0,0
789700,0,0,0,0,0,0
789800,0,0,0,0,0,0
789900,0,0,0,0,0,0
790000,0,0,0,0,0,0
790100,0,0,0,0,0,0
790200,0,0,0,0,0,0
790300,0,0,0,0,0,0
790400,0,0,0,0,0,0
790500,0,0,0,0,0,0
790600,0,0,0,0,0,0
790700,0,0,0,0,0,0
790800,0,0,0,0,0,0
790900,0,0,0,0,0,0
791000,0,0,0,0,0,0
791100,0,0,0,0,0,0
791200,0,0,0,0,0,0
791300,0,0,0,0,0,0
791400,0,0,0,0,0,0
791500,0,0,0,0,0,0
791600,0,0,0,0,0,0
791700,0,0,0,0,0,0
791800,0,0,0,0,0,0
791900,0,0,0,0,0,0
792000,0,0,0,0,0,0
792100,0,0,0,0,0,0
792200,0,0,0,0,0,0
792300,0,0,0,0,0,0
792400,0,0,0,0,0,0
792500,0,0,0,0,0,0
792600,0,0,0,0,0,0
792700,0,0,0,0,0,0
792800,0,0,0,0,0,0
792900,0,0,0,0,0,0
793000,0,0,0,0,0,0
793100,0,0,0,0,0,0
793200,0,0,0,0,0,0
793300,0,0,0,0,0,0
793400,0,0,0,0,0,0
793500,0,0,0,0,0,0
793600,0,0,0,0,0,0
793700,0,0,0,0,0,0
793800,0,0,0,0,0,0
793900,0,0,0,0,0,0
794000,0,0,0,0,0,0
794100,0,0,0,0,0,0
794200,0,0,0,0,0,0
794300,0,0,0,0,0,0
794400,0,0,0,0,0,0
794500,0,0,0,0,0,0
794600,0,0,0,0,0,0
794700,0,0,0,0,0,0
794800,0,0,0,0,0,0
794900,0,0,0,0,0,0
795000,0,0,0,0,0,0
795100,0,0,0,0,0,0
795200,0,0,0,0,0,0
795300,0,0,0,0,0,0
795400,0,0,0,0,0,0
795500,0,0,0,0,0,0
795600,0,0,0,0,0,0
795700,0,0,0,0,0,0
795800,0,0,0,0,0,0
795900,0,0,0,0,0,0
796000,0,0,0,0,0,0
796100,0,0,0,0,0,0
796200,0,0,0,0,0,0
796300,0,0,0,0,0,0
796400,0,0,0,0,0,0
796500,0,0,0,0,0,0
796600,0,0,0,0,0,0
796700,0,0,0,0,0,0
796800,0,0,0,0,0,0
796900,0,0,0,0,0,0
797000,0,0,0,0,0,0
797100,0,0,0,0,0,0
797200,0,0,0,0,0,0
797300,0,0,0,0,0,0
797400,0,0,0,0,0,0
797500,0,0,0,0,0,0
797600,0,0,0,0,0,0
797700,0,0,0,0,0,0
797800,0,0,0,0,0,0
797900,0,0,0,0,0,0
798000,0,0,0,0,0,0
798100,0,0,0,0,0,0
798200,0,0,0,0,0,0
798300,0,0,0,0,0,0
798400,0,0,0,0,0,0
798500,0,0,0,0,0,0
798600,0,0,0,0,0,0
798700,0,0,0,0,0,0
798800,0,0,0,0,0,0
798900,0,0,0,0,0,0
799000,0,0,0,0,0,0
799100,0,0,0,0,0,0
799200,0,0,0,0,0,0
799300,0,0,0,0,0,0
799400,0,0,0,0,0,0
799500,0,0,0,0,0,0
799600,0,0,0,0,0,0
799700,0,0,0,0,0,0
799800,0,0,0,0,0,0
799900,0,0,0,0,0,0
800000,0,0,0,0,0,0
800100,0,0,0,0,0,0
800200,0,0,0,0,0,0
800300,0,0,0,0,0,0
800400,0,0,0,0,0,0
800500,0,0,0,0,0,0
800600,0,0,0,0,0,0
800700,0,0,0,0,0,0
800800,0,0,0,0,0,0
800900,0,0,0,0,0,0
801000,0,0,0,0,0,0
801100,0,0,0,0,0,0
801200,0,0,0,0,0,0
801300,0,0,0,0,0,0
801400,0,0,0,0,0,0
801500,0,0,0,0,0,0
801600,0,0,0,0,0,0
801700,0,0,0,0,0,0
801800,0,0,0,0,0,0
801900,0,0,0,0,0,0
802000,0,0,0,0,0,0
802100,0,0,0,0,0,0
802200,0,0,0,0,0,0
802300,0,0,0,0,0,0
802400,0,0,0,0,0,0
802500,0,0,0,0,0,0
802600,0,0,0,0,0,0
802700,0,0,0,0,0,0
802800,0,0,0,0,0,0
802900,0,0,0,0,0,0
803000,0,0,0,0,0,0
803100,0,0,0,0,0,0
803200,0,0,0,0,0,0
803300,0,0,0,0,0,0
803400,0,0,0,0,0,0
803500,0,0,0,0,0,0
803600,0,0,0,0,0,0
803700,0,0,1,0,0,0
803800,0,0,0,0,0,0
803900,0,0,0,0,0,0
804000,0,0,0,0,0,0
804100,0,0,0,0,0,0
804200,0,0,0,0,0,0
804300,0,0,0,0,0,0
804400,0,0,0,0,0,0
804500,0,0,0,0,0,0
804600,0,0,0,0,0,0
804700,0,0,0,0,0,0
804800,0,0,0,0,0,0
804900,0,0,0,0,0,0
805000,0,0,0,0,0,0
805100,0,0,0,0,0,0
805200,0,0,0,0,0,0
805300,0,0,0,0,0,0
805400,0,0,0,0,0,0
805500,0,0,0,0,0,0
805600,0,0,0,0,0,0
805700,0,0,0,0,0,0
805800,0,0,0,0,0,0
805900,0,0,0,0,0,0
806000,1,0,0,0,0,0
806100,0,0,0,0,0,0
806200,0,0,0,0,1,0
806300,0,0,0,0,0,0
806400,0,0,0,0,0,0
806500,0,0,0,0,0,0
806600,1,0,0,0,0,0
806700,0,0,0,0,0,0
806800,0,0,0,0,0,0
806900,0,0,0,0,0,0
807000,0,0,0,0,0,0
807100,0,0,0,0,0,0
807200,0,0,0,0,0,0
807300,0,0,0,0,0,0
807400,0,0,0,0,0,0
807500,0,0,0,0,0,0
807600,0,0,0,0,0,0
807700,0,0,0,0,0,0
807800,0,0,0,0,0,0
807900,0,0,0,0,0,0
808000,0,0,0,0,0,0
808100,0,0,0,0,0,0
808200,0,0,0,0,0,0
808300,1,0,0,0,0,0
808400,0,0,0,0,0,0
808500,0,0,0,0,0,0
808600,0,0,0,0,0,0
808700,0,0,0,0,0,0
808800,0,0,0,0,1,0
808900,0,0,0,0,0,0
809000,0,0,0,0,0,0
809100,0,0,0,0,0,0
809200,0,0,0,0,0,0
809300,0,0,0,0,0,0
809400,0,0,0,0,0,0
809500,0,0,0,0,0,0
809600,0,0,0,0,0,0
809700,0,0,0,0,0,0
809800,0,0,0,0,0,0
809900,1,0,0,0,0,0
810000,0,0,0,0,0,0
810100,0,0,0,0,0,0
810200,0,0,0,0,0,0
810300,0,0,0,0,0,0
810400,0,0,0,0,0,0
810500,0,0,0,0,0,0
810600,0,0,0,0,0,0
810700,0,0,0,0,0,0
810800,0,0,0,0,0,0
810900,0,0,0,0,0,0
811000,0,0,0,0,0,0
811100,0,0,0,0,0,0
811200,0,0,0,0,0,0
811300,0,0,0,0,1,0
811400,0,0,0,0,0,0
811500,0,0,0,0,0,0
811600,0,0,0,0,0,0
811700,0,0,0,0,0,0
811800,0,0,0,0,0,0
811900,0,0,0,0,0,0
812000,0,0,0,0,0,0
812100,0,0,0,0,0,0
812200,0,0,0,0,0,0
812300,0,0,0,0,0,0
812400,0,0,0,0,0,0
812500,0,0,0,0,0,0
812600,0,0,0,0,0,0
812700,0,0,0,0,0,0
812800,0,0,0,0,0,0
812900,0,0,0,0,0,0
813000,0,0,0,0,0,0
813100,0,0,0,0,0,0
813200,0,0,0,0,0,0
813300,0,0,0,0,0,0
813400,0,0,0,0,0,0
813500,0,0,0,0,0,0
813600,0,0,0,0,0,0
813700,0,0,0,0,0,0
813800,0,0,0,0,0,0
813900,0,0,0,0,0,0
814000,0,0,0,0,0,0
814100,0,0,0,0,0,0
814200,0,0,0,0,0,0
814300,0,0,0,0,0,0
814400,0,0,0,0,0,0
814500,0,0,0,0,0,0
814600,0,0,0,0,0,0
814700,0,0,0,0,0,0
814800,0,0,0,0,0,0
814900,0,0,0,0,0,0
815000,0,0,0,0,0,0
815100,0,0,0,0,0,0
815200,0,0,0,0,0,0
815300,0,0,0,0,0,0
815400,0,0,0,0,0,0
815500,0,0,0,0,0,0
815600,0,0,0,0,0,0
815700,0,0,0,0,0,0
815800,0,0,0,0,0,0
815900,0,0,0,0,0,0
816000,0,0,0,0,0,0
816100,0,0,0,0,0,0
816200,0,0,0,0,0,0
816300,0,0,0,0,0,0
816400,0,0,0,0,0,0
816500,0,0,0,0,0,0
816600,0,0,0,0,0,0
816700,0,0,0,0,0,0
816800,0,0,0,0,0,0
816900,0,0,0,0,0,0
817000,0,0,0,0,0,0
817100,0,0,0,0,0,0
817200,0,0,0,0,0,0
817300,0,0,0,0,0,0
817400,0,0,0,0,0,0
817500,0,0,0,0,0,0
817600,0,0,0,0,0,0
817700,0,0,0,0,0,0
817800,0,0,0,0,0,0
817900,0,0,0,0,0,0
818000,0,0,0,0,0,0
818100,0,0,0,0,0,0
818200,0,0,0,0,0,0
818300,0,0,0,0,0,0
818400,0,0,0,0,0,0
818500,0,0,0,0,0,0
818600,0,0,0,0,0,0
818700,0,0,0,0,0,0
818800,0,0,0,0,0,0
818900,0,0,0,0,0,0
819000,0,0,0,0,0,0
819100,0,0,0,0,0,0
819200,0,0,0,0,0,0
819300,0,0,0,0,0,0
819400,0,0,0,0,0,0
819500,0,0,0,0,0,0
819600,0,0,0,0,0,0
819700,0,0,0,0,0,0
819800,0,0,0,0,0,0
819900,0,0,0,0,0,0
820000,0,0,0,0,0,0
820100,0,0,0,0,0,0
820200,0,0,0,0,0,0
820300,0,0,0,0,0,0
820400,0,0,0,0,0,0
820500,0,0,0,0,0,0
820600,0,0,0,0,0,0
820700,0,0,0,0,0,0
820800,0,0,0,0,0,0
820900,0,0,0,0,0,0
821000,0,0,0,0,0,0
821100,0,0,0,0,0,0
821200,0,0,0,0,0,0
821300,0,0,0,0,0,0
821400,0,0,0,0,0,0
821500,0,0,0,0,0,0
821600,0,0,0,0,0,0
821700,0,0,0,0,0,0
821800,0,0,0,0,0,0
821900,0,0,0,0,0,0
822000,0,0,0,0,0,0
822100,0,0,0,0,0,0
822200,0,0,0,0,0,0
822300,0,0,0,0,0,0
822400,0,0,0,0,0,0
822500,0,0,0,0,0,0
822600,0,0,0,0,0,0
822700,0,0,0,0,0,0
822800,0,0,0,0,0,0
822900,0,0,0,0,0,0
823000,0,0,0,0,0,0
823100,0,0,0,0,0,0
823200,0,0,0,0,0,0
823300,0,0,0,0,0,0
823400,0,0,0,0,0,0
823500,0,0,0,0,0,0
823600,0,0,0,0,0,0
823700,0,0,0,0,0,0
823800,0,0,0,0,0,0
823900,0,0,0,0,0,0
824000,0,0,0,0,0,0
824100,0,0,0,0,0,0
824200,0,0,0,0,0,0
824300,0,0,0,0,0,0
824400,0,0,0,0,0,0
824500,0,0,0,0,0,0
824600,0,0,0,0,0,0
824700,0,0,0,0,0,0
824800,0,0,0,0,0,0
824900,0,0,0,0,0,0
825000,0,0,0,0,0,0
825100,0,0,0,0,0,0
825200,0,0,0,0,0,0
825300,0,0,0,0,0,0
825400,0,0,0,0,0,0
825500,0,0,0,0,0,0
825600,0,0,0,0,0,0
825700,0,0,0,0,0,0
825800,0,0,0,0,0,0
825900,0,0,0,0,0,0
826000,0,0,0,0,0,0
826100,0,0,0,0,0,0
826200,0,0,0,0,0,0
826300,0,0,0,0,0,0
826400,0,0,0,0,0,0
826500,0,0,0,0,0,0
826600,0,0,0,0,0,0
826700,0,0,0,0,0,0
826800,0,0,0,0,0,0
826900,0,0,0,0,0,0
827000,0,0,0,0,0,0
827100,0,0,0,0,0,0
827200,0,0,0,0,0,0
827300,0,0,0,0,0,0
827400,0,0,0,0,0,0
827500,0,0,0,0,0,0
827600,0,0,0,0,0,0
827700,0,0,0,0,0,0
827800,0,0,0,0,0,0
827900,0,0,0,0,0,0
828000,0,0,0,0,0,0
828100,0,0,0,0,0,0
828200,0,0,0,0,0,0
828300,0,0,0,0,0,0
828400,0,0,0,0,0,0
828500,0,0,0,0,0,0
828600,0,0,0,0,0,0
828700,0,0,0,0,0,0
828800,0,0,0,0,0,0
828900,0,0,0,0,0,0
829000,0,0,0,0,0,0
829100,0,0,0,0,0,0
829200,0,0,0,0,0,0
829300,0,0,0,0,0,0
829400,0,0,0,0,0,0
829500,0,0,0,0,0,0
829600,0,0,0,0,0,0
829700,0,0,0,0,0,0
829800,0,0,0,0,0,0
829900,0,0,0,0,0,0
830000,0,0,0,0,0,0
830100,0,0,0,0,0,0
830200,0,0,0,0,0,0
830300,0,0,0,0,0,0
830400,0,0,0,0,0,0
830500,0,0,0,0,0,0
830600,0,0,0,0,0,0
830700,0,0,0,0,0,0
830800,0,0,0,0,0,0
830900,0,0,0,0,0,0
831000,0,0,0,0,0,0
831100,0,0,0,0,0,0
831200,0,0,0,0,0,0
831300,0,0,0,0,0,0
831400,0,0,0,0,0,0
831500,0,0,0,0,0,0
831600,0,0,0,0,0,0
831700,0,0,0,0,0,0
831800,0,0,0,0,0,0
831900,0,0,0,0,0,0
832000,0,0,0,0,0,0
832100,0,0,0,0,0,0
832200,0,0,0,0,0,0
832300,0,0,0,0,0,0
832400,0,0,0,0,0,0
832500,0,0,0,0,0,0
832600,0,0,0,0,0,0
832700,0,0,0,0,0,0
832800,0,0,0,0,0,0
832900,0,0,0,0,0,0
833000,0,0,0,0,0,0
833100,0,0,0,0,0,0
833200,0,0,0,0,0,0
833300,0,0,0,0,0,0
833400,0,0,0,0,0,0
833500,0,0,0,0,0,0
833600,0,0,0,0,0,0
833700,0,0,0,0,0,0
833800,0,0,0,0,0,0
833900,0,0,0,0,0,0
834000,0,0,0,0,0,0
834100,0,0,0,0,0,0
834200,0,0,0,0,0,0
834300,0,0,0,0,0,0
834400,0,0,0,0,0,0
834500,0,0,0,0,0,0
834600,0,0,0,0,0,0
834700,0,0,0,0,0,0
834800,0,0,0,0,0,0
834900,0,0,0,0,0,0
835000,0,0,0,0,0,0
835100,0,0,0,0,0,0
835200,0,0,0,0,0,0
835300,0,0,0,0,0,0
835400,0,0,0,0,0,0
835500,0,0,0,0,0,0
835600,0,0,0,0,0,0
835700,0,0,0,0,0,0
835800,0,0,0,0,0,0
835900,0,0,0,0,0,0
836000,0,0,0,0,0,0
836100,0,0,0,0,0,0
836200,0,0,0,0,0,0
836300,0,0,0,0,0,0
836400,0,0,0,0,0,0
836500,0,0,0,0,0,0
836600,0,0,0,0,0,0
836700,1,0,0,0,0,0
836800,0,0,0,0,0,0
836900,0,0,0,0,0,0
837000,0,0,0,0,0,0
837100,0,0,0,0,0,0
837200,0,0,0,0,0,0
837300,0,0,0,0,0,0
837400,0,0,0,0,0,0
837500,1,0,0,0,0,0
837600,0,0,0,0,0,0
837700,0,0,0,0,0,0
837800,0,0,0,0,0,0
837900,0,0,0,0,0,0
838000,0,0,0,0,0,0
838100,0,0,0,0,0,0
838200,0,0,0,0,0,0
838300,0,0,0,0,0,0
838400,0,0,0,0,0,0
838500,0,0,0,0,0,0
838600,0,0,0,0,0,0
838700,0,0,0,0,0,0
838800,0,0,0,0,0,0
838900,0,0,0,0,0,0
839000,0,0,0,0,0,0
839100,0,0,0,0,0,0
839200,0,0,0,0,0,0
839300,0,0,0,0,0,0
839400,0,0,0,0,0,0
839500,0,0,0,0,0,0
839600,0,0,0,0,0,0
839700,0,0,0,0,0,0
839800,0,0,0,0,0,0
839900,0,0,0,0,0,0
840000,0,0,0,0,0,0
840100,0,0,0,0,0,0
840200,0,0,0,0,0,0
840300,0,0,0,0,0,0
840400,0,0,0,0,0,0
840500,0,0,0,0,0,0
840600,0,0,0,0,0,0
840700,0,0,0,0,0,0
840800,0,0,0,0,0,0
840900,0,0,0,0,0,0
841000,0,0,0,0,0,0
841100,0,0,0,0,0,0
841200,0,0,0,0,0,0
841300,0,0,0,0,0,0
841400,0,0,0,0,0,0
841500,0,0,0,0,0,0
841600,0,0,0,0,0,0
841700,0,0,0,0,0,0
841800,0,0,0,0,0,0
841900,0,0,0,0,0,0
842000,0,0,0,0,0,0
842100,0,0,0,0,0,0
842200,0,0,0,0,0,0
842300,0,0,0,0,0,0
842400,0,0,0,0,0,0
842500,0,0,0,0,0,0
842600,0,0,0,0,0,0
842700,0,0,0,0,0,0
842800,0,0,0,0,0,0
842900,0,0,0,0,0,0
843000,0,0,0,0,0,0
843100,0,0,0,0,0,0
843200,0,0,0,0,0,0
843300,0,0,0,0,0,0
843400,0,0,0,0,0,0
843500,0,0,0,0,0,0
843600,0,0,0,0,0,0
843700,0,0,0,0,0,0
843800,0,0,0,0,0,0
843900,0,0,0,0,0,0
844000,0,0,0,0,0,0
844100,0,0,0,0,0,0
844200,0,0,0,0,0,0
844300,0,0,0,0,0,0
844400,0,0,0,0,0,0
844500,0,0,0,0,0,0
844600,0,0,0,0,0,0
844700,0,0,0,0,0,0
844800,0,0,0,0,0,0
844900,0,0,0,0,0,0
845000,0,0,0,0,0,0
845100,0,0,0,0,0,0
845200,0,0,0,0,0,0
845300,0,0,0,0,0,0
845400,0,0,0,0,0,0
845500,0,0,0,0,0,0
845600,0,0,0,0,0,0
845700,0,0,0,0,0,0
845800,0,0,0,0,0,0
845900,0,0,0,0,0,0
846000,0,0,0,0,0,0
846100,0,0,0,0,0,0
846200,0,0,0,0,0,0
846300,0,0,0,0,0,0
846400,0,0,0,0,0,0
846500,0,0,0,0,0,0
846600,0,0,0,0,0,0
846700,0,0,0,0,0,0
846800,0,0,0,0,0,0
846900,0,0,0,0,0,0
847000,0,0,0,0,0,0
847100,0,0,0,0,0,0
847200,0,0,0,0,0,0
847300,0,0,0,0,0,0
847400,0,0,0,0,0,0
847500,0,0,0,0,0,0
847600,0,0,0,0,0,0
847700,0,0,0,0,0,0
847800,0,0,0,0,0,0
847900,0,0,0,0,0,0
848000,0,0,0,0,0,0
848100,0,0,0,0,0,0
848200,0,0,0,0,0,0
848300,0,0,0,0,0,0
848400,0,0,0,0,0,0
848500,0,0,0,0,0,0
848600,0,0,0,0,0,0
848700,0,0,0,0,0,0
848800,0,0,0,0,0,0
848900,0,0,0,0,0,0
849000,0,0,0,0,0,0
849100,0,0,0,0,0,0
849200,0,0,0,0,0,0
849300,0,0,0,0,0,0
849400,0,0,0,0,0,0
849500,0,0,0,0,0,0
849600,0,0,0,0,0,0
849700,0,0,0,0,0,0
849800,0,0,0,0,0,0
849900,0,0,0,0,0,0
850000,0,0,0,0,0,0
850100,0,0,0,0,0,0
850200,0,0,0,0,0,0
850300,0,0,0,0,0,0
850400,0,0,0,0,0,0
850500,0,0,0,0,0,0
850600,0,0,0,0,0,0
850700,0,0,0,0,0,0
850800,0,0,0,0,0,0
850900,0,0,0,0,0,0
851000,0,0,0,0,0,0
851100,0,0,0,0,0,0
851200,0,0,0,0,0,0
851300,0,0,0,0,0,0
851400,0,0,0,0,0,0
851500,0,0,0,0,0,0
851600,0,0,0,0,0,0
851700,0,0,0,0,0,0
851800,0,0,0,0,0,0
851900,0,0,0,0,0,0
852000,0,0,0,0,0,0
852100,0,0,0,0,0,0
852200,0,0,0,0,0,0
852300,0,0,0,0,0,0
852400,0,0,0,0,0,0
852500,0,0,0,0,0,0
852600,0,0,0,0,0,0
852700,0,0,0,0,0,0
852800,0,0,0,0,0,0
852900,0,0,0,0,0,0
853000,0,0,0,0,0,0
853100,0,0,0,0,0,0
853200,0,0,0,0,0,0
853300,0,0,0,0,0,0
853400,0,0,0,0,0,0
853500,0,0,0,0,0,0
853600,0,0,0,0,0,0
853700,0,0,0,0,0,0
853800,0,0,0,0,0,0
853900,0,0,0,0,0,0
854000,0,0,0,0,0,0
854100,0,0,0,0,0,0
854200,0,0,0,0,0,0
854300,0,0,0,0,0,0
854400,0,0,0,0,0,0
854500,0,0,0,0,0,0
854600,0,0,0,0,0,0
854700,0,0,0,0,0,0
854800,0,0,0,0,0,0
854900,0,0,0,0,0,0
855000,0,0,0,0,0,0
855100,0,0,0,0,0,0
855200,0,0,0,0,0,0
855300,0,0,0,0,0,0
855400,0,0,0,0,0,0
855500,0,0,0,0,0,0
855600,0,0,0,0,0,0
855700,0,0,0,0,0,0
855800,0,0,0,0,0,0
855900,0,0,0,0,0,0
856000,0,0,0,0,0,0
856100,0,0,0,0,0,0
856200,0,0,0,0,0,0
856300,0,0,0,0,0,0
856400,0,0,0,0,0,0
856500,0,0,0,0,0,0
856600,0,0,0,0,0,0
856700,0,0,0,0,0,0
856800,0,0,0,0,0,0
856900,0,0,0,0,0,0
857000,0,0,0,0,0,0
857100,0,0,0,0,0,0
857200,0,0,0,0,0,0
857300,0,0,0,0,0,0
857400,0,0,0,0,0,0
857500,0,0,0,0,0,0
857600,0,0,0,0,0,0
857700,0,0,0,0,0,0
857800,0,0,0,0,0,0
857900,0,0,0,0,0,0
858000,0,0,0,0,0,0
858100,0,0,0,0,0,0
858200,0,0,0,0,0,0
858300,0,0,0,0,0,0
858400,0,0,0,0,0,0
858500,0,0,0,0,0,0
858600,0,0,0,0,0,0
858700,0,0,0,0,0,0
858800,0,0,0,0,0,0
858900,0,0,0,0,0,0
859000,0,0,0,0,0,0
859100,0,0,0,0,0,0
859200,0,0,0,0,0,0
859300,0,0,0,0,0,0
859400,0,0,0,0,0,0
859500,0,0,0,0,0,0
859600,0,0,0,0,0,0
859700,0,0,0,0,0,0
859800,0,0,0,0,0,0
859900,0,0,0,0,0,0
860000,0,0,0,0,0,0
860100,0,0,0,0,0,0
860200,0,0,0,0,0,0
860300,0,0,0,0,0,0
860400,0,0,0,0,0,0
860500,0,0,0,0,0,0
860600,0,0,0,0,0,0
860700,0,0,0,0,0,0
860800,0,0,0,0,0,0
860900,0,0,0,0,0,0
861000,0,0,0,0,0,0
861100,0,0,0,0,0,0
861200,0,0,0,0,0,0
861300,0,0,0,0,0,0
861400,0,0,0,0,0,0
861500,0,0,0,0,0,0
861600,0,0,0,0,0,0
861700,0,0,0,0,0,0
861800,0,0,0,0,0,0
861900,0,0,0,0,0,0
862000,0,0,0,0,0,0
862100,0,0,0,0,0,0
862200,0,0,0,0,0,0
862300,0,0,0,0,0,0
862400,0,0,0,0,0,0
862500,0,0,0,0,0,0
862600,0,0,0,0,0,0
862700,0,0,0,0,0,0
862800,0,0,0,0,0,0
862900,0,0,0,0,0,0
863000,0,0,0,0,0,0
863100,0,0,0,0,0,0
863200,0,0,0,0,0,0
863300,0,0,0,0,0,0
863400,0,0,0,0,0,0
863500,0,0,0,0,0,0
863600,0,0,0,0,0,0
863700,0,0,0,0,0,0
863800,0,0,0,0,0,0
863900,0,0,0,0,0,0
864000,0,0,0,0,0,0
864100,0,0,0,0,0,0
864200,0,0,0,0,0,0
864300,0,0,0,0,0,0
864400,0,0,0,0,0,0
864500,0,0,0,0,0,0
864600,0,0,0,0,0,0
864700,0,0,0,0,0,0
864800,0,0,0,0,0,0
864900,0,0,0,0,0,0
865000,0,0,0,0,0,0
865100,0,0,0,0,0,0
865200,0,0,0,0,0,0
865300,0,0,0,0,0,0
865400,0,0,0,0,0,0
865500,0,0,0,0,0,0
865600,0,0,0,0,0,0
865700,0,0,0,0,0,0
865800,0,0,0,0,0,0
865900,0,0,0,0,0,0
866000,0,0,0,0,0,0
866100,0,0,0,0,0,0
866200,0,0,0,0,0,0
866300,0,0,0,0,0,0
866400,0,0,0,0,0,0
866500,0,0,0,0,0,0
866600,0,0,0,0,0,0
866700,0,0,0,0,0,0
866800,0,0,0,0,0,0
866900,0,0,0,0,0,0
867000,0,0,0,0,0,0
867100,0,0,0,0,0,0
867200,0,0,0,0,0,0
867300,0,0,0,0,0,0
867400,0,0,0,0,0,0
867500,0,0,0,0,0,0
867600,0,0,0,0,0,0
867700,0,0,0,0,0,0
867800,0,0,0,0,0,0
867900,0,0,0,0,0,0
868000,0,0,0,0,0,0
868100,0,0,0,0,0,0
868200,0,0,0,0,0,0
868300,0,0,0,0,0,0
868400,0,0,0,0,0,0
868500,0,0,0,0,0,0
868600,0,0,0,0,0,0
868700,0,0,0,0,0,0
868800,0,0,0,0,0,0
868900,0,0,0,0,0,0
869000,0,0,0,0,0,0
869100,0,0,0,0,0,0
869200,0,0,0,0,0,0
869300,0,0,0,0,0,0
869400,0,0,0,0,0,0
869500,0,0,0,0,0,0
869600,0,0,0,0,0,0
869700,0,0,0,0,0,0
869800,0,0,0,0,0,0
869900,0,0,0,0,0,0
870000,0,0,0,0,0,0
870100,0,0,0,0,0,0
870200,0,0,0,0,0,0
870300,0,0,0,0,0,0
870400,0,0,0,0,0,0
870500,0,0,0,0,0,0
870600,0,0,0,0,0,0
870700,0,0,0,0,0,0
870800,0,0,0,0,0,0
870900,0,0,0,0,0,0
871000,0,0,0,0,0,0
871100,0,0,0,0,0,0
871200,0,0,0,0,0,0
871300,0,0,0,0,0,0
871400,0,0,0,0,0,0
871500,0,0,0,0,0,0
871600,0,0,0,0,0,0
871700,0,0,0,0,0,0
871800,0,0,0,0,0,0
871900,0,0,0,0,0,0
872000,0,0,0,0,0,0
872100,0,0,0,0,0,0
872200,0,0,0,0,0,0
872300,0,0,0,0,0,0
872400,0,0,0,0,0,0
872500,0,0,0,0,0,0
872600,0,0,0,0,0,0
872700,0,0,0,0,0,0
872800,0,0,0,0,0,0
872900,0,0,0,0,0,0
873000,0,0,0,0,0,0
873100,0,0,0,0,0,0
873200,0,0,0,0,0,0
873300,0,0,0,0,0,0
873400,0,0,0,0,0,0
873500,0,0,0,0,0,0
873600,0,0,0,0,0,0
873700,0,0,0,0,0,0
873800,0,0,0,0,0,0
873900,0,0,0,0,0,0
874000,0,0,0,0,0,0
874100,0,0,0,0,0,0
874200,0,0,0,0,0,0
874300,0,0,0,0,0,0
874400,0,0,0,0,0,0
874500,0,0,0,0,0,0
874600,0,0,0,0,0,0
874700,0,0,0,0,0,0
874800,0,0,0,0,0,0
874900,0,0,0,0,0,0
875000,0,0,0,0,0,0
875100,0,0,0,0,0,0
875200,0,0,0,0,0,0
875300,0,0,0,0,0,0
875400,0,0,0,0,0,0
875500,0,0,0,0,0,0
875600,0,0,0,0,0,0
875700,0,0,0,0,0,0
875800,0,0,0,0,0,0
875900,0,0,0,0,0,0
876000,0,0,0,0,0,0
876100,0,0,0,0,0,0
876200,0,0,0,0,0,0
876300,0,0,0,0,0,0
876400,0,0,0,0,0,0
876500,0,0,0,0,0,0
876600,0,0,0,0,0,0
876700,0,0,0,0,0,0
876800,0,0,0,0,0,0
876900,0,0,0,0,0,0
877000,0,0,0,0,0,0
877100,0,0,0,0,0,0
877200,0,0,0,0,0,0
877300,0,0,0,0,0,0
877400,0,0,0,0,0,0
877500,0,0,0,0,0,0
877600,0,0,0,0,0,0
877700,0,0,0,0,0,0
877800,0,0,0,0,0,0
877900,0,0,0,0,0,0
878000,0,0,0,0,0,0
878100,0,0,0,0,0,0
878200,0,0,0,0,0,0
878300,0,0,0,0,0,0
878400,0,0,0,0,0,0
878500,0,0,0,0,0,0
878600,0,0,0,0,0,0
878700,0,0,0,0,0,0
878800,0,0,0,0,0,0
878900,0,0,0,0,0,0
879000,0,0,0,0,0,0
879100,0,0,0,0,0,0
879200,0,0,0,0,0,0
879300,0,0,0,0,0,0
879400,0,0,0,0,0,0
879500,0,0,0,0,0,0
879600,0,0,0,0,0,0
879700,0,0,0,0,0,0
879800,0,0,0,0,0,0
879900,0,0,0,0,0,0
880000,0,0,0,0,0,0
880100,1,0,0,0,0,0
880200,0,0,0,0,0,0
880300,0,0,0,0,0,0
880400,0,0,0,0,0,0
880500,0,0,0,0,0,0
880600,0,0,0,0,0,0
880700,0,0,0,0,0,0
880800,0,0,0,0,0,0
880900,0,0,0,0,0,0
881000,0,0,0,0,0,0
881100,0,0,0,0,0,0
881200,0,0,0,0,0,0
881300,0,0,0,0,0,0
881400,0,0,0,0,0,0
881500,0,0,0,0,0,0
881600,0,0,0,0,0,0
881700,0,0,0,0,0,0
881800,0,0,0,0,0,0
881900,0,0,0,0,0,0
882000,0,0,0,0,0,0
882100,0,0,0,0,0,0
882200,0,0,0,0,0,0
882300,0,0,0,0,0,0
882400,0,0,0,0,0,0
882500,0,0,0,0,0,0
882600,0,0,0,0,0,0
882700,0,0,0,0,0,0
882800,0,0,0,0,0,0
882900,0,0,0,0,0,0
883000,0,0,0,0,0,0
883100,0,0,0,0,0,0
883200,0,0,0,0,0,0
883300,0,0,0,0,0,0
883400,0,0,0,0,0,0
883500,0,0,0,0,0,0
883600,0,0,0,0,0,0
883700,0,0,0,0,0,0
883800,0,0,0,0,0,0
883900,0,0,0,0,0,0
884000,0,0,0,0,0,0
884100,0,0,0,0,0,0
884200,0,0,0,0,0,0
884300,0,0,0,0,0,0
884400,0,0,0,0,0,0
884500,0,0,0,0,0,0
884600,0,0,0,0,0,0
884700,0,0,0,0,0,0
884800,0,0,0,0,0,0
884900,0,0,0,0,0,0
885000,0,0,0,0,0,0
885100,0,0,0,0,0,0
885200,0,0,0,0,0,0
885300,0,0,0,0,0,0
885400,0,0,0,0,0,0
885500,0,0,0,0,0,0
885600,0,0,0,0,0,0
885700,0,0,0,0,0,0
885800,0,0,0,0,0,0
885900,0,0,0,0,0,0
886000,0,0,0,0,0,0
886100,0,0,0,0,0,0
886200,0,0,0,0,0,0
886300,0,0,0,0,0,0
886400,0,0,0,0,0,0
886500,0,0,0,0,0,0
886600,0,0,0,0,0,0
886700,0,0,0,0,0,0
886800,0,0,0,0,0,0
886900,0,0,0,0,0,0
887000,0,0,0,0,0,0
887100,0,0,0,0,0,0
887200,0,0,0,0,0,0
887300,0,0,0,0,0,0
887400,0,0,0,0,0,0
887500,0,0,0,0,0,0
887600,0,0,0,0,0,0
887700,0,0,0,0,0,0
887800,0,0,0,0,0,0
887900,0,0,0,0,0,0
888000,0,0,0,0,0,0
888100,0,0,0,0,0,0
888200,0,0,0,0,0,0
888300,0,0,0,0,0,0
888400,0,0,0,0,0,0
888500,0,0,0,0,0,0
888600,0,0,0,0,0,0
888700,0,0,0,0,0,0
888800,0,0,0,0,0,0
888900,0,0,0,0,0,0
889000,0,0,0,0,0,0
889100,0,0,0,0,0,0
889200,0,0,0,0,0,0
889300,0,0,0,0,0,0
889400,0,0,0,0,0,0
889500,0,0,0,0,0,0
889600,0,0,0,0,0,0
889700,0,0,0,0,0,0
889800,0,0,0,0,0,0
889900,0,0,0,0,0,0
890000,0,0,0,0,0,0
890100,0,0,0,0,0,0
890200,0,0,0,0,0,0
890300,0,0,0,0,0,0
890400,0,0,0,0,0,0
890500,0,0,0,0,0,0
890600,0,0,0,0,0,0
890700,0,0,0,0,0,0
890800,0,0,0,0,0,0
890900,0,0,0,0,0,0
891000,0,0,0,0,0,0
891100,0,0,0,0,0,0
891200,0,0,0,0,0,0
891300,0,0,0,0,0,0
891400,0,0,0,0,0,0
891500,0,0,0,0,0,0
891600,0,0,0,0,0,0
891700,0,0,0,0,0,0
891800,0,0,0,0,0,0
891900,0,0,0,0,0,0
892000,0,0,0,0,0,0
892100,1,0,0,0,0,0
892200,0,0,0,0,0,0
892300,0,0,0,0,0,0
892400,0,0,0,0,0,0
892500,0,0,0,0,0,0
892600,0,0,0,0,0,0
892700,0,0,0,0,0,0
892800,0,0,0,0,0,0
892900,0,0,0,0,0,0
893000,0,0,0,0,0,0
893100,0,0,0,0,0,0
893200,0,0,0,0,0,0
893300,0,0,0,0,0,0
893400,0,0,0,0,0,0
893500,0,0,0,0,0,0
893600,0,0,0,0,0,0
893700,0,0,0,0,0,0
893800,0,0,0,0,0,0
893900,0,0,0,0,0,0
894000,0,0,0,0,0,0
894100,0,0,0,0,0,0
894200,0,0,0,0,0,0
894300,0,0,0,0,0,0
894400,0,0,0,0,0,0
894500,0,0,0,0,0,0
894600,0,0,0,0,0,0
894700,0,0,0,0,0,0
894800,0,0,0,0,0,0
894900,0,0,0,0,0,0
895000,0,0,0,0,0,0
895100,0,0,0,0,0,0
895200,0,0,0,0,0,0
895300,0,0,0,0,0,0
895400,0,0,0,0,0,0
895500,0,0,0,0,0,0
895600,0,0,0,0,0,0
895700,0,0,0,0,0,0
895800,0,0,0,0,0,0
895900,0,0,0,0,0,0
896000,0,0,0,0,0,0
896100,0,0,0,0,0,0
896200,0,0,0,0,0,0
896300,0,0,0,0,0,0
896400,0,0,0,0,0,0
896500,0,0,0,0,0,0
896600,0,0,0,0,0,0
896700,0,0,0,0,0,0
896800,0,0,0,0,0,0
896900,0,0,0,0,0,0
897000,0,0,0,0,0,0
897100,0,0,0,0,0,0
897200,0,0,0,0,0,0
897300,0,0,0,0,0,0
897400,0,0,0,0,0,0
897500,0,0,0,0,0,0
897600,0,0,0,0,0,0
897700,0,0,0,0,0,0
897800,0,0,0,0,0,0
897900,0,0,0,0,0,0
898000,0,0,0,0,0,0
898100,0,0,0,0,0,0
898200,0,0,0,0,0,0
898300,0,0,0,0,0,0
898400,0,0,0,0,0,0
898500,0,0,0,0,0,0
898600,0,0,0,0,0,0
898700,0,0,0,0,0,0
898800,0,0,0,0,0,0
898900,0,0,0,0,0,0
899000,0,0,0,0,0,0
899100,0,0,0,0,0,0
899200,0,0,0,0,0,0
899300,0,0,0,0,0,0
899400,0,0,0,0,0,0
899500,0,0,0,0,0,0
899600,0,0,0,0,0,0
899700,0,0,0,0,0,0
899800,0,0,0,0,0,0
899900,0,0,0,0,0,0
900000,0,0,0,0,0,0
900100,0,0,0,0,0,0
900200,0,0,0,0,0,0
900300,0,0,0,0,0,0
900400,0,0,0,0,0,0
900500,0,0,0,0,0,0
900600,0,0,0,0,0,0
900700,0,0,0,0,0,0
900800,0,0,0,0,0,0
900900,0,0,0,0,0,0
901000,0,0,0,0,0,0
901100,0,0,0,0,0,0
901200,0,0,0,0,0,0
901300,0,0,0,0,0,0
901400,0,0,0,0,0,0
901500,0,0,0,0,0,0
901600,0,0,0,0,0,0
901700,0,0,0,0,0,0
901800,0,0,0,0,0,0
901900,0,0,0,0,0,0
902000,0,0,0,0,0,0
902100,0,0,0,0,0,0
902200,0,0,0,0,0,0
902300,0,0,0,0,0,0
902400,0,0,0,0,0,0
902500,1,0,0,0,0,0
902600,0,0,0,0,0,0
902700,0,0,0,0,0,0
902800,0,0,0,0,0,0
902900,0,0,0,0,0,0
903000,0,0,0,0,0,0
903100,0,0,0,0,0,0
903200,0,0,0,0,0,0
903300,0,0,0,0,0,0
903400,1,0,0,0,0,0
903500,0,0,0,0,0,0
903600,0,0,0,0,0,0
903700,0,0,0,0,0,0
903800,0,0,0,0,0,0
903900,0,0,0,0,0,0
904000,0,0,0,0,0,0
904100,0,0,0,0,0,0
904200,0,0,0,0,0,0
904300,0,0,0,0,0,0
904400,0,0,0,0,0,0
904500,0,0,0,0,0,0
904600,0,0,0,0,0,0
904700,0,0,0,0,0,0
904800,0,0,0,0,0,0
904900,0,0,0,0,0,0
905000,0,0,0,0,0,0
905100,0,0,0,0,0,0
905200,0,0,0,0,0,0
905300,0,0,0,0,0,0
905400,0,0,0,0,0,0
905500,0,0,0,0,0,0
905600,0,0,0,0,0,0
905700,0,0,0,0,0,0
905800,0,0,0,0,0,0
905900,0,0,0,0,0,0
906000,0,0,0,0,0,0
906100,0,0,0,0,0,0
906200,0,0,0,0,0,0
906300,0,0,0,0,0,0
906400,0,0,0,0,0,0
906500,0,0,0,0,0,0
906600,0,0,0,0,0,0
906700,0,0,0,0,0,0
906800,0,0,0,0,0,0
906900,0,0,0,0,0,0
907000,0,0,0,0,0,0
907100,0,0,0,0,0,0
907200,0,0,0,0,0,0
907300,0,0,0,0,0,0
907400,0,0,0,0,0,0
907500,0,0,0,0,0,0
907600,0,0,0,0,0,0
907700,0,0,0,0,0,0
907800,0,0,0,0,0,0
907900,0,0,0,0,0,0
908000,0,0,0,0,0,0
908100,0,0,0,0,0,0
908200,0,0,0,0,0,0
908300,0,0,0,0,0,0
908400,0,0,0,0,0,0
908500,0,0,0,0,0,0
908600,0,0,0,0,0,0
908700,0,0,0,0,0,0
908800,0,0,0,0,0,0
908900,0,0,0,0,0,0
909000,0,0,0,0,0,0
909100,0,0,0,0,0,0
909200,0,0,0,0,0,0
909300,0,0,0,0,0,0
909400,0,0,0,0,0,0
909500,0,0,0,0,0,0
909600,0,0,0,0,0,0
909700,0,0,0,0,0,0
909800,0,0,0,0,0,0
909900,0,0,0,0,0,0
910000,0,0,0,0,0,0
910100,0,0,0,0,0,0
910200,0,0,0,0,0,0
910300,0,0,0,0,0,0
910400,0,0,0,0,0,0
910500,0,0,0,0,0,0
910600,0,0,0,0,0,0
910700,0,0,0,0,0,0
910800,0,0,0,0,0,0
910900,0,0,0,0,0,0
911000,0,0,0,0,0,0
911100,0,0,0,0,0,0
911200,0,0,0,0,0,0
911300,0,0,0,0,0,0
911400,0,0,0,0,0,0
911500,0,0,0,0,0,0
911600,0,0,0,0,0,0
911700,0,0,0,0,0,0
911800,0,0,0,0,0,0
911900,0,0,0,0,0,0
912000,0,0,0,0,0,0
912100,0,0,0,0,0,0
912200,0,0,0,0,0,0
912300,0,0,0,0,0,0
912400,0,0,0,0,0,0
912500,0,0,0,0,0,0
912600,0,0,0,0,0,0
912700,0,0,0,0,0,0
912800,0,0,0,0,0,0
912900,0,0,0,0,0,0
913000,0,0,0,0,0,0
913100,0,0,0,0,0,0
913200,0,0,0,0,0,0
913300,0,0,0,0,0,0
913400,0,0,0,0,0,0
913500,0,0,0,0,0,0
913600,0,0,0,0,0,0
913700,0,0,0,0,0,0
913800,0,0,0,0,0,0
913900,0,0,0,0,0,0
914000,0,0,0,0,0,0
914100,0,0,0,0,0,0
914200,0,0,0,0,0,0
914300,0,0,0,0,0,0
914400,0,0,0,0,0,0
914500,0,0,0,0,0,0
914600,0,0,0,0,0,0
914700,0,0,0,0,0,0
914800,0,0,0,0,0,0
914900,0,0,0,0,0,0
915000,0,0,0,0,0,0
915100,0,0,0,0,0,0
915200,0,0,0,0,0,0
915300,0,0,0,0,0,0
915400,0,0,0,0,0,0
915500,0,0,0,0,0,0
915600,0,0,0,0,0,0
915700,0,0,0,0,0,0
915800,0,0,0,0,0,0
915900,0,0,0,0,0,0
916000,0,0,0,0,0,0
916100,0,0,0,0,0,0
916200,0,0,0,0,0,0
916300,0,0,0,0,0,0
916400,0,0,0,0,0,0
916500,0,0,0,0,0,0
916600,0,0,0,0,0,0
916700,0,0,0,0,0,0
916800,0,0,0,0,0,0
916900,0,0,0,0,0,0
917000,0,0,0,0,0,0
917100,0,0,0,0,0,0
917200,0,0,0,0,0,0
917300,0,0,0,0,0,0
917400,0,0,0,0,0,0
917500,0,0,0,0,0,0
917600,0,0,0,0,0,0
917700,0,0,0,0,0,0
917800,0,0,0,0,0,0
917900,0,0,0,0,0,0
918000,0,0,0,0,0,0
918100,0,0,0,0,0,0
918200,0,0,0,0,0,0
918300,0,0,0,0,0,0
918400,0,0,0,0,0,0
918500,0,0,0,0,0,0
918600,0,0,0,0,0,0
918700,0,0,0,0,0,0
918800,0,0,0,0,0,0
918900,0,0,0,0,0,0
919000,0,0,0,0,0,0
919100,0,0,0,0,0,0
919200,0,0,0,0,0,0
919300,0,0,0,0,0,0
919400,0,0,0,0,0,0
919500,0,0,0,0,0,0
919600,0,0,0,0,0,0
919700,0,0,0,0,0,0
919800,0,0,0,0,0,0
919900,0,0,0,0,0,0
920000,0,0,0,0,0,0
920100,0,0,0,0,0,0
920200,0,0,0,0,0,0
920300,0,0,0,0,0,0
920400,0,0,0,0,0,0
920500,0,0,0,0,0,0
920600,0,0,0,0,0,0
920700,0,0,0,0,0,0
920800,0,0,0,0,0,0
920900,0,0,0,0,0,0
921000,0,0,0,0,0,0
921100,0,0,0,0,0,0
921200,0,0,0,0,0,0
921300,0,0,0,0,0,0
921400,0,0,0,0,0,0
921500,0,0,0,0,0,0
921600,0,0,0,0,0,0
921700,0,0,0,0,0,0
921800,0,0,0,0,0,0
921900,0,0,0,0,0,0
922000,0,0,0,0,0,0
922100,0,0,0,0,0,0
922200,0,0,0,0,0,0
922300,0,0,0,0,0,0
922400,0,0,0,0,0,0
922500,0,0,0,0,0,0
922600,0,0,0,0,0,0
922700,0,0,0,0,0,0
922800,1,0,0,0,0,0
922900,0,0,0,0,0,0
923000,0,0,0,0,0,0
923100,0,0,0,0,0,0
923200,0,0,0,0,0,0
923300,0,0,0,0,0,0
923400,0,0,0,0,0,0
923500,0,0,0,0,0,0
923600,0,0,0,0,0,0
923700,0,0,0,0,0,0
923800,0,0,0,0,0,0
923900,0,0,0,0,0,0
924000,0,0,0,0,0,0
924100,0,0,0,0,0,0
924200,0,0,0,0,0,0
924300,0,0,0,0,0,0
924400,0,0,0,0,0,0
924500,1,0,0,0,0,0
924600,0,0,0,0,0,0
924700,0,0,0,0,0,0
924800,1,0,0,0,0,0
924900,0,0,0,0,0,0
925000,0,0,0,0,0,0
925100,0,0,0,0,0,0
925200,0,0,0,0,0,0
925300,0,0,0,0,0,0
925400,0,0,0,0,0,0
925500,0,0,0,0,0,0
925600,0,0,0,0,0,0
925700,0,0,0,0,0,0
925800,0,0,0,0,0,0
925900,0,0,0,0,0,0
926000,0,0,0,0,0,0
926100,0,0,0,0,0,0
926200,0,0,0,0,0,0
926300,0,0,0,0,0,0
926400,0,0,0,0,0,0
926500,0,0,0,0,0,0
926600,0,0,0,0,0,0
926700,0,0,0,0,0,0
926800,0,0,0,0,0,0
926900,0,0,0,0,0,0
927000,0,0,0,0,0,0
927100,0,0,0,0,0,0
927200,0,0,0,0,0,0
927300,0,0,0,0,0,0
927400,0,0,0,0,0,0
927500,0,0,0,0,0,0
927600,0,0,0,0,0,0
927700,0,0,0,0,0,0
927800,0,0,0,0,0,0
927900,0,0,0,0,0,0
928000,0,0,1,0,0,0
928100,0,0,0,0,0,0
928200,0,0,0,0,0,0
928300,0,0,0,0,0,0
928400,0,0,0,0,0,0
928500,0,0,0,0,0,0
928600,0,0,0,0,0,0
928700,0,0,0,0,0,0
928800,0,0,0,0,0,0
928900,0,0,0,0,0,0
929000,0,0,0,0,0,0
929100,0,0,0,0,0,0
929200,1,0,0,0,0,0
929300,0,0,0,0,0,0
929400,0,0,0,0,0,0
929500,0,0,0,0,0,0
929600,0,0,0,0,0,0
929700,0,0,0,0,0,0
929800,0,0,0,0,0,0
929900,0,0,0,0,0,0
930000,0,0,0,0,0,0
930100,0,0,0,0,0,0
930200,0,0,0,0,0,0
930300,1,0,0,0,0,0
930400,0,0,0,0,0,0
930500,0,0,0,0,0,0
930600,0,0,0,0,0,0
930700,0,0,0,0,0,0
930800,0,0,0,0,0,0
930900,0,0,0,0,0,0
931000,0,0,0,0,0,0
931100,0,0,0,0,0,0
931200,1,0,0,0,0,0
931300,0,0,0,0,0,0
931400,0,0,0,0,0,0
931500,0,0,0,0,0,0
931600,0,0,0,0,0,0
931700,0,0,0,0,0,0
931800,0,0,0,0,0,0
931900,0,0,0,0,0,0
932000,0,0,0,0,0,0
932100,0,0,0,0,0,0
932200,0,0,0,0,0,0
932300,0,0,0,0,0,0
932400,0,0,0,0,0,0
932500,0,0,0,0,0,0
932600,0,0,0,0,0,0
932700,0,0,0,0,0,0
932800,0,0,0,0,0,0
932900,1,0,0,0,0,0
933000,0,0,0,0,0,0
933100,0,0,0,0,0,0
933200,0,0,0,0,0,0
933300,0,0,0,0,0,0
933400,0,0,0,0,0,0
933500,0,0,0,0,0,0
933600,0,0,0,0,0,0
933700,0,0,0,0,0,0
933800,0,0,0,0,0,0
933900,0,0,0,0,0,0
934000,0,0,0,0,0,0
934100,0,0,0,0,0,0
934200,0,0,0,0,0,0
934300,0,0,0,0,0,0
934400,0,0,0,0,0,0
934500,0,0,0,0,0,0
934600,0,0,0,0,0,0
934700,0,0,0,0,0,0
934800,0,0,0,0,0,0
934900,0,0,0,0,0,0
935000,0,0,0,0,0,0
935100,0,0,0,0,0,0
935200,0,0,0,0,0,0
935300,0,0,0,0,0,0
935400,0,0,0,0,0,0
935500,0,0,0,0,0,0
935600,0,0,0,0,0,0
935700,1,0,0,0,0,0
935800,0,0,0,0,0,0
935900,0,0,0,0,0,0
936000,0,0,0,0,0,0
936100,0,0,0,0,0,0
936200,0,0,0,0,0,0
936300,0,0,0,0,0,0
936400,0,0,0,0,0,0
936500,0,0,0,0,0,0
936600,1,0,0,0,0,0
936700,0,0,0,0,0,0
936800,0,0,0,0,0,0
936900,0,0,0,0,0,0
937000,0,0,0,0,0,0
937100,0,0,0,0,0,0
937200,0,0,0,0,0,0
937300,0,0,0,0,0,0
937400,0,0,0,0,0,0
937500,0,0,0,0,0,0
937600,0,0,0,0,0,0
937700,0,0,0,0,0,0
937800,0,0,0,0,0,0
937900,0,0,0,0,0,0
938000,0,0,0,0,0,0
938100,0,0,0,0,0,0
938200,0,0,0,0,0,0
938300,0,0,0,0,0,0
938400,0,0,0,0,0,0
938500,0,0,0,0,0,0
938600,0,0,0,0,0,0
938700,0,0,0,0,0,0
938800,0,0,0,0,0,0
938900,0,0,0,0,0,0
939000,0,0,0,0,0,0
939100,0,0,0,0,0,0
939200,1,0,0,0,0,0
939300,0,0,0,0,0,0
939400,0,0,0,0,0,0
939500,0,0,0,0,0,0
939600,0,0,0,0,0,0
939700,0,0,0,0,0,0
939800,0,0,0,0,0,0
939900,0,0,0,0,0,0
940000,0,0,0,0,0,0
940100,0,0,0,0,1,0
940200,0,0,0,0,0,0
940300,0,0,0,0,0,0
940400,0,0,0,0,0,0
940500,0,0,0,0,0,0
940600,0,0,0,0,0,0
940700,0,0,0,0,0,0
940800,0,0,0,0,0,0
940900,1,0,0,0,0,0
941000,0,0,0,0,0,0
941100,0,0,0,0,0,0
941200,0,0,0,0,0,0
941300,0,0,0,0,0,0
941400,0,0,0,0,0,0
941500,0,0,0,0,0,0
941600,0,0,0,0,0,0
941700,0,0,0,0,0,0
941800,0,0,0,0,0,0
941900,0,0,0,0,0,0
942000,0,0,0,0,0,0
942100,0,0,0,0,0,0
942200,0,0,0,0,0,0
942300,0,0,0,0,0,0
942400,0,0,0,0,0,0
942500,0,0,0,0,0,0
942600,0,0,0,0,0,0
942700,0,0,0,0,0,0
942800,0,0,0,0,0,0
942900,0,0,0,0,0,0
943000,0,0,0,0,0,0
943100,0,0,0,0,0,0
943200,0,0,0,0,0,0
943300,1,0,0,0,0,0
943400,0,0,0,0,0,0
943500,0,0,0,0,0,0
943600,0,0,0,0,0,0
943700,0,0,0,0,0,0
943800,0,0,0,0,0,0
943900,0,0,0,0,0,0
944000,0,0,0,0,0,0
944100,0,0,0,0,0,0
944200,0,0,0,0,0,0
944300,0,0,0,0,0,0
944400,0,0,0,0,0,0
944500,0,0,0,0,0,0
944600,0,0,0,0,0,0
944700,0,0,0,0,0,0
944800,0,0,0,0,0,0
944900,0,0,0,0,0,0
945000,0,0,0,0,0,0
945100,0,0,0,0,0,0
945200,0,0,0,0,0,0
945300,0,0,0,0,0,0
945400,1,0,0,0,0,0
945500,0,0,0,0,0,0
945600,0,0,0,0,0,0
945700,0,0,0,0,0,0
945800,0,0,0,0,0,0
945900,0,0,0,0,0,0
946000,0,0,0,0,0,0
946100,0,0,0,0,0,0
946200,0,0,0,0,0,0
946300,1,0,0,0,0,0
946400,0,0,0,0,0,0
946500,0,0,0,0,0,0
946600,0,0,0,0,0,0
946700,0,0,0,0,0,0
946800,0,0,0,0,0,0
946900,0,0,0,0,0,0
947000,0,0,0,0,0,0
947100,0,0,0,0,0,0
947200,0,0,0,0,0,0
947300,0,0,0,0,0,0
947400,0,0,0,0,0,0
947500,0,0,0,0,0,0
947600,0,0,0,0,0,0
947700,0,0,0,0,0,0
947800,0,0,0,0,0,0
947900,0,0,0,0,0,0
948000,0,0,0,0,0,0
948100,0,0,0,0,0,0
948200,0,0,0,0,0,0
948300,0,0,0,0,0,0
948400,0,0,0,0,0,0
948500,0,0,0,0,0,0
948600,0,0,0,0,0,0
948700,0,0,0,0,0,0
948800,0,0,0,0,0,0
948900,0,0,0,0,0,0
949000,0,0,0,0,0,0
949100,0,0,0,0,0,0
949200,0,0,0,0,0,0
949300,0,0,0,0,0,0
949400,0,0,0,0,0,0
949500,0,0,0,0,0,0
949600,0,0,0,0,0,0
949700,0,0,0,0,0,0
949800,0,0,0,0,0,0
949900,0,0,0,0,0,0
950000,0,0,0,0,0,0
950100,0,0,0,0,0,0
950200,0,0,0,0,0,0
950300,0,0,0,0,0,0
950400,0,0,0,0,0,0
950500,0,0,0,0,0,0
950600,0,0,0,0,0,0
950700,0,0,0,0,0,0
950800,0,0,0,0,0,0
950900,0,0,0,0,0,0
951000,0,0,0,0,0,0
951100,0,0,0,0,0,0
951200,0,0,0,0,0,0
951300,1,0,0,0,0,0
951400,0,0,0,0,0,0
951500,0,0,0,0,0,0
951600,0,0,0,0,0,0
951700,0,0,0,0,0,0
951800,0,0,0,0,0,0
951900,0,0,0,0,0,0
952000,0,0,0,0,0,0
952100,1,0,0,0,0,0
952200,0,0,0,0,0,0
952300,0,0,0,0,0,0
952400,0,0,0,0,0,0
952500,0,0,0,0,0,0
952600,0,0,0,0,0,0
952700,0,0,0,0,0,0
952800,0,0,0,0,0,0
952900,0,0,0,0,0,0
953000,0,0,0,0,0,0
953100,0,0,0,0,0,0
953200,0,0,0,0,0,0
953300,0,0,0,0,0,0
953400,0,0,0,0,0,0
953500,0,0,0,0,0,0
953600,0,0,0,0,0,0
953700,0,0,0,0,0,0
953800,0,0,0,0,0,0
953900,0,0,0,0,0,0
954000,0,0,0,0,0,0
954100,0,0,0,0,0,0
954200,0,0,0,0,0,0
954300,0,0,0,0,0,0
954400,0,0,0,0,0,0
954500,0,0,0,0,0,0
954600,0,0,0,0,0,0
954700,0,0,0,0,0,0
954800,0,0,0,0,0,0
954900,0,0,0,0,0,0
955000,0,0,0,0,0,0
955100,0,0,0,0,0,0
955200,0,0,0,0,0,0
955300,0,0,0,0,0,0
955400,0,0,0,0,0,0
955500,0,0,0,0,0,0
955600,0,0,0,0,0,0
955700,0,0,0,0,0,0
955800,1,0,0,0,0,0
955900,0,0,0,0,0,0
956000,0,0,0,0,0,0
956100,1,0,0,0,0,0
956200,0,0,0,0,0,0
956300,0,0,0,0,0,0
956400,0,0,0,0,0,0
956500,0,0,0,0,0,0
956600,0,0,0,0,0,0
956700,0,0,0,0,0,0
956800,0,0,0,0,0,0
956900,0,0,0,0,0,0
957000,1,0,0,0,0,0
957100,0,0,0,0,0,0
957200,0,0,0,0,0,0
957300,0,0,0,0,0,0
957400,0,0,0,0,0,0
957500,0,0,0,0,1,0
957600,0,0,0,0,0,0
957700,0,0,0,0,0,0
957800,0,0,0,0,0,0
957900,0,0,0,0,0,0
958000,0,0,0,0,0,0
958100,0,0,0,0,0,0
958200,0,0,0,0,0,0
958300,0,0,0,0,0,0
958400,0,0,0,0,0,0
958500,0,0,0,0,0,0
958600,0,0,0,0,0,0
958700,0,0,0,0,0,0
958800,1,0,0,0,0,0
958900,0,0,0,0,0,0
959000,0,0,0,0,0,0
959100,0,0,0,0,0,0
959200,0,0,0,0,0,0
959300,1,0,0,0,0,0
959400,0,0,0,0,0,0
959500,0,0,0,0,0,0
959600,0,0,0,0,0,0
959700,0,0,0,0,0,0
959800,0,0,0,0,0,0
959900,1,0,0,0,0,0
960000,0,0,0,0,0,0
960100,0,0,0,0,0,0
960200,0,0,0,0,0,0
960300,0,0,0,0,0,0
960400,1,0,0,0,0,0
960500,0,0,0,0,0,0
960600,0,0,0,0,0,0
960700,0,0,0,0,0,0
960800,1,0,0,0,0,0
960900,0,0,0,0,0,0
961000,0,0,0,0,0,0
961100,0,0,0,0,0,0
961200,0,0,0,0,0,0
961300,0,0,0,0,0,0
961400,0,0,0,0,0,0
961500,0,0,0,0,0,0
961600,0,0,0,0,0,0
961700,0,0,0,0,0,0
961800,0,0,0,0,0,0
961900,0,0,0,0,0,0
962000,0,0,0,0,0,0
962100,0,0,0,0,0,0
962200,0,0,0,0,0,0
962300,0,0,0,0,0,0
962400,0,0,0,0,0,0
962500,0,0,0,0,0,0
962600,1,0,0,0,0,0
962700,0,0,0,0,0,0
962800,0,0,0,0,0,0
962900,0,0,0,0,0,0
963000,0,0,0,0,0,0
963100,1,0,0,0,0,0
963200,0,0,0,0,0,0
963300,0,0,0,0,0,0
963400,0,0,0,0,0,0
963500,0,0,0,0,0,0
963600,0,0,0,0,0,0
963700,0,0,0,0,0,0
963800,0,0,0,0,0,0
963900,0,0,0,0,0,0
964000,0,0,0,0,0,0
964100,0,0,0,0,0,0
964200,0,0,0,0,0,0
964300,0,0,0,0,0,0
964400,0,0,0,0,0,0
964500,0,0,0,0,0,0
964600,0,0,0,0,0,0
964700,1,0,0,0,0,0
964800,0,0,0,0,0,0
964900,0,0,0,0,0,0
965000,0,0,0,0,0,0
965100,0,0,0,0,0,0
965200,1,0,0,0,0,0
965300,1,0,0,0,0,0
965400,0,0,0,0,0,0
965500,0,0,0,0,0,0
965600,1,0,0,0,0,0
965700,0,0,0,0,0,0
965800,0,0,0,0,0,0
965900,0,0,0,0,0,0
966000,0,0,0,0,0,0
966100,1,0,0,0,0,0
966200,0,0,0,0,0,0
966300,0,0,0,0,0,0
966400,0,0,0,0,0,0
966500,0,0,0,0,0,0
966600,0,0,0,0,0,0
966700,0,0,0,0,0,0
966800,0,0,0,0,0,0
966900,0,0,0,0,0,0
967000,0,0,0,0,0,0
967100,0,0,0,0,0,0
967200,0,0,0,0,0,0
967300,0,0,0,0,0,0
967400,0,0,0,0,0,0
967500,0,0,0,0,0,0
967600,0,0,0,0,0,0
967700,0,0,0,0,0,0
967800,0,0,0,0,0,0
967900,0,0,0,0,0,0
968000,0,0,0,0,0,0
968100,0,0,0,0,0,0
968200,0,0,0,0,0,0
968300,0,0,0,0,0,0
968400,0,0,0,0,0,0
968500,1,0,0,0,0,0
968600,0,0,0,0,0,0
968700,0,0,0,0,0,0
968800,0,0,0,0,0,0
968900,0,0,0,0,0,0
969000,0,0,0,0,0,0
969100,0,0,0,0,0,0
969200,0,0,0,0,0,0
969300,0,0,0,0,0,0
969400,1,0,0,0,0,0
969500,0,0,0,0,0,0
969600,0,0,0,0,0,0
969700,0,0,0,0,0,0
969800,0,0,0,0,0,0
969900,0,0,0,0,0,0
970000,1,0,0,0,0,0
970100,0,0,0,0,0,0
970200,0,0,0,0,0,0
970300,0,0,0,0,0,0
970400,0,0,0,0,0,0
970500,0,0,0,0,0,0
970600,0,0,0,0,0,0
970700,0,0,0,0,0,0
970800,0,0,0,0,0,0
970900,0,0,0,0,0,0
971000,0,0,0,0,0,0
971100,0,0,0,0,0,0
971200,0,0,1,0,0,0
971300,0,0,0,0,0,0
971400,0,0,0,0,0,0
971500,0,0,0,0,0,0
971600,0,0,0,0,0,0
971700,0,0,0,0,0,0
971800,1,0,0,0,0,0
971900,0,0,0,0,0,0
972000,0,0,0,0,0,0
972100,0,0,0,0,0,0
972200,0,0,0,0,0,0
972300,0,0,0,0,1,0
972400,0,0,0,0,0,0
972500,0,0,0,0,0,0
972600,0,0,0,0,0,0
972700,0,0,0,0,0,0
972800,0,0,0,0,0,0
972900,0,0,0,0,0,0
973000,0,0,0,0,0,0
973100,1,0,0,0,0,0
973200,0,0,0,0,0,0
973300,0,0,0,0,0,0
973400,0,0,0,0,0,0
973500,0,0,0,0,0,0
973600,1,0,0,0,0,0
973700,0,0,0,0,0,0
973800,0,0,0,0,0,0
973900,0,0,0,0,0,0
974000,0,0,0,0,0,0
974100,0,0,0,0,0,0
974200,1,0,0,0,0,0
974300,0,0,0,0,0,0
974400,0,0,0,0,0,0
974500,0,0,0,0,0,0
974600,0,0,0,0,0,0
974700,1,0,0,0,0,0
974800,0,0,0,0,0,0
974900,0,0,0,0,0,0
975000,0,0,0,0,0,0
975100,0,0,0,0,0,0
975200,0,0,0,0,0,0
975300,0,0,0,0,0,0
975400,0,0,0,0,0,0
975500,0,0,0,0,0,0
975600,1,0,0,0,0,0
975700,1,0,0,0,0,0
975800,0,0,0,0,0,0
975900,0,0,0,0,0,0
976000,0,0,0,0,0,0
976100,0,0,0,0,0,0
976200,0,0,0,0,0,0
976300,0,0,0,0,0,0
976400,1,0,0,0,0,0
976500,0,0,0,0,0,0
976600,0,0,0,0,0,0
976700,0,0,0,0,0,0
976800,1,0,0,0,0,0
976900,0,0,0,0,0,0
977000,0,0,0,0,0,0
977100,0,0,0,0,0,0
977200,0,0,0,0,0,0
977300,0,0,0,0,0,0
977400,0,0,0,0,0,0
977500,0,0,0,0,0,0
977600,1,0,0,0,1,0
977700,0,0,0,0,0,0
977800,0,0,0,0,0,0
977900,0,0,0,0,0,0
978000,0,0,0,0,0,0
978100,0,0,0,0,0,0
978200,0,0,0,0,0,0
978300,0,0,0,0,0,0
978400,0,0,0,0,0,0
978500,0,0,0,0,0,0
978600,0,0,0,0,0,0
978700,0,0,0,0,0,0
978800,0,0,0,0,0,0
978900,0,0,0,0,0,0
979000,0,0,0,0,0,0
979100,0,0,0,0,0,0
979200,0,0,0,0,0,0
979300,0,0,0,0,0,0
979400,0,0,0,0,0,0
979500,0,0,0,0,0,0
979600,0,0,0,0,0,0
979700,0,0,0,0,0,0
979800,0,0,0,0,0,0
979900,0,0,0,0,0,0
980000,0,0,0,0,0,0
980100,0,0,0,0,0,0
980200,0,0,0,0,0,0
980300,0,0,0,0,0,0
980400,1,0,0,0,0,0
980500,0,0,0,0,0,0
980600,0,0,0,0,0,0
980700,0,0,0,0,0,0
980800,0,0,0,0,0,0
980900,0,0,0,0,0,0
981000,0,0,0,0,0,0
981100,0,0,0,0,0,0
981200,1,0,0,0,0,0
981300,0,0,0,0,0,0
981400,0,0,0,0,0,0
981500,0,0,0,0,0,0
981600,0,0,0,0,0,0
981700,0,0,0,0,0,0
981800,0,0,0,0,1,0
981900,0,0,0,0,0,0
982000,0,0,0,0,0,0
982100,0,0,0,0,0,0
982200,0,0,0,0,0,0
982300,0,0,0,0,0,0
982400,0,0,0,0,0,0
982500,0,0,0,0,0,0
982600,0,0,0,0,0,0
982700,0,0,0,0,0,0
982800,0,0,0,0,0,0
982900,0,0,0,0,0,0
983000,0,0,0,0,0,0
983100,0,0,0,0,0,0
983200,0,0,0,0,0,0
983300,0,0,0,0,0,0
983400,0,0,0,0,0,0
983500,0,0,0,0,0,0
983600,0,0,0,0,0,0
983700,0,0,0,0,0,0
983800,0,0,0,0,0,0
983900,0,0,0,0,0,0
984000,0,0,0,0,0,0
984100,0,0,0,0,0,0
984200,0,0,0,0,0,0
984300,0,0,0,0,0,0
984400,0,0,0,0,0,0
984500,0,0,0,0,0,0
984600,0,0,0,0,0,0
984700,0,0,0,0,0,0
984800,0,0,0,0,0,0
984900,0,0,0,0,0,0
985000,0,0,0,0,0,0
985100,0,0,0,0,0,0
985200,0,0,0,0,0,0
985300,0,0,0,0,0,0
985400,0,0,0,0,0,0
985500,0,0,0,0,0,0
985600,0,0,0,0,0,0
985700,0,0,0,0,0,0
985800,0,0,0,0,0,0
985900,0,0,0,0,0,0
986000,0,0,0,0,0,0
986100,0,0,0,0,0,0
986200,0,0,0,0,0,0
986300,0,0,0,0,0,0
986400,0,0,0,0,1,0
986500,0,0,0,0,0,0
986600,0,0,0,0,0,0
986700,0,0,0,0,0,0
986800,0,0,0,0,0,0
986900,0,0,0,0,0,0
987000,0,0,0,0,0,0
987100,0,0,0,0,0,0
987200,0,0,0,0,0,0
987300,0,0,0,0,0,0
987400,0,0,0,0,0,0
987500,0,0,0,0,0,0
987600,0,0,0,0,0,0
987700,0,0,0,0,0,0
987800,0,0,0,0,0,0
987900,0,0,0,0,0,0
988000,0,0,0,0,0,0
988100,0,0,0,0,0,0
988200,0,0,0,0,0,0
988300,0,0,0,0,0,0
988400,0,0,0,0,0,0
988500,0,0,0,0,0,0
988600,0,0,0,0,0,0
988700,0,0,0,0,0,0
988800,0,0,0,0,0,0
988900,0,0,0,0,0,0
989000,0,0,0,0,0,0
989100,0,0,0,0,0,0
989200,0,0,0,0,0,0
989300,0,0,0,0,0,0
989400,0,0,0,0,0,0
989500,0,0,0,0,0,0
989600,0,0,0,0,0,0
989700,0,0,0,0,0,0
989800,0,0,0,0,0,0
989900,0,0,0,0,0,0
990000,0,0,0,0,0,0
990100,0,0,0,0,0,0
990200,0,0,0,0,0,0
990300,0,0,0,0,0,0
990400,0,0,0,0,0,0
990500,0,0,0,0,0,0
990600,0,0,0,0,0,0
990700,0,0,0,0,0,0
990800,0,0,0,0,0,0
990900,0,0,0,0,0,0
991000,0,0,0,0,0,0
991100,0,0,0,0,0,0
991200,0,0,0,0,0,0
991300,0,0,0,0,0,0
991400,0,0,0,0,0,0
991500,0,0,0,0,0,0
991600,0,0,0,0,0,0
991700,0,0,0,0,0,0
991800,0,0,0,0,0,0
991900,0,0,0,0,0,0
992000,0,0,0,0,0,0
992100,0,0,0,0,0,0
992200,0,0,0,0,0,0
992300,0,0,0,0,0,0
992400,0,0,0,0,0,0
992500,0,0,0,0,0,0
992600,0,0,0,0,0,0
992700,0,0,0,0,0,0
992800,0,0,0,0,0,0
992900,0,0,0,0,0,0
993000,0,0,0,0,0,0
993100,0,0,0,0,0,0
993200,0,0,0,0,0,0
993300,0,0,0,0,0,0
993400,0,0,0,0,0,0
993500,0,0,0,0,0,0
993600,0,0,0,0,0,0
993700,0,0,0,0,0,0
993800,0,0,0,0,0,0
993900,0,0,0,0,0,0
994000,0,0,0,0,0,0
994100,0,0,0,0,0,0
994200,0,0,0,0,0,0
994300,0,0,0,0,0,0
994400,0,0,0,0,0,0
994500,0,0,0,0,0,0
994600,0,0,0,0,0,0
994700,0,0,0,0,0,0
994800,0,0,0,0,0,0
994900,0,0,0,0,0,0
995000,0,0,0,0,0,0
995100,0,0,0,0,0,0
995200,0,0,0,0,0,0
995300,0,0,0,0,0,0
995400,0,0,0,0,0,0
995500,0,0,0,0,0,0
995600,0,0,0,0,0,0
995700,0,0,0,0,0,0
995800,0,0,0,0,0,0
995900,0,0,0,0,0,0
996000,0,0,0,0,0,0
996100,0,0,0,0,0,0
996200,0,0,0,0,0,0
996300,0,0,0,0,0,0
996400,0,0,0,0,0,0
996500,0,0,0,0,0,0
996600,0,0,0,0,0,0
996700,0,0,0,0,0,0
996800,0,0,0,0,0,0
996900,0,0,0,0,0,0
997000,0,0,0,0,0,0
997100,0,0,0,0,0,0
997200,0,0,0,0,0,0
997300,0,0,0,0,0,0
997400,0,0,0,0,0,0
997500,0,0,0,0,0,0
997600,0,0,0,0,0,0
997700,0,0,0,0,0,0
997800,0,0,0,0,0,0
997900,0,0,0,0,0,0
998000,0,0,0,0,0,0
998100,0,0,0,0,0,0
998200,0,0,0,0,0,0
998300,0,0,1,0,0,0
998400,0,0,0,0,0,0
998500,0,0,0,0,0,0
998600,0,0,0,0,0,0
998700,0,0,0,0,0,0
998800,0,0,0,0,0,0
998900,0,0,0,0,0,0
999000,0,0,0,0,0,0
999100,0,0,0,0,0,0
999200,0,0,0,0,0,0
999300,0,0,0,0,0,0
999400,0,0,0,0,0,0
999500,0,0,0,0,0,0
999600,0,0,0,0,0,0
999700,0,0,0,0,0,0
999800,0,0,0,0,0,0
999900,0,0,0,0,0,0
