cycle,hit,hit_res,miss,res_fail,sec_miss,mshr_hit
5000,0,0,0,0,0,0
5100,0,0,0,0,0,0
5200,0,0,0,0,0,0
5300,0,0,0,0,0,0
5400,0,0,0,0,0,0
5500,0,0,7,0,20,0
5600,0,0,24,0,43,0
5700,0,0,9,0,49,0
5800,0,0,20,0,46,0
5900,0,0,6,0,25,0
6000,0,0,5,0,24,0
6100,0,0,3,0,5,0
6200,0,0,7,0,6,0
6300,0,0,10,0,20,0
6400,0,0,20,0,7,0
6500,0,0,21,0,2,0
6600,0,0,15,0,2,0
6700,0,0,7,0,0,0
6800,0,0,5,0,2,0
6900,0,0,22,0,2,0
7000,0,0,25,0,1,0
7100,0,0,7,0,0,0
7200,0,0,16,0,0,0
7300,0,0,10,0,0,0
7400,0,0,10,0,2,0
7500,0,0,5,0,1,0
7600,0,0,11,0,0,0
7700,0,0,9,0,0,0
7800,0,0,6,0,0,0
7900,0,0,10,0,0,0
8000,0,0,13,0,0,0
8100,0,0,9,0,2,0
8200,0,0,7,0,3,0
8300,0,0,9,0,2,0
8400,0,0,3,0,3,0
8500,0,0,11,0,2,0
8600,0,0,11,0,0,0
8700,0,0,9,0,0,0
8800,0,0,10,0,1,0
8900,0,0,9,0,1,0
9000,0,0,7,0,2,0
9100,0,0,11,0,0,0
9200,0,0,9,0,1,0
9300,0,0,7,0,1,0
9400,0,0,12,0,1,0
9500,0,0,7,0,2,0
9600,0,0,5,0,3,0
9700,0,0,9,0,0,0
9800,0,0,7,0,2,0
9900,0,0,9,0,3,0
10000,0,0,6,0,1,0
10100,0,0,11,0,1,0
10200,0,0,6,0,1,0
10300,0,0,9,0,3,0
10400,0,0,9,0,4,0
10500,0,0,13,0,0,0
10600,0,0,8,0,1,0
10700,0,0,7,0,4,0
10800,0,0,7,0,1,0
10900,0,0,11,0,2,0
11000,0,0,10,0,2,0
11100,0,0,4,0,0,0
11200,0,0,11,0,0,0
11300,0,0,7,0,0,0
11400,0,0,8,0,3,0
11500,0,0,6,0,1,0
11600,0,0,14,0,3,0
11700,0,0,4,0,3,0
11800,0,0,11,0,2,0
11900,0,0,10,0,2,0
12000,0,0,8,0,1,0
12100,0,0,7,0,4,0
12200,0,0,6,0,2,0
12300,0,0,8,0,1,0
12400,0,0,9,0,0,0
12500,1,0,5,0,5,0
12600,1,0,6,0,1,0
12700,0,0,8,0,2,0
12800,0,1,10,0,1,1
12900,0,1,8,0,5,1
13000,0,1,13,0,2,1
13100,0,0,10,0,1,0
13200,0,0,7,0,3,0
13300,2,1,6,0,0,1
13400,0,0,15,0,2,0
13500,0,0,11,0,0,0
13600,1,0,4,0,1,0
13700,0,0,9,0,3,0
13800,1,0,8,0,2,0
13900,0,0,10,0,4,0
14000,1,0,5,0,2,0
14100,6,1,8,0,3,1
14200,3,0,8,0,0,0
14300,4,0,10,0,1,0
14400,2,0,9,0,1,0
14500,5,3,10,0,4,3
14600,2,3,7,51,0,3
14700,0,0,0,100,0,0
14800,0,0,0,100,0,0
14900,0,0,0,100,0,0
15000,0,0,0,100,0,0
15100,0,0,0,100,0,0
15200,0,0,0,100,0,0
15300,0,0,0,100,0,0
15400,31,4,23,23,19,4
15500,33,11,21,19,16,11
15600,0,0,0,100,0,0
15700,0,0,0,100,0,0
15800,0,0,0,100,0,0
15900,0,0,0,100,0,0
16000,19,4,11,63,3,4
16100,23,0,13,59,5,0
16200,69,2,19,0,10,2
16300,49,2,12,0,14,2
16400,0,0,0,0,0,0
16500,70,0,9,0,9,0
16600,83,0,11,0,6,0
16700,76,1,9,0,14,1
16800,80,0,11,0,9,0
16900,50,0,6,0,4,0
17000,37,0,4,0,5,0
17100,50,0,3,0,4,0
17200,44,0,4,0,8,0
17300,48,1,3,0,3,1
17400,42,2,3,0,5,2
17500,51,0,5,0,4,0
17600,32,0,5,0,3,0
17700,40,0,7,0,9,0
17800,42,0,7,0,7,0
17900,43,0,10,0,5,0
18000,39,0,6,0,4,0
18100,51,0,8,0,4,0
18200,46,0,10,0,6,0
18300,52,0,18,0,9,0
18400,50,0,16,0,6,0
18500,42,0,18,0,12,0
18600,44,0,20,0,12,0
18700,47,0,12,0,8,0
18800,52,0,16,0,6,0
18900,23,0,8,0,8,0
19000,22,0,9,0,5,0
19100,31,0,11,0,5,0
19200,34,0,7,0,4,0
19300,13,0,8,0,3,0
19400,29,0,9,0,5,0
19500,15,0,7,0,2,0
19600,24,0,13,0,3,0
19700,9,0,9,0,4,0
19800,25,0,10,0,3,0
19900,12,0,9,0,2,0
20000,43,0,9,0,4,0
20100,9,0,10,0,2,0
20200,25,0,12,0,4,0
20300,39,0,9,0,3,0
20400,35,0,9,0,5,0
20500,20,0,8,0,5,0
20600,16,0,9,0,4,0
20700,23,0,7,0,6,0
20800,29,0,7,0,8,0
20900,19,0,7,0,3,0
21000,17,0,10,0,4,0
21100,27,0,7,0,6,0
21200,25,0,11,0,4,0
21300,21,0,8,0,3,0
21400,31,0,9,0,5,0
21500,20,0,9,0,1,0
21600,23,0,12,0,2,0
21700,26,1,10,0,3,1
21800,28,0,8,0,4,0
21900,31,0,11,0,5,0
22000,16,0,10,0,3,0
22100,27,0,11,0,3,0
22200,17,0,12,0,4,0
22300,14,0,10,0,2,0
22400,19,0,8,0,5,0
22500,20,0,12,0,3,0
22600,25,0,12,0,1,0
22700,9,0,8,0,4,0
22800,17,0,11,0,5,0
22900,33,0,7,0,4,0
23000,11,0,13,0,5,0
23100,18,0,10,0,1,0
23200,34,0,12,0,2,0
23300,17,0,6,0,6,0
23400,19,0,12,0,1,0
23500,17,0,9,0,2,0
23600,11,0,9,0,2,0
23700,44,0,12,0,6,0
23800,14,0,7,0,5,0
23900,17,0,8,0,5,0
24000,20,0,10,0,3,0
24100,25,0,8,0,5,0
24200,30,0,12,0,2,0
24300,31,0,11,0,4,0
24400,19,0,13,0,2,0
24500,25,0,10,0,6,0
24600,11,1,11,0,1,1
24700,23,0,12,0,2,0
24800,27,0,11,0,4,0
24900,28,0,13,0,4,0
25000,24,0,8,0,5,0
25100,23,0,11,0,0,0
25200,16,0,8,0,5,0
25300,15,0,14,0,2,0
25400,17,0,8,0,2,0
25500,19,0,11,0,2,0
25600,23,0,11,0,1,0
25700,12,0,10,0,4,0
25800,10,0,10,0,5,0
25900,15,0,14,0,2,0
26000,23,0,9,0,7,0
26100,16,0,9,0,2,0
26200,20,0,13,0,2,0
26300,18,0,7,0,2,0
26400,8,0,9,0,4,0
26500,14,0,8,0,4,0
26600,17,0,5,0,2,0
26700,14,0,12,0,2,0
26800,19,0,11,0,5,0
26900,19,0,6,0,1,0
27000,17,0,6,0,0,0
27100,16,0,15,0,1,0
27200,24,0,6,0,4,0
27300,24,0,10,0,0,0
27400,20,0,11,0,4,0
27500,23,0,7,0,5,0
27600,24,0,12,0,0,0
27700,18,0,12,0,5,0
27800,20,0,8,0,2,0
27900,21,0,9,0,3,0
28000,16,0,7,0,2,0
28100,17,0,8,0,4,0
28200,14,0,11,0,6,0
28300,12,0,7,0,5,0
28400,19,0,18,0,1,0
28500,17,0,12,0,2,0
28600,15,0,14,0,7,0
28700,18,0,6,0,3,0
28800,16,1,8,0,4,1
28900,15,0,8,0,4,0
29000,18,0,8,0,5,0
29100,20,0,7,0,2,0
29200,26,0,8,0,1,0
29300,15,0,7,0,1,0
29400,21,0,5,0,3,0
29500,22,0,6,0,3,0
29600,17,0,11,0,3,0
29700,27,0,14,0,4,0
29800,14,0,9,0,1,0
29900,7,0,7,0,1,0
30000,20,0,8,0,4,0
30100,23,0,13,0,1,0
30200,23,0,17,0,5,0
30300,22,0,11,0,1,0
30400,19,0,10,0,2,0
30500,26,0,13,0,2,0
30600,14,0,14,0,4,0
30700,4,0,3,0,1,0
30800,0,0,1,0,1,0
30900,29,0,16,0,3,0
31000,29,0,10,0,3,0
31100,24,0,12,0,8,0
31200,14,0,11,0,2,0
31300,16,0,11,0,5,0
31400,11,0,10,0,2,0
31500,5,0,8,0,1,0
31600,7,0,4,0,1,0
31700,36,0,25,0,2,0
31800,20,0,8,0,7,0
31900,18,0,13,0,1,0
32000,17,0,16,0,4,0
32100,25,1,12,0,4,1
32200,20,0,5,0,1,0
32300,10,0,2,0,0,0
32400,6,0,1,0,0,0
32500,2,0,0,0,1,0
32600,2,0,2,0,0,0
32700,45,0,26,0,4,0
32800,38,0,28,0,5,0
32900,26,0,7,0,2,0
33000,28,0,6,0,6,0
33100,14,1,15,0,7,1
33200,14,0,7,0,3,0
33300,6,0,7,0,1,0
33400,5,0,2,0,0,0
33500,2,0,0,0,1,0
33600,34,0,18,0,4,0
33700,40,0,19,0,5,0
33800,33,0,11,0,3,0
33900,38,0,13,0,2,0
34000,23,0,9,0,4,0
34100,14,0,10,0,3,0
34200,4,0,1,0,2,0
34300,4,0,1,0,0,0
34400,0,0,0,0,0,0
34500,28,0,15,0,4,0
34600,49,0,20,0,8,0
34700,37,0,17,0,9,0
34800,37,0,15,0,5,0
34900,29,1,11,0,1,1
35000,6,0,8,0,3,0
35100,4,0,0,0,0,0
35200,1,0,0,0,0,0
35300,0,0,0,0,0,0
35400,14,0,0,0,1,0
35500,39,0,23,0,6,0
35600,50,0,17,0,4,0
35700,34,0,19,0,4,0
35800,22,0,17,0,8,0
35900,12,0,4,0,2,0
36000,5,0,3,0,1,0
36100,3,0,1,0,0,0
36200,11,0,3,0,0,0
36300,42,0,23,0,6,0
36400,37,0,21,0,6,0
36500,35,0,14,0,5,0
36600,25,0,18,0,3,0
36700,2,0,5,0,0,0
36800,3,0,3,0,0,0
36900,0,0,0,0,1,0
37000,13,0,9,0,1,0
37100,43,0,25,0,7,0
37200,40,0,23,0,6,0
37300,26,0,14,0,6,0
37400,20,0,18,0,1,0
37500,10,0,1,0,0,0
37600,0,0,2,0,0,0
37700,2,0,1,0,0,0
37800,36,0,24,0,9,0
37900,44,0,13,0,7,0
38000,21,0,18,0,6,0
38100,16,0,13,0,0,0
38200,16,0,16,0,1,0
38300,9,0,7,0,5,0
38400,9,0,6,0,0,0
38500,1,0,2,0,0,0
38600,2,0,0,0,0,0
38700,5,0,2,0,0,0
38800,36,0,23,0,6,0
38900,48,0,24,0,5,0
39000,30,0,8,0,2,0
39100,22,0,11,0,4,0
39200,21,0,13,0,5,0
39300,13,0,3,0,3,0
39400,5,0,4,0,5,0
39500,0,0,0,0,0,0
39600,1,0,0,0,0,0
39700,35,0,20,0,3,0
39800,41,0,24,0,6,0
39900,30,0,11,0,2,0
40000,21,0,13,0,3,0
40100,23,0,13,0,4,0
40200,6,1,8,0,0,1
40300,2,0,3,0,0,0
40400,0,0,0,0,0,0
40500,15,0,9,0,1,0
40600,4,0,1,0,0,0
40700,22,0,16,0,1,0
40800,32,0,26,0,6,0
40900,23,0,13,0,8,0
41000,27,0,14,0,4,0
41100,28,0,6,0,4,0
41200,4,0,3,0,0,0
41300,0,0,0,0,0,0
41400,0,0,0,0,0,0
41500,0,0,0,0,0,0
41600,20,0,13,0,1,0
41700,37,0,25,0,7,0
41800,36,0,17,0,6,0
41900,27,0,21,0,4,0
42000,15,0,16,0,4,0
42100,1,0,6,0,1,0
42200,2,0,3,0,1,0
42300,0,0,0,0,0,0
42400,0,0,0,0,0,0
42500,0,0,0,0,0,0
42600,32,0,19,0,4,0
42700,46,0,26,0,7,0
42800,37,0,16,0,5,0
42900,28,0,12,0,2,0
43000,27,0,12,0,2,0
43100,15,0,12,0,2,0
43200,5,0,3,0,1,0
43300,0,0,0,0,0,0
43400,1,0,0,0,1,0
43500,0,0,0,0,0,0
43600,0,0,0,0,0,0
43700,26,0,14,0,4,0
43800,32,0,24,0,6,0
43900,38,0,23,0,7,0
44000,37,0,15,0,6,0
44100,22,0,4,0,2,0
44200,1,0,1,0,0,0
44300,0,0,0,0,0,0
44400,0,0,0,0,0,0
44500,0,0,0,0,0,0
44600,24,0,17,0,4,0
44700,35,0,21,0,4,0
44800,35,0,18,0,3,0
44900,25,0,14,0,4,0
45000,5,0,1,0,0,0
45100,4,0,0,0,0,0
45200,0,0,0,0,0,0
45300,0,0,1,0,0,0
45400,0,0,1,0,1,0
45500,13,0,11,0,2,0
45600,35,0,30,0,10,0
45700,42,0,34,0,5,0
45800,41,1,22,0,6,1
45900,40,0,13,0,4,0
46000,18,0,13,0,3,0
46100,1,0,2,0,1,0
46200,0,0,0,0,0,0
46300,0,0,0,0,0,0
46400,0,0,0,0,0,0
46500,17,0,10,0,1,0
46600,40,0,27,0,4,0
46700,33,1,25,0,6,1
46800,35,0,18,0,4,0
46900,26,0,19,0,3,0
47000,27,0,8,0,1,0
47100,6,0,4,0,0,0
47200,0,0,0,0,0,0
47300,0,0,0,0,0,0
47400,0,0,3,0,0,0
47500,0,0,0,0,0,0
47600,7,0,4,0,0,0
47700,48,0,21,0,4,0
47800,43,0,18,0,3,0
47900,42,0,16,0,5,0
48000,32,0,16,0,3,0
48100,16,0,7,0,2,0
48200,2,0,1,0,0,0
48300,2,0,0,0,1,0
48400,34,0,11,0,2,0
48500,1,0,0,0,0,0
48600,37,0,23,0,10,0
48700,22,0,25,0,4,0
48800,46,0,9,0,3,0
48900,18,0,6,0,2,0
49000,4,0,2,0,0,0
49100,0,0,2,0,0,0
49200,0,0,1,0,1,0
49300,2,0,2,0,1,0
49400,33,0,20,0,6,0
49500,27,0,12,0,6,0
49600,40,0,23,0,3,0
49700,32,0,24,0,4,0
49800,7,0,3,0,1,0
49900,3,0,1,0,1,0
50000,0,0,0,0,0,0
50100,0,0,0,0,0,0
50200,1,0,2,0,0,0
50300,43,0,27,0,7,0
50400,20,0,18,0,7,0
50500,34,0,26,0,4,0
50600,36,0,20,0,4,0
50700,22,0,9,0,2,0
50800,8,1,4,0,1,1
50900,1,0,0,0,0,0
51000,0,0,0,0,0,0
51100,0,0,0,0,0,0
51200,28,0,14,0,3,0
51300,31,0,15,0,3,0
51400,42,0,20,0,6,0
51500,37,0,16,0,3,0
51600,22,0,8,0,2,0
51700,0,0,1,0,0,0
51800,0,0,0,0,0,0
51900,0,0,0,0,0,0
52000,0,0,0,0,0,0
52100,14,0,6,0,1,0
52200,40,0,15,0,4,0
52300,35,0,15,0,6,0
52400,48,0,38,0,8,0
52500,21,0,19,0,6,0
52600,7,0,8,0,2,0
52700,0,0,0,0,0,0
52800,0,0,0,0,0,0
52900,0,0,0,0,0,0
53000,3,0,1,0,0,0
53100,47,1,24,0,3,1
53200,27,0,34,0,8,0
53300,52,0,22,0,4,0
53400,46,0,20,0,6,0
53500,11,0,3,0,2,0
53600,1,0,3,0,1,0
53700,0,0,0,0,0,0
53800,23,0,8,0,4,0
53900,58,0,21,0,3,0
54000,38,0,18,0,4,0
54100,32,0,16,0,5,0
54200,24,0,22,0,1,0
54300,11,0,3,0,2,0
54400,28,0,14,0,1,0
54500,5,0,7,0,1,0
54600,2,0,0,0,0,0
54700,1,0,0,0,0,0
54800,28,0,13,0,2,0
54900,51,0,19,0,7,0
55000,34,0,7,0,2,0
55100,43,0,17,0,5,0
55200,7,0,4,0,2,0
55300,11,0,8,0,3,0
55400,2,0,1,0,0,0
55500,1,0,1,0,0,0
55600,1,0,0,0,0,0
55700,34,0,29,0,9,0
55800,26,0,8,0,2,0
55900,35,0,12,0,2,0
56000,44,0,30,0,7,0
56100,25,0,11,0,2,0
56200,7,0,4,0,1,0
56300,10,1,12,0,3,1
56400,3,0,1,0,1,0
56500,1,0,1,0,0,0
56600,8,0,7,0,1,0
56700,27,0,19,0,4,0
56800,26,0,12,0,2,0
56900,39,0,25,0,5,0
57000,19,0,4,0,2,0
57100,18,0,7,0,4,0
57200,22,0,12,0,1,0
57300,1,0,1,0,0,0
57400,1,0,0,0,0,0
57500,0,0,0,0,0,0
57600,24,0,9,0,2,0
57700,2,0,3,0,1,0
57800,31,0,16,0,1,0
57900,44,0,22,0,7,0
58000,19,0,5,0,2,0
58100,25,0,14,0,1,0
58200,38,0,22,0,6,0
58300,2,0,2,0,0,0
58400,0,0,0,0,0,0
58500,4,0,3,0,0,0
58600,3,0,5,0,1,0
58700,0,0,0,0,0,0
58800,4,0,6,0,0,0
58900,34,0,17,0,5,0
59000,41,0,29,0,8,0
59100,41,0,24,0,7,0
59200,32,0,24,0,4,0
59300,6,0,2,0,1,0
59400,0,0,0,0,0,0
59500,1,0,1,0,0,0
59600,22,0,13,0,0,0
59700,3,0,1,0,0,0
59800,40,0,25,0,6,0
59900,30,0,24,0,4,0
60000,45,0,15,0,8,0
60100,25,0,15,0,1,0
60200,5,0,0,0,1,0
60300,0,0,0,0,0,0
60400,0,0,0,0,0,0
60500,0,0,0,0,0,0
60600,49,0,18,0,3,0
60700,28,0,22,0,3,0
60800,8,0,5,0,4,0
60900,2,0,1,0,1,0
61000,2,0,1,0,1,0
61100,37,0,22,0,4,0
61200,15,0,11,0,4,0
61300,1,0,1,0,0,0
61400,2,0,2,0,0,0
61500,13,0,9,0,3,0
61600,44,0,28,0,10,0
61700,24,0,13,0,3,0
61800,0,0,0,0,0,0
61900,5,0,2,0,1,0
62000,42,0,23,0,2,0
62100,22,0,11,0,4,0
62200,1,0,0,0,0,0
62300,0,0,1,0,0,0
62400,0,0,0,0,0,0
62500,33,1,13,0,4,1
62600,50,0,26,0,6,0
62700,24,0,13,0,3,0
62800,2,0,1,0,1,0
62900,45,0,18,0,3,0
63000,36,0,22,0,3,0
63100,2,0,2,0,0,0
63200,0,0,0,0,0,0
63300,0,0,0,0,0,0
63400,0,0,0,0,0,0
63500,39,1,22,0,2,1
63600,43,0,17,0,5,0
63700,0,0,0,0,0,0
63800,25,0,16,0,5,0
63900,50,0,25,0,1,0
64000,31,0,15,0,3,0
64100,1,0,1,0,0,0
64200,0,0,0,0,0,0
64300,0,0,0,0,0,0
64400,7,0,5,0,0,0
64500,37,0,24,0,4,0
64600,2,0,8,0,1,0
64700,0,0,0,0,0,0
64800,42,0,20,0,4,0
64900,36,0,24,0,8,0
65000,20,0,2,0,3,0
65100,4,0,3,0,0,0
65200,2,0,0,0,0,0
65300,31,0,18,0,3,0
65400,39,0,20,0,3,0
65500,18,0,6,0,3,0
65600,6,0,1,0,1,0
65700,50,0,18,0,4,0
65800,37,1,28,0,3,1
65900,1,0,5,0,0,0
66000,0,0,1,0,0,0
66100,0,0,1,0,0,0
66200,10,0,5,0,0,0
66300,34,0,28,0,8,0
66400,24,0,4,0,3,0
66500,17,0,14,0,1,0
66600,42,0,34,0,9,0
66700,43,0,30,0,5,0
66800,29,0,14,0,3,0
66900,4,0,2,0,1,0
67000,0,0,1,0,0,0
67100,0,0,0,0,0,0
67200,11,0,8,0,3,0
67300,24,0,20,0,6,0
67400,0,0,0,0,0,0
67500,10,0,7,0,2,0
67600,40,0,16,0,3,0
67700,48,0,22,0,6,0
67800,5,0,6,0,1,0
67900,0,0,0,0,0,0
68000,0,0,0,0,0,0
68100,0,0,0,0,0,0
68200,0,0,0,0,0,0
68300,28,0,16,0,4,0
68400,9,0,7,0,1,0
68500,20,0,13,0,0,0
68600,38,0,18,0,2,0
68700,33,0,25,0,10,0
68800,22,1,6,0,3,1
68900,1,0,0,0,0,0
69000,1,0,0,0,0,0
69100,1,0,2,0,0,0
69200,40,0,20,0,6,0
69300,3,0,1,0,2,0
69400,10,0,4,0,1,0
69500,41,0,23,0,6,0
69600,33,0,29,0,5,0
69700,36,0,22,0,5,0
69800,2,0,3,0,0,0
69900,0,0,0,0,0,0
70000,0,0,1,0,0,0
70100,3,0,0,0,0,0
70200,30,0,14,0,4,0
70300,14,0,11,0,2,0
70400,0,0,0,0,0,0
70500,8,0,7,0,1,0
70600,39,0,23,0,3,0
70700,33,0,28,0,7,0
70800,2,0,2,0,0,0
70900,0,0,0,0,0,0
71000,0,0,0,0,0,0
71100,28,0,19,0,6,0
71200,12,0,7,0,5,0
71300,0,0,0,0,0,0
71400,0,0,0,0,0,0
71500,48,0,21,0,2,0
71600,42,0,33,0,4,0
71700,37,0,30,0,6,0
71800,31,0,17,0,1,0
71900,2,0,1,0,0,0
72000,7,0,6,0,0,0
72100,33,0,11,0,5,0
72200,3,0,1,0,2,0
72300,0,0,0,0,0,0
72400,0,0,1,0,0,0
72500,34,0,16,0,1,0
72600,40,0,30,0,5,0
72700,44,0,23,0,2,0
72800,25,0,21,0,4,0
72900,8,0,6,0,0,0
73000,34,0,20,0,5,0
73100,2,0,1,0,2,0
73200,1,0,0,0,0,0
73300,0,0,2,0,0,0
73400,0,0,0,0,0,0
73500,15,0,10,0,1,0
73600,43,0,27,0,6,0
73700,42,0,25,0,5,0
73800,43,0,20,0,2,0
73900,6,0,3,0,1,0
74000,0,0,0,0,0,0
74100,0,0,0,0,0,0
74200,0,0,0,0,0,0
74300,0,0,0,0,0,0
74400,14,0,11,0,2,0
74500,36,0,18,0,4,0
74600,62,0,21,0,2,0
74700,37,0,26,0,3,0
74800,22,0,15,0,4,0
74900,0,0,0,0,0,0
75000,0,0,0,0,0,0
75100,0,0,0,0,0,0
75200,0,0,0,0,0,0
75300,0,0,0,0,0,0
75400,0,0,0,0,0,0
75500,7,0,3,0,0,0
75600,42,0,22,0,2,0
75700,44,0,27,0,6,0
75800,47,0,18,0,4,0
75900,26,0,17,0,2,0
76000,0,0,0,0,0,0
76100,0,0,0,0,0,0
76200,0,0,0,0,0,0
76300,0,0,0,0,0,0
76400,0,0,0,0,0,0
76500,38,0,14,0,7,0
76600,46,0,16,0,5,0
76700,48,0,21,0,2,0
76800,38,0,20,0,3,0
76900,9,0,4,0,0,0
77000,1,0,1,0,0,0
77100,0,0,0,0,0,0
77200,0,0,0,0,0,0
77300,0,0,0,0,0,0
77400,33,0,8,0,5,0
77500,44,0,23,0,6,0
77600,30,0,24,0,5,0
77700,43,0,24,0,7,0
77800,10,0,7,0,1,0
77900,0,0,0,0,0,0
78000,0,0,0,0,0,0
78100,0,0,0,0,0,0
78200,0,0,0,0,0,0
78300,37,0,18,0,5,0
78400,40,0,23,0,6,0
78500,50,0,21,0,4,0
78600,46,0,24,0,1,0
78700,6,0,5,0,1,0
78800,2,0,0,0,0,0
78900,0,0,0,0,0,0
79000,0,0,0,0,0,0
79100,0,0,0,0,0,0
79200,6,0,3,0,0,0
79300,48,0,22,0,6,0
79400,38,0,20,0,6,0
79500,37,0,18,0,2,0
79600,38,0,21,0,5,0
79700,3,0,3,0,0,0
79800,0,0,0,0,0,0
79900,3,0,0,0,0,0
80000,0,0,0,0,0,0
80100,5,0,4,0,2,0
80200,45,0,26,0,6,0
80300,44,0,23,0,2,0
80400,53,0,27,0,2,0
80500,47,0,18,0,1,0
80600,10,0,8,0,1,0
80700,0,0,1,0,0,0
80800,2,0,1,0,0,0
80900,0,0,0,0,0,0
81000,0,0,0,0,0,0
81100,0,0,0,0,0,0
81200,27,0,12,0,1,0
81300,45,0,20,0,1,0
81400,46,0,31,0,4,0
81500,54,0,21,0,7,0
81600,15,0,5,0,6,0
81700,0,0,1,0,1,0
81800,0,0,0,0,0,0
81900,0,0,0,0,0,0
82000,0,0,0,0,0,0
82100,36,0,15,0,1,0
82200,45,0,20,0,2,0
82300,36,0,24,0,2,0
82400,22,0,14,0,5,0
82500,54,0,17,0,3,0
82600,6,0,2,0,2,0
82700,0,0,0,0,0,0
82800,0,0,0,0,0,0
82900,0,0,0,0,0,0
83000,0,0,0,0,0,0
83100,33,0,19,0,0,0
83200,55,0,18,0,3,0
83300,40,0,19,0,5,0
83400,45,0,22,0,6,0
83500,20,0,4,0,0,0
83600,0,0,0,0,0,0
83700,0,0,0,0,0,0
83800,0,0,0,0,0,0
83900,0,0,0,0,0,0
84000,3,0,3,0,0,0
84100,45,0,29,0,4,0
84200,44,0,24,0,4,0
84300,31,0,27,0,6,0
84400,32,0,23,0,3,0
84500,1,0,0,0,0,0
84600,0,0,0,0,0,0
84700,0,0,0,0,0,0
84800,0,0,0,0,0,0
84900,0,0,0,0,0,0
85000,20,0,20,0,5,0
85100,53,0,27,0,3,0
85200,44,1,13,0,4,1
85300,53,0,15,0,2,0
85400,29,0,14,0,6,0
85500,0,0,0,0,0,0
85600,0,0,0,0,0,0
85700,0,0,0,0,0,0
85800,0,0,0,0,0,0
85900,27,0,24,0,4,0
86000,36,0,34,0,2,0
86100,33,0,19,0,4,0
86200,50,0,26,0,1,0
86300,22,0,9,0,2,0
86400,0,0,0,0,0,0
86500,0,0,0,0,0,0
86600,0,0,0,0,0,0
86700,2,0,1,0,0,0
86800,60,0,19,0,10,0
86900,44,2,20,0,3,2
87000,42,1,24,0,5,1
87100,45,0,28,0,5,0
87200,20,0,8,0,2,0
87300,1,0,0,0,0,0
87400,0,0,0,0,0,0
87500,0,0,0,0,0,0
87600,0,0,0,0,0,0
87700,0,0,0,0,0,0
87800,24,0,20,0,2,0
87900,39,0,27,0,9,0
88000,46,0,27,0,5,0
88100,41,0,28,0,6,0
88200,13,0,13,0,3,0
88300,3,0,0,0,0,0
88400,0,0,0,0,0,0
88500,0,0,0,0,0,0
88600,0,0,0,0,0,0
88700,8,0,2,0,0,0
88800,53,0,24,0,5,0
88900,37,0,20,0,6,0
89000,47,0,22,0,5,0
89100,22,0,29,0,4,0
89200,5,0,2,0,1,0
89300,3,0,0,0,0,0
89400,3,0,0,0,0,0
89500,0,0,0,0,0,0
89600,0,0,0,0,0,0
89700,0,0,0,0,0,0
89800,10,0,8,0,5,0
89900,42,0,33,0,6,0
90000,41,0,19,0,6,0
90100,48,0,30,0,2,0
90200,15,0,4,0,1,0
90300,0,0,0,0,0,0
90400,0,0,0,0,0,0
90500,0,0,0,0,0,0
90600,0,0,0,0,0,0
90700,0,0,0,0,0,0
90800,24,0,16,0,0,0
90900,35,0,25,0,2,0
91000,35,0,23,0,2,0
91100,42,0,27,0,4,0
91200,9,0,4,0,0,0
91300,4,0,1,0,0,0
91400,0,0,0,0,0,0
91500,0,0,0,0,0,0
91600,0,0,0,0,0,0
91700,7,0,6,0,0,0
91800,45,0,33,0,2,0
91900,43,0,35,0,2,0
92000,62,0,21,0,3,0
92100,47,0,14,0,4,0
92200,4,0,4,0,0,0
92300,0,0,0,0,0,0
92400,0,0,0,0,0,0
92500,0,0,0,0,0,0
92600,0,0,0,0,0,0
92700,36,0,14,0,4,0
92800,39,0,24,0,8,0
92900,20,0,26,0,4,0
93000,42,0,25,0,1,0
93100,8,0,8,0,3,0
93200,0,0,0,0,0,0
93300,0,0,0,0,0,0
93400,0,0,0,0,0,0
93500,0,0,0,0,0,0
93600,0,0,0,0,0,0
93700,33,0,21,0,2,0
93800,41,0,24,0,1,0
93900,42,0,28,0,6,0
94000,39,0,16,0,1,0
94100,0,0,0,0,0,0
94200,0,0,0,0,0,0
94300,0,0,0,0,0,0
94400,0,0,0,0,0,0
94500,2,0,1,0,0,0
94600,47,0,22,0,7,0
94700,42,0,22,0,4,0
94800,54,0,25,0,6,0
94900,34,0,21,0,5,0
95000,3,0,1,0,1,0
95100,0,0,0,0,0,0
95200,0,0,0,0,0,0
95300,0,0,0,0,0,0
95400,0,0,0,0,0,0
95500,2,0,2,0,0,0
95600,28,0,30,0,4,0
95700,39,0,28,0,3,0
95800,49,0,28,0,4,0
95900,41,0,23,0,10,0
96000,1,0,0,0,0,0
96100,0,0,1,0,0,0
96200,0,0,0,0,0,0
96300,0,0,0,0,0,0
96400,0,0,0,0,0,0
96500,0,0,0,0,0,0
96600,29,0,15,0,5,0
96700,38,0,27,0,6,0
96800,53,0,24,0,3,0
96900,35,0,14,0,7,0
97000,2,0,2,0,0,0
97100,0,0,0,0,0,0
97200,0,0,1,0,0,0
97300,0,0,0,0,0,0
97400,0,0,0,0,0,0
97500,16,0,10,0,1,0
97600,49,0,25,0,4,0
97700,46,0,19,0,3,0
97800,41,0,23,0,3,0
97900,10,0,8,0,0,0
98000,0,0,0,0,0,0
98100,0,0,0,0,0,0
98200,0,0,0,0,0,0
98300,0,0,0,0,0,0
98400,0,0,0,0,0,0
98500,25,0,19,0,1,0
98600,38,0,35,0,3,0
98700,53,0,33,0,6,0
98800,53,0,21,0,4,0
98900,16,0,2,0,4,0
99000,0,0,1,0,0,0
99100,0,0,0,0,0,0
99200,0,0,0,0,0,0
99300,0,0,0,0,0,0
99400,23,0,15,0,2,0
99500,41,0,21,0,3,0
99600,29,0,15,0,4,0
99700,26,0,27,0,2,0
99800,34,0,20,0,3,0
99900,0,0,0,0,0,0
100000,0,0,0,0,0,0
100100,0,0,0,0,0,0
100200,0,0,0,0,0,0
100300,0,0,0,0,0,0
100400,25,0,15,0,1,0
100500,44,1,32,0,8,1
100600,38,0,15,0,5,0
100700,44,0,19,0,5,0
100800,36,0,13,0,4,0
100900,0,0,1,0,0,0
101000,0,0,0,0,0,0
101100,0,0,0,0,0,0
101200,0,0,0,0,0,0
101300,0,0,0,0,0,0
101400,4,0,3,0,1,0
101500,45,0,24,0,6,0
101600,50,0,24,0,4,0
101700,42,0,34,0,4,0
101800,30,0,18,0,1,0
101900,4,0,1,0,0,0
102000,0,0,1,0,1,0
102100,0,0,0,0,0,0
102200,0,0,0,0,0,0
102300,1,0,1,0,0,0
102400,10,0,2,0,2,0
102500,49,0,20,0,8,0
102600,40,0,24,0,1,0
102700,38,0,14,0,6,0
102800,21,0,7,0,1,0
102900,0,0,0,0,0,0
103000,0,0,0,0,0,0
103100,0,0,0,0,0,0
103200,0,0,0,0,0,0
103300,0,0,0,0,0,0
103400,26,0,21,0,8,0
103500,55,0,21,0,2,0
103600,46,0,24,0,2,0
103700,45,0,19,0,2,0
103800,11,0,5,0,0,0
103900,0,0,1,0,0,0
104000,0,0,0,0,0,0
104100,0,0,0,0,0,0
104200,0,0,0,0,0,0
104300,4,0,2,0,0,0
104400,55,0,22,0,4,0
104500,36,0,26,0,5,0
104600,42,0,23,0,8,0
104700,21,0,9,0,1,0
104800,1,0,0,0,0,0
104900,0,0,0,0,0,0
105000,0,0,0,0,0,0
105100,0,0,0,0,0,0
105200,29,0,18,0,1,0
105300,40,0,31,0,4,0
105400,46,0,17,0,3,0
105500,41,0,18,0,5,0
105600,18,0,9,0,1,0
105700,0,0,0,0,0,0
105800,0,0,0,0,0,0
105900,0,0,0,0,0,0
106000,0,0,0,0,0,0
106100,18,0,14,0,0,0
106200,40,0,29,0,5,0
106300,50,0,20,0,1,0
106400,45,0,22,0,4,0
106500,40,0,13,0,2,0
106600,2,0,1,0,2,0
106700,0,0,0,0,0,0
106800,0,0,0,0,0,0
106900,0,0,0,0,0,0
107000,0,0,0,0,0,0
107100,51,0,21,0,5,0
107200,40,0,16,0,6,0
107300,38,0,31,0,2,0
107400,46,0,27,0,4,0
107500,17,0,13,0,2,0
107600,0,0,0,0,0,0
107700,0,0,0,0,0,0
107800,0,0,0,0,0,0
107900,0,0,0,0,0,0
108000,15,0,2,0,1,0
108100,50,0,19,0,1,0
108200,35,0,25,0,2,0
108300,54,0,16,0,4,0
108400,49,0,16,0,4,0
108500,3,0,5,0,0,0
108600,4,0,1,0,0,0
108700,0,0,0,0,0,0
108800,0,0,0,0,0,0
108900,0,0,0,0,0,0
109000,9,0,2,0,1,0
109100,47,0,22,0,2,0
109200,52,0,16,0,4,0
109300,34,0,17,0,6,0
109400,24,0,15,0,1,0
109500,4,0,0,0,0,0
109600,0,0,0,0,0,0
109700,0,0,0,0,0,0
109800,5,0,3,0,0,0
109900,51,0,22,0,5,0
110000,57,0,17,0,2,0
110100,37,0,26,0,10,0
110200,43,0,22,0,7,0
110300,2,0,1,0,0,0
110400,0,0,0,0,0,0
110500,0,0,0,0,0,0
110600,0,0,0,0,0,0
110700,0,0,0,0,0,0
110800,4,0,1,0,0,0
110900,38,0,29,0,3,0
111000,42,0,18,0,6,0
111100,46,0,23,0,3,0
111200,45,0,20,0,4,0
111300,20,0,10,0,1,0
111400,2,0,1,0,0,0
111500,0,0,0,0,1,0
111600,0,0,0,0,0,0
111700,0,0,0,0,0,0
111800,0,0,0,0,0,0
111900,27,0,23,0,2,0
112000,40,0,20,0,3,0
112100,54,0,24,0,7,0
112200,43,0,28,0,4,0
112300,32,0,13,0,2,0
112400,0,0,0,0,0,0
112500,0,0,0,0,0,0
112600,0,0,0,0,0,0
112700,0,0,0,0,0,0
112800,3,0,4,0,0,0
112900,46,0,17,0,4,0
113000,31,0,23,0,6,0
113100,50,0,30,0,3,0
113200,40,0,23,0,5,0
113300,4,0,3,0,0,0
113400,0,0,0,0,0,0
113500,0,0,0,0,0,0
113600,0,0,0,0,0,0
113700,10,0,2,0,2,0
113800,39,0,22,0,3,0
113900,44,0,24,0,3,0
114000,47,0,17,0,6,0
114100,35,0,10,0,5,0
114200,1,0,2,0,0,0
114300,0,0,0,0,0,0
114400,0,0,0,0,0,0
114500,0,0,0,0,0,0
114600,0,0,0,0,0,0
114700,44,0,16,0,3,0
114800,45,0,22,0,3,0
114900,42,0,13,0,3,0
115000,47,0,25,0,2,0
115100,31,0,12,0,3,0
115200,0,0,0,0,0,0
115300,0,0,0,0,0,0
115400,0,0,0,0,0,0
115500,0,0,0,0,0,0
115600,17,0,9,0,2,0
115700,43,0,22,0,4,0
115800,36,0,18,0,6,0
115900,49,0,18,0,5,0
116000,20,1,7,0,0,1
116100,2,0,0,0,1,0
116200,0,0,0,0,0,0
116300,0,0,0,0,0,0
116400,0,0,0,0,0,0
116500,46,0,24,0,4,0
116600,43,1,23,0,7,1
116700,51,0,24,0,4,0
116800,38,0,15,0,2,0
116900,4,0,2,0,1,0
117000,0,0,0,0,0,0
117100,0,0,0,0,0,0
117200,0,0,0,0,0,0
117300,8,0,3,0,1,0
117400,41,0,22,0,5,0
117500,44,0,24,0,8,0
117600,49,1,26,0,6,1
117700,37,0,25,0,5,0
117800,7,1,5,0,0,1
117900,0,0,1,0,0,0
118000,0,0,0,0,0,0
118100,0,0,0,0,0,0
118200,0,0,0,0,0,0
118300,40,0,13,0,8,0
118400,56,0,22,0,1,0
118500,60,0,21,0,3,0
118600,47,0,19,0,1,0
118700,21,0,10,0,1,0
118800,1,0,0,0,0,0
118900,0,0,0,0,0,0
119000,0,0,0,0,0,0
119100,0,0,0,0,0,0
119200,0,0,0,0,0,0
119300,2,0,0,0,0,0
119400,48,0,18,0,2,0
119500,52,0,30,0,5,0
119600,34,0,20,0,1,0
119700,24,0,15,0,6,0
119800,2,0,2,0,0,0
119900,0,0,0,0,0,0
120000,0,0,0,0,0,0
120100,0,0,0,0,0,0
120200,0,0,0,0,0,0
120300,0,0,0,0,0,0
120400,12,0,10,0,1,0
120500,39,0,19,0,5,0
120600,37,0,19,0,6,0
120700,48,0,26,0,5,0
120800,34,0,14,0,3,0
120900,0,0,0,0,0,0
121000,0,0,0,0,0,0
121100,0,0,0,0,0,0
121200,0,0,0,0,0,0
121300,39,0,20,0,4,0
121400,40,0,14,0,3,0
121500,41,0,20,0,1,0
121600,39,0,14,0,5,0
121700,6,0,0,0,0,0
121800,0,0,0,0,0,0
121900,0,0,0,0,0,0
122000,0,0,0,0,0,0
122100,10,0,3,0,0,0
122200,48,0,25,0,3,0
122300,43,0,9,0,4,0
122400,46,1,19,0,7,1
122500,41,0,19,0,4,0
122600,25,0,8,0,1,0
122700,0,0,0,0,0,0
122800,0,0,0,0,0,0
122900,0,0,0,0,0,0
123000,0,0,0,0,0,0
123100,20,0,12,0,2,0
123200,41,0,21,0,4,0
123300,44,0,25,0,6,0
123400,49,0,16,0,3,0
123500,7,0,6,0,1,0
123600,0,0,0,0,0,0
123700,0,0,0,0,0,0
123800,0,0,0,0,0,0
123900,0,0,0,0,0,0
124000,24,0,8,0,1,0
124100,53,0,20,0,4,0
124200,50,0,15,0,4,0
124300,47,0,16,0,3,0
124400,43,0,23,0,6,0
124500,7,0,5,0,1,0
124600,0,0,0,0,0,0
124700,0,0,0,0,0,0
124800,0,0,0,0,0,0
124900,0,0,0,0,0,0
125000,47,0,22,0,3,0
125100,51,0,26,0,7,0
125200,35,0,23,0,5,0
125300,47,1,19,0,3,1
125400,44,0,25,0,4,0
125500,6,0,2,0,1,0
125600,0,0,0,0,0,0
125700,0,0,0,0,0,0
125800,0,0,0,0,0,0
125900,2,0,2,0,0,0
126000,55,0,17,0,3,0
126100,43,0,23,0,8,0
126200,44,1,23,0,5,1
126300,37,0,20,0,3,0
126400,3,0,1,0,1,0
126500,0,0,0,0,0,0
126600,0,0,0,0,0,0
126700,0,0,0,0,0,0
126800,0,0,0,0,0,0
126900,30,0,21,0,8,0
127000,45,0,18,0,3,0
127100,38,0,19,0,4,0
127200,43,0,23,0,11,0
127300,40,0,16,0,1,0
127400,7,0,3,0,1,0
127500,0,0,0,0,0,0
127600,0,0,0,0,0,0
127700,0,0,0,0,0,0
127800,0,0,0,0,0,0
127900,12,0,3,0,2,0
128000,56,0,19,0,5,0
128100,41,0,20,0,4,0
128200,34,0,23,0,5,0
128300,58,0,13,0,6,0
128400,20,0,5,0,2,0
128500,0,0,0,0,0,0
128600,1,0,2,0,0,0
128700,0,0,0,0,0,0
128800,0,0,0,0,0,0
128900,0,0,0,0,0,0
129000,28,0,4,0,1,0
129100,54,0,13,0,4,0
129200,49,0,20,0,7,0
129300,46,0,19,0,8,0
129400,42,0,19,0,1,0
129500,0,0,0,0,0,0
129600,0,0,0,0,0,0
129700,0,0,0,0,0,0
129800,0,0,0,0,0,0
129900,15,0,3,0,1,0
130000,48,0,21,0,4,0
130100,53,0,19,0,3,0
130200,41,0,16,0,5,0
130300,43,0,18,0,3,0
130400,26,0,15,0,4,0
130500,0,0,0,0,0,0
130600,0,0,0,0,0,0
130700,0,0,0,0,0,0
130800,25,0,13,0,5,0
130900,47,1,11,0,2,1
131000,42,0,16,0,6,0
131100,36,0,27,0,3,0
131200,40,0,11,0,6,0
131300,0,0,0,0,0,0
131400,0,0,0,0,0,0
131500,0,0,0,0,0,0
131600,0,0,0,0,0,0
131700,0,0,0,0,0,0
131800,26,0,9,0,3,0
131900,62,0,17,0,9,0
132000,37,0,19,0,8,0
132100,51,0,28,0,3,0
132200,34,0,9,0,1,0
132300,1,0,0,0,0,0
132400,0,0,0,0,0,0
132500,0,0,0,0,0,0
132600,0,0,0,0,0,0
132700,0,0,0,0,0,0
132800,27,0,11,0,2,0
132900,54,0,20,0,2,0
133000,56,0,18,0,4,0
133100,53,0,18,0,5,0
133200,53,0,22,0,6,0
133300,42,0,21,0,1,0
133400,9,0,4,0,2,0
133500,3,0,0,0,0,0
133600,0,0,0,0,0,0
133700,0,0,0,0,0,0
133800,0,0,0,0,0,0
133900,46,0,22,0,6,0
134000,46,0,14,0,3,0
134100,48,0,16,0,3,0
134200,50,0,23,0,1,0
134300,37,0,13,0,4,0
134400,9,0,2,0,0,0
134500,1,0,0,0,0,0
134600,0,0,0,0,0,0
134700,0,0,0,0,0,0
134800,0,0,0,0,0,0
134900,27,0,11,0,2,0
135000,43,0,15,0,2,0
135100,50,0,13,0,7,0
135200,48,0,12,0,1,0
135300,14,0,12,0,2,0
135400,0,0,0,0,1,0
135500,0,0,0,0,0,0
135600,0,0,0,0,0,0
135700,0,0,0,0,0,0
135800,7,0,0,0,1,0
135900,46,0,18,0,3,0
136000,51,0,17,0,4,0
136100,51,0,14,0,0,0
136200,45,0,24,0,4,0
136300,42,0,10,0,1,0
136400,1,0,2,0,0,0
136500,0,0,0,0,0,0
136600,0,0,0,0,0,0
136700,0,0,0,0,0,0
136800,0,0,0,0,0,0
136900,21,0,7,0,2,0
137000,46,0,21,0,6,0
137100,53,0,13,0,3,0
137200,42,0,24,0,3,0
137300,57,0,17,0,4,0
137400,33,0,14,0,3,0
137500,1,0,2,0,0,0
137600,0,0,0,0,0,0
137700,0,0,0,0,0,0
137800,1,0,0,0,0,0
137900,48,0,10,0,5,0
138000,43,0,15,0,8,0
138100,48,0,19,0,7,0
138200,45,0,16,0,3,0
138300,33,0,12,0,4,0
138400,0,0,0,0,0,0
138500,1,0,0,0,0,0
138600,0,0,0,0,0,0
138700,0,0,0,0,0,0
138800,6,0,2,0,0,0
138900,55,0,20,0,3,0
139000,55,0,19,0,4,0
139100,40,1,18,0,3,1
139200,53,0,21,0,3,0
139300,5,0,4,0,1,0
139400,0,0,0,0,0,0
139500,0,0,0,0,0,0
139600,0,0,0,0,0,0
139700,13,0,2,0,3,0
139800,57,0,18,0,10,0
139900,51,0,19,0,2,0
140000,47,0,17,0,1,0
140100,48,1,13,0,3,1
140200,26,0,9,0,3,0
140300,0,0,0,0,0,0
140400,0,0,0,0,0,0
140500,0,0,0,0,0,0
140600,19,0,9,0,3,0
140700,52,0,23,0,2,0
140800,54,0,20,0,3,0
140900,51,0,13,0,2,0
141000,24,0,16,0,5,0
141100,5,0,1,0,0,0
141200,2,0,0,0,0,0
141300,2,0,0,0,0,0
141400,0,0,0,0,0,0
141500,0,0,0,0,0,0
141600,31,0,13,0,1,0
141700,54,0,15,0,4,0
141800,48,0,16,0,2,0
141900,48,0,19,0,5,0
142000,33,0,9,0,4,0
142100,0,0,1,0,0,0
142200,0,0,0,0,0,0
142300,0,0,0,0,0,0
142400,0,0,0,0,0,0
142500,3,0,2,0,0,0
142600,50,0,21,0,6,0
142700,59,0,16,0,5,0
142800,46,0,18,0,5,0
142900,46,0,18,0,4,0
143000,48,0,13,0,2,0
143100,22,0,13,0,0,0
143200,2,0,0,0,0,0
143300,0,0,0,0,0,0
143400,0,0,0,0,0,0
143500,4,0,2,0,0,0
143600,36,0,22,0,4,0
143700,52,0,11,0,6,0
143800,52,0,18,0,2,0
143900,34,0,15,0,1,0
144000,0,0,0,0,0,0
144100,0,0,0,0,0,0
144200,1,0,0,0,0,0
144300,2,0,4,0,1,0
144400,41,0,16,0,2,0
144500,51,0,22,0,5,0
144600,53,0,21,0,2,0
144700,50,0,15,0,5,0
144800,22,0,13,0,2,0
144900,1,0,0,0,0,0
145000,0,0,0,0,0,0
145100,0,0,0,0,0,0
145200,0,0,0,0,0,0
145300,37,0,19,0,1,0
145400,47,0,18,0,4,0
145500,48,0,23,0,4,0
145600,49,0,19,0,2,0
145700,11,0,3,0,0,0
145800,0,0,0,0,0,0
145900,0,0,0,0,0,0
146000,0,0,0,0,0,0
146100,0,0,0,0,0,0
146200,1,0,0,0,1,0
146300,37,0,15,0,2,0
146400,52,0,18,0,2,0
146500,51,0,9,0,4,0
146600,47,0,13,0,2,0
146700,3,0,1,0,1,0
146800,0,0,0,0,0,0
146900,0,0,0,0,0,0
147000,0,0,0,0,0,0
147100,0,0,0,0,0,0
147200,35,0,20,0,1,0
147300,46,0,11,0,4,0
147400,48,0,16,0,5,0
147500,46,0,21,0,5,0
147600,54,0,14,0,6,0
147700,20,0,5,0,1,0
147800,0,0,0,0,0,0
147900,0,0,0,0,0,0
148000,0,0,0,0,0,0
148100,26,0,16,0,3,0
148200,47,0,27,0,4,0
148300,40,0,11,0,3,0
148400,48,0,16,0,3,0
148500,27,0,10,0,3,0
148600,0,0,0,0,0,0
148700,0,0,0,0,0,0
148800,0,0,0,0,0,0
148900,0,0,0,0,0,0
149000,31,0,17,0,2,0
149100,58,0,13,0,4,0
149200,41,0,23,0,3,0
149300,49,0,9,0,2,0
149400,27,0,8,0,3,0
149500,1,0,1,0,0,0
149600,0,0,0,0,0,0
149700,0,0,0,0,0,0
149800,10,0,7,0,3,0
149900,54,0,18,0,6,0
150000,44,0,18,0,3,0
150100,52,1,17,0,4,1
150200,42,0,23,0,2,0
150300,26,0,1,0,1,0
150400,0,0,0,0,0,0
150500,0,0,0,0,1,0
150600,0,0,0,0,0,0
150700,0,0,0,0,0,0
150800,12,0,6,0,1,0
150900,64,0,17,0,4,0
151000,56,0,12,0,4,0
151100,57,0,9,0,4,0
151200,36,0,9,0,2,0
151300,0,0,0,0,0,0
151400,0,0,0,0,0,0
151500,0,0,0,0,0,0
151600,2,0,0,0,1,0
151700,50,0,11,0,1,0
151800,67,1,19,0,5,1
151900,45,0,14,0,5,0
152000,47,0,21,0,5,0
152100,42,0,6,0,3,0
152200,12,0,4,0,0,0
152300,3,0,0,0,0,0
152400,1,0,0,0,0,0
152500,2,0,0,0,0,0
152600,0,0,0,0,0,0
152700,0,0,0,0,0,0
152800,24,0,3,0,2,0
152900,46,0,15,0,8,0
153000,29,0,22,0,3,0
153100,53,0,15,0,7,0
153200,51,0,17,0,1,0
153300,43,0,7,0,5,0
153400,7,0,1,0,1,0
153500,0,0,0,0,0,0
153600,0,0,0,0,0,0
153700,18,0,8,0,2,0
153800,41,0,14,0,5,0
153900,49,0,13,0,1,0
154000,47,0,10,0,6,0
154100,36,0,11,0,0,0
154200,3,0,1,0,0,0
154300,0,0,0,0,0,0
154400,0,0,0,0,0,0
154500,0,0,0,0,0,0
154600,15,0,6,0,1,0
154700,49,0,16,0,5,0
154800,47,0,13,0,5,0
154900,55,0,14,0,4,0
155000,32,0,8,0,3,0
155100,2,0,1,0,0,0
155200,1,0,0,0,0,0
155300,0,0,0,0,0,0
155400,0,0,0,0,0,0
155500,0,0,0,0,0,0
155600,0,0,0,0,0,0
155700,48,0,16,0,4,0
155800,51,0,20,0,6,0
155900,42,0,14,0,4,0
156000,47,0,19,0,5,0
156100,51,0,15,0,7,0
156200,43,0,13,0,4,0
156300,1,0,0,0,0,0
156400,0,0,0,0,0,0
156500,0,0,0,0,0,0
156600,3,0,1,0,0,0
156700,62,0,12,0,1,0
156800,47,0,7,0,5,0
156900,51,0,11,0,6,0
157000,58,0,20,0,3,0
157100,25,0,7,0,2,0
157200,5,0,1,0,0,0
157300,0,0,0,0,1,0
157400,0,0,0,0,0,0
157500,0,0,0,0,0,0
157600,3,0,2,0,0,0
157700,43,1,15,0,4,1
157800,48,0,21,0,1,0
157900,59,0,11,0,4,0
158000,56,0,13,0,2,0
158100,24,0,13,0,2,0
158200,1,0,0,0,0,0
158300,0,0,0,0,0,0
158400,0,0,0,0,0,0
158500,0,0,0,0,0,0
158600,7,0,3,0,1,0
158700,43,0,12,0,3,0
158800,57,0,17,0,3,0
158900,56,0,18,0,0,0
159000,58,0,9,0,5,0
159100,49,0,13,0,4,0
159200,9,0,4,0,2,0
159300,3,0,0,0,0,0
159400,0,0,0,0,0,0
159500,0,0,0,0,0,0
159600,18,0,2,0,4,0
159700,51,0,17,0,5,0
159800,58,0,9,0,5,0
159900,57,0,18,0,1,0
160000,47,0,19,0,2,0
160100,16,0,3,0,2,0
160200,0,0,0,0,0,0
160300,1,0,0,0,0,0
160400,0,0,0,0,0,0
160500,42,0,11,0,0,0
160600,54,0,17,0,5,0
160700,47,0,17,0,5,0
160800,41,0,19,0,0,0
160900,25,0,10,0,3,0
161000,1,0,1,0,0,0
161100,0,0,0,0,0,0
161200,0,0,0,0,0,0
161300,0,0,0,0,0,0
161400,36,0,12,0,2,0
161500,50,0,9,0,1,0
161600,50,0,9,0,1,0
161700,55,0,11,0,5,0
161800,33,0,11,0,7,0
161900,2,0,0,0,0,0
162000,0,0,0,0,0,0
162100,0,0,0,0,0,0
162200,0,0,0,0,0,0
162300,31,0,9,0,6,0
162400,57,0,14,0,1,0
162500,58,0,21,0,7,0
162600,50,0,13,0,2,0
162700,45,0,11,0,4,0
162800,8,0,0,0,0,0
162900,1,0,0,0,0,0
163000,0,0,0,0,0,0
163100,1,0,0,0,0,0
163200,56,0,15,0,4,0
163300,54,0,17,0,6,0
163400,43,0,16,0,3,0
163500,72,0,14,0,2,0
163600,24,0,0,0,3,0
163700,0,0,0,0,0,0
163800,0,0,0,0,0,0
163900,0,0,0,0,0,0
164000,3,0,3,0,1,0
164100,52,0,12,0,2,0
164200,52,0,12,0,2,0
164300,40,0,11,0,8,0
164400,44,0,15,0,4,0
164500,6,0,2,0,0,0
164600,0,0,0,0,0,0
164700,0,0,0,0,0,0
164800,0,0,0,0,0,0
164900,1,0,1,0,0,0
165000,46,0,20,0,1,0
165100,42,0,17,0,5,0
165200,44,0,22,0,3,0
165300,60,0,16,0,3,0
165400,58,0,18,0,4,0
165500,53,0,14,0,3,0
165600,16,0,2,0,2,0
165700,0,0,0,0,0,0
165800,0,0,0,0,0,0
165900,0,0,0,0,0,0
166000,45,0,11,0,2,0
166100,62,0,14,0,2,0
166200,57,0,15,0,6,0
166300,43,0,10,0,2,0
166400,22,0,6,0,1,0
166500,0,0,0,0,0,0
166600,0,0,0,0,0,0
166700,0,0,0,0,0,0
166800,0,0,0,0,0,0
166900,35,0,13,0,5,0
167000,44,0,16,0,4,0
167100,40,0,18,0,4,0
167200,54,0,11,0,3,0
167300,21,0,8,0,1,0
167400,1,0,1,0,0,0
167500,0,0,0,0,0,0
167600,0,0,0,0,0,0
167700,0,0,0,0,0,0
167800,0,0,0,0,0,0
167900,45,0,15,0,5,0
168000,62,0,17,0,5,0
168100,59,0,16,0,9,0
168200,49,0,16,0,4,0
168300,51,0,16,0,3,0
168400,39,0,8,0,6,0
168500,4,0,4,0,0,0
168600,1,0,0,0,0,0
168700,0,0,0,0,0,0
168800,0,0,0,0,0,0
168900,35,0,7,0,2,0
169000,51,0,18,0,6,0
169100,66,0,19,0,2,0
169200,55,0,12,0,4,0
169300,39,0,5,0,2,0
169400,1,0,0,0,1,0
169500,2,0,1,0,0,0
169600,0,0,0,0,0,0
169700,0,0,0,0,0,0
169800,20,0,2,0,1,0
169900,51,0,15,0,0,0
170000,48,0,17,0,3,0
170100,60,0,11,0,4,0
170200,59,0,9,0,5,0
170300,21,0,4,0,0,0
170400,0,0,0,0,0,0
170500,0,0,0,0,0,0
170600,0,0,0,0,0,0
170700,0,0,0,0,0,0
170800,49,0,16,0,7,0
170900,48,0,21,0,5,0
171000,45,0,19,0,7,0
171100,47,0,21,0,4,0
171200,49,0,12,0,5,0
171300,3,0,2,0,0,0
171400,0,0,0,0,0,0
171500,0,0,0,0,0,0
171600,0,0,0,0,0,0
171700,35,0,13,0,0,0
171800,58,0,16,0,6,0
171900,45,0,11,0,5,0
172000,42,0,16,0,2,0
172100,38,0,16,0,7,0
172200,33,0,15,0,3,0
172300,0,0,0,0,0,0
172400,0,0,0,0,0,0
172500,0,0,0,0,0,0
172600,0,0,0,0,0,0
172700,39,0,9,0,5,0
172800,52,0,12,0,3,0
172900,54,0,11,0,3,0
173000,50,0,16,0,8,0
173100,58,0,17,0,9,0
173200,39,0,21,0,3,0
173300,20,0,7,0,1,0
173400,3,0,0,0,0,0
173500,11,0,5,0,1,0
173600,53,0,21,0,6,0
173700,33,0,13,0,3,0
173800,43,0,16,0,2,0
173900,55,0,15,0,7,0
174000,21,0,2,0,3,0
174100,0,0,1,0,0,0
174200,0,0,1,0,0,0
174300,0,0,0,0,0,0
174400,3,0,0,0,0,0
174500,45,0,13,0,3,0
174600,47,0,19,0,5,0
174700,56,1,9,0,3,1
174800,29,0,16,0,3,0
174900,6,0,1,0,0,0
175000,2,0,0,0,0,0
175100,0,0,0,0,0,0
175200,0,0,0,0,0,0
175300,7,0,6,0,1,0
175400,57,0,15,0,3,0
175500,61,0,15,0,7,0
175600,55,0,18,0,2,0
175700,63,0,23,0,3,0
175800,25,0,8,0,3,0
175900,1,0,0,0,0,0
176000,0,0,0,0,0,0
176100,0,0,0,0,0,0
176200,0,0,0,0,0,0
176300,0,0,0,0,0,0
176400,39,0,10,0,7,0
176500,52,0,17,0,3,0
176600,54,1,13,0,4,1
176700,52,0,22,0,7,0
176800,31,0,8,0,1,0
176900,0,0,0,0,0,0
177000,0,0,0,0,0,0
177100,0,0,0,0,0,0
177200,22,0,3,0,0,0
177300,56,0,15,0,6,0
177400,53,0,16,0,4,0
177500,55,0,19,0,4,0
177600,49,0,14,0,4,0
177700,36,1,27,0,2,1
177800,26,0,12,0,2,0
177900,3,0,0,0,0,0
178000,0,0,0,0,0,0
178100,1,0,0,0,0,0
178200,20,0,5,0,0,0
178300,35,0,15,0,2,0
178400,46,0,21,0,2,0
178500,51,0,16,0,8,0
178600,56,0,21,0,9,0
178700,44,0,20,0,5,0
178800,2,0,1,0,0,0
178900,0,0,0,0,0,0
179000,0,0,0,0,0,0
179100,13,0,5,0,1,0
179200,48,0,12,0,6,0
179300,48,0,16,0,4,0
179400,46,0,19,0,2,0
179500,49,0,12,0,4,0
179600,2,0,0,0,1,0
179700,0,0,0,0,0,0
179800,0,0,0,0,0,0
179900,2,0,2,0,1,0
180000,56,0,18,0,2,0
180100,52,0,15,0,3,0
180200,59,0,15,0,4,0
180300,50,0,11,0,3,0
180400,47,0,18,0,1,0
180500,4,0,3,0,1,0
180600,1,0,0,0,0,0
180700,2,0,3,0,0,0
180800,48,0,14,0,3,0
180900,49,0,13,0,4,0
181000,62,0,19,0,2,0
181100,48,0,17,0,7,0
181200,42,0,18,0,4,0
181300,10,0,2,0,2,0
181400,0,0,0,0,0,0
181500,0,0,0,0,0,0
181600,3,0,0,0,1,0
181700,40,0,15,0,1,0
181800,55,1,20,0,8,1
181900,52,0,15,0,3,0
182000,64,0,11,0,2,0
182100,14,0,3,0,1,0
182200,2,0,0,0,0,0
182300,0,0,1,0,0,0
182400,0,0,0,0,0,0
182500,18,0,5,0,3,0
182600,47,1,16,0,3,1
182700,58,0,16,0,4,0
182800,54,0,16,0,1,0
182900,36,0,19,0,2,0
183000,4,0,0,0,0,0
183100,0,0,0,0,0,0
183200,0,0,0,0,0,0
183300,0,0,0,0,0,0
183400,37,0,12,0,2,0
183500,49,0,13,0,6,0
183600,57,0,15,0,2,0
183700,49,0,14,0,4,0
183800,56,2,17,0,5,2
183900,56,0,15,0,5,0
184000,32,0,8,0,3,0
184100,1,0,2,0,0,0
184200,10,0,2,0,1,0
184300,55,0,21,0,3,0
184400,49,0,13,0,5,0
184500,60,0,21,0,2,0
184600,49,0,14,0,4,0
184700,14,0,5,0,1,0
184800,3,0,0,0,0,0
184900,4,0,0,0,0,0
185000,0,0,0,0,0,0
185100,2,0,1,0,1,0
185200,54,0,11,0,5,0
185300,55,0,10,0,3,0
185400,55,0,20,0,4,0
185500,61,0,18,0,2,0
185600,33,0,8,0,4,0
185700,5,0,0,0,0,0
185800,3,0,0,0,1,0
185900,5,0,0,0,0,0
186000,5,0,3,0,0,0
186100,51,0,14,0,2,0
186200,44,0,15,0,4,0
186300,49,0,16,0,5,0
186400,62,0,12,0,4,0
186500,32,0,12,0,2,0
186600,5,0,3,0,1,0
186700,0,0,0,0,0,0
186800,0,0,0,0,0,0
186900,0,0,0,0,0,0
187000,47,0,12,0,3,0
187100,37,0,18,0,5,0
187200,56,0,17,0,4,0
187300,58,0,13,0,5,0
187400,35,0,26,0,5,0
187500,60,0,10,0,3,0
187600,6,0,1,0,1,0
187700,0,0,0,0,0,0
187800,9,0,3,0,2,0
187900,60,1,20,0,8,1
188000,38,0,13,0,3,0
188100,62,1,12,0,4,1
188200,29,1,10,0,2,1
188300,3,0,1,0,0,0
188400,0,0,0,0,0,0
188500,0,0,0,0,0,0
188600,6,0,6,0,1,0
188700,52,1,18,0,6,1
188800,56,0,20,0,3,0
188900,45,0,20,0,8,0
189000,38,0,17,0,3,0
189100,61,0,26,0,6,0
189200,25,0,9,0,3,0
189300,4,0,2,0,0,0
189400,0,0,0,0,0,0
189500,0,0,0,0,0,0
189600,32,0,8,0,1,0
189700,57,0,11,0,5,0
189800,42,0,17,0,4,0
189900,53,0,14,0,3,0
190000,36,0,13,0,5,0
190100,1,0,0,0,0,0
190200,0,0,0,0,0,0
190300,0,0,0,0,0,0
190400,0,0,0,0,0,0
190500,40,1,9,0,3,1
190600,45,0,16,0,3,0
190700,54,0,17,0,5,0
190800,61,0,22,0,7,0
190900,42,0,19,0,3,0
191000,11,0,2,0,1,0
191100,1,0,0,0,0,0
191200,1,0,0,0,0,0
191300,0,0,0,0,0,0
191400,3,0,1,0,1,0
191500,55,0,16,0,3,0
191600,56,0,20,0,4,0
191700,51,0,21,0,4,0
191800,47,0,14,0,6,0
191900,39,0,23,0,4,0
192000,48,0,8,0,1,0
192100,0,0,0,0,0,0
192200,0,0,0,0,0,0
192300,0,0,0,0,0,0
192400,1,0,0,0,0,0
192500,45,0,16,0,4,0
192600,44,0,21,0,6,0
192700,51,0,21,0,4,0
192800,46,0,12,0,5,0
192900,56,0,20,0,10,0
193000,32,0,9,0,6,0
193100,3,0,0,0,1,0
193200,0,0,0,0,0,0
193300,0,0,0,0,0,0
193400,35,0,12,0,1,0
193500,43,0,10,0,1,0
193600,64,0,16,0,8,0
193700,51,1,13,0,8,1
193800,61,0,16,0,6,0
193900,6,0,2,0,0,0
194000,3,0,1,0,0,0
194100,0,0,0,0,0,0
194200,2,0,0,0,0,0
194300,49,0,12,0,5,0
194400,42,0,20,0,3,0
194500,69,0,8,0,3,0
194600,55,0,13,0,8,0
194700,66,0,13,0,6,0
194800,23,0,4,0,1,0
194900,0,0,2,0,0,0
195000,0,0,0,0,0,0
195100,1,0,0,0,0,0
195200,27,0,12,0,3,0
195300,75,0,20,0,2,0
195400,53,0,16,0,2,0
195500,51,0,16,0,4,0
195600,52,0,12,0,1,0
195700,51,1,11,0,2,1
195800,3,0,0,0,1,0
195900,2,0,0,0,0,0
196000,0,0,0,0,0,0
196100,0,0,0,0,0,0
196200,44,0,16,0,4,0
196300,56,0,10,0,3,0
196400,54,0,11,0,4,0
196500,50,0,13,0,2,0
196600,40,0,13,0,10,0
196700,56,0,13,0,2,0
196800,5,0,4,0,0,0
196900,3,0,0,0,0,0
197000,0,0,0,0,0,0
197100,8,0,1,0,0,0
197200,61,0,21,0,3,0
197300,71,0,13,0,2,0
197400,46,0,12,0,4,0
197500,53,0,18,0,6,0
197600,49,0,22,0,5,0
197700,20,1,7,0,2,1
197800,4,0,0,0,0,0
197900,3,0,0,0,0,0
198000,19,0,5,0,0,0
198100,56,0,9,0,7,0
198200,61,0,13,0,7,0
198300,57,0,17,0,6,0
198400,64,0,14,0,6,0
198500,49,0,16,0,6,0
198600,43,0,12,0,2,0
198700,0,0,1,0,0,0
198800,0,0,0,0,0,0
198900,0,0,0,0,0,0
199000,0,0,0,0,0,0
199100,38,0,9,0,3,0
199200,54,0,16,0,4,0
199300,47,0,13,0,2,0
199400,65,0,17,0,3,0
199500,49,0,10,0,6,0
199600,21,0,6,0,1,0
199700,3,0,0,0,0,0
199800,2,0,0,0,0,0
199900,0,0,0,0,0,0
200000,50,0,10,0,2,0
200100,54,0,11,0,4,0
200200,55,0,7,0,4,0
200300,41,0,9,0,3,0
200400,47,0,16,0,4,0
200500,56,0,16,0,3,0
200600,22,0,8,0,0,0
200700,0,0,0,0,0,0
200800,4,0,0,0,0,0
200900,0,0,0,0,0,0
201000,0,0,0,0,0,0
201100,37,0,6,0,3,0
201200,58,0,10,0,5,0
201300,62,0,14,0,3,0
201400,53,0,15,0,4,0
201500,67,0,16,0,4,0
201600,53,0,11,0,3,0
201700,10,0,6,0,0,0
201800,0,0,0,0,0,0
201900,0,0,0,0,0,0
202000,0,0,0,0,0,0
202100,39,0,13,0,6,0
202200,50,0,17,0,3,0
202300,52,0,22,0,1,0
202400,48,0,9,0,8,0
202500,55,0,12,0,3,0
202600,30,0,4,0,0,0
202700,2,0,0,0,0,0
202800,1,0,1,0,0,0
202900,2,0,0,0,0,0
203000,44,0,11,0,1,0
203100,54,0,14,0,4,0
203200,57,0,14,0,4,0
203300,57,0,20,0,1,0
203400,55,0,8,0,8,0
203500,17,0,5,0,1,0
203600,0,0,0,0,0,0
203700,0,0,0,0,0,0
203800,31,0,8,0,2,0
203900,51,1,13,0,6,1
204000,58,0,18,0,2,0
204100,45,1,13,0,3,1
204200,49,0,24,0,3,0
204300,64,0,13,0,3,0
204400,16,0,3,0,2,0
204500,4,0,1,0,0,0
204600,0,0,0,0,0,0
204700,15,0,7,0,1,0
204800,51,0,15,0,4,0
204900,70,0,20,0,3,0
205000,50,0,13,0,2,0
205100,37,0,14,0,5,0
205200,46,0,13,0,6,0
205300,2,0,1,0,0,0
205400,1,0,0,0,0,0
205500,0,0,0,0,0,0
205600,12,0,3,0,0,0
205700,41,1,21,0,5,1
205800,51,0,13,0,5,0
205900,52,0,16,0,7,0
206000,43,0,17,0,4,0
206100,42,0,10,0,7,0
206200,26,0,4,0,1,0
206300,3,0,0,0,0,0
206400,2,0,1,0,1,0
206500,1,0,1,0,1,0
206600,18,0,7,0,2,0
206700,44,0,13,0,4,0
206800,52,0,18,0,4,0
206900,56,0,11,0,4,0
207000,58,0,18,0,3,0
207100,51,1,8,0,4,1
207200,10,0,5,0,2,0
207300,0,0,0,0,0,0
207400,0,0,0,0,0,0
207500,4,0,1,0,0,0
207600,44,0,20,0,4,0
207700,52,0,18,0,3,0
207800,48,0,5,0,5,0
207900,59,0,6,0,5,0
208000,58,1,18,0,2,1
208100,8,0,1,0,3,0
208200,1,0,0,0,0,0
208300,1,0,0,0,0,0
208400,18,0,13,0,1,0
208500,56,0,10,0,3,0
208600,48,0,13,0,3,0
208700,45,0,12,0,6,0
208800,66,0,13,0,3,0
208900,62,1,21,0,9,1
209000,35,0,6,0,5,0
209100,1,0,0,0,0,0
209200,0,0,0,0,0,0
209300,0,0,0,0,0,0
209400,43,0,7,0,6,0
209500,48,0,14,0,6,0
209600,59,0,14,0,5,0
209700,46,1,13,0,6,1
209800,52,0,10,0,6,0
209900,35,0,10,0,2,0
210000,4,0,0,0,1,0
210100,3,0,0,0,0,0
210200,0,0,0,0,0,0
210300,41,0,8,0,1,0
210400,51,0,22,0,3,0
210500,55,0,16,0,4,0
210600,65,1,15,0,4,1
210700,43,0,11,0,3,0
210800,56,1,14,0,2,1
210900,32,0,4,0,2,0
211000,4,0,0,0,1,0
211100,1,0,0,0,0,0
211200,0,0,0,0,0,0
211300,43,0,9,0,1,0
211400,63,0,11,0,7,0
211500,53,0,16,0,2,0
211600,51,0,10,0,8,0
211700,28,0,6,0,3,0
211800,1,0,3,0,0,0
211900,1,0,0,0,0,0
212000,0,0,0,0,0,0
212100,17,0,2,0,2,0
212200,64,0,9,0,5,0
212300,54,0,10,0,6,0
212400,50,0,16,0,6,0
212500,60,1,11,0,5,1
212600,54,0,10,0,3,0
212700,12,0,1,0,0,0
212800,0,0,0,0,0,0
212900,0,0,0,0,0,0
213000,40,0,13,0,2,0
213100,58,0,19,0,5,0
213200,58,0,18,0,5,0
213300,62,0,16,0,5,0
213400,33,0,4,0,3,0
213500,6,0,1,0,0,0
213600,1,0,0,0,0,0
213700,0,0,0,0,0,0
213800,0,0,0,0,0,0
213900,29,0,9,0,3,0
214000,58,0,14,0,10,0
214100,61,0,9,0,5,0
214200,61,0,11,0,2,0
214300,57,0,10,0,7,0
214400,61,0,16,0,4,0
214500,48,0,3,0,5,0
214600,1,0,0,0,0,0
214700,0,0,0,0,0,0
214800,11,0,3,0,1,0
214900,61,0,15,0,2,0
215000,53,0,13,0,7,0
215100,40,1,11,0,5,1
215200,56,0,17,0,4,0
215300,36,0,14,0,3,0
215400,4,0,0,0,0,0
215500,10,0,1,0,0,0
215600,1,0,0,0,0,0
215700,14,0,1,0,1,0
215800,62,0,17,0,6,0
215900,59,0,14,0,6,0
216000,55,0,11,0,3,0
216100,63,0,15,0,4,0
216200,46,0,15,0,4,0
216300,11,0,1,0,0,0
216400,0,0,0,0,0,0
216500,0,0,0,0,0,0
216600,0,0,0,0,0,0
216700,3,0,0,0,0,0
216800,56,0,10,0,3,0
216900,58,0,10,0,4,0
217000,54,0,16,0,3,0
217100,50,0,12,0,3,0
217200,51,0,8,0,5,0
217300,47,0,8,0,6,0
217400,8,0,0,0,0,0
217500,1,0,0,0,0,0
217600,1,0,1,0,0,0
217700,47,0,16,0,5,0
217800,52,0,17,0,7,0
217900,46,0,10,0,7,0
218000,53,0,15,0,4,0
218100,10,0,5,0,0,0
218200,1,0,1,0,0,0
218300,2,0,0,0,1,0
218400,7,0,2,0,0,0
218500,60,1,16,0,8,1
218600,61,0,19,0,4,0
218700,60,0,12,0,6,0
218800,58,0,13,0,5,0
218900,62,0,11,0,5,0
219000,55,0,18,0,6,0
219100,37,1,5,0,2,1
219200,3,0,0,0,0,0
219300,1,0,0,0,0,0
219400,27,0,6,0,2,0
219500,62,0,18,0,3,0
219600,51,0,9,0,5,0
219700,47,0,11,0,4,0
219800,55,0,18,0,2,0
219900,41,0,13,0,7,0
220000,60,0,4,0,3,0
220100,28,0,6,0,3,0
220200,5,0,1,0,0,0
220300,1,0,1,0,0,0
220400,1,0,0,0,0,0
220500,60,0,7,0,2,0
220600,52,0,16,0,2,0
220700,70,0,15,0,2,0
220800,52,0,18,0,4,0
220900,58,0,10,0,3,0
221000,57,0,11,0,4,0
221100,7,0,6,0,1,0
221200,2,0,0,0,0,0
221300,0,0,0,0,0,0
221400,36,0,9,0,6,0
221500,60,0,10,0,2,0
221600,43,0,10,0,2,0
221700,58,0,12,0,6,0
221800,49,0,13,0,1,0
221900,5,0,1,0,0,0
222000,0,0,0,0,0,0
222100,0,0,0,0,0,0
222200,24,0,6,0,0,0
222300,66,0,13,0,4,0
222400,63,0,13,0,2,0
222500,56,0,16,0,7,0
222600,55,0,14,0,2,0
222700,37,0,12,0,3,0
222800,7,0,2,0,1,0
222900,2,0,0,0,0,0
223000,5,0,0,0,0,0
223100,58,0,12,0,2,0
223200,57,0,13,0,5,0
223300,50,0,16,0,5,0
223400,59,0,12,0,1,0
223500,53,0,18,0,6,0
223600,57,0,10,0,0,0
223700,3,0,0,0,0,0
223800,1,0,0,0,0,0
223900,0,0,0,0,0,0
224000,35,0,8,0,3,0
224100,52,0,15,0,3,0
224200,53,0,18,0,8,0
224300,55,0,9,0,6,0
224400,56,0,12,0,2,0
224500,49,0,8,0,5,0
224600,33,0,11,0,1,0
224700,2,0,2,0,0,0
224800,1,0,0,0,0,0
224900,27,0,11,0,1,0
225000,52,0,12,0,3,0
225100,71,0,12,0,3,0
225200,63,0,12,0,5,0
225300,46,1,14,0,4,1
225400,19,0,6,0,0,0
225500,3,0,0,0,0,0
225600,2,0,0,0,1,0
225700,11,0,1,0,3,0
225800,57,0,9,0,11,0
225900,61,0,11,0,9,0
226000,49,0,10,0,4,0
226100,67,0,14,0,5,0
226200,58,0,12,0,4,0
226300,22,0,2,0,4,0
226400,3,0,0,0,0,0
226500,0,0,0,0,0,0
226600,31,0,3,0,4,0
226700,66,0,15,0,4,0
226800,64,0,10,0,8,0
226900,58,0,11,0,2,0
227000,61,0,15,0,6,0
227100,44,0,11,0,6,0
227200,8,0,1,0,2,0
227300,2,0,1,0,0,0
227400,65,0,18,0,4,0
227500,62,0,8,0,7,0
227600,38,0,8,0,4,0
227700,51,0,8,0,5,0
227800,56,0,13,0,2,0
227900,51,0,10,0,4,0
228000,34,0,12,0,3,0
228100,5,0,0,0,2,0
228200,10,0,0,0,2,0
228300,2,0,0,0,0,0
228400,21,0,3,0,0,0
228500,56,0,8,0,6,0
228600,62,0,12,0,4,0
228700,52,0,12,0,7,0
228800,45,0,11,0,0,0
228900,7,0,1,0,1,0
229000,1,0,0,0,0,0
229100,11,0,3,0,3,0
229200,44,0,12,0,2,0
229300,42,0,9,0,4,0
229400,69,1,14,0,6,1
229500,55,0,6,0,4,0
229600,59,0,7,0,2,0
229700,12,0,1,0,2,0
229800,2,0,1,0,0,0
229900,27,0,4,0,0,0
230000,62,0,11,0,6,0
230100,58,0,16,0,3,0
230200,54,0,17,0,2,0
230300,51,0,6,0,2,0
230400,65,0,10,0,1,0
230500,22,0,8,0,1,0
230600,3,0,1,0,1,0
230700,0,0,0,0,0,0
230800,8,0,1,0,0,0
230900,55,0,11,0,2,0
231000,59,0,7,0,9,0
231100,56,0,5,0,6,0
231200,57,0,12,0,5,0
231300,55,0,9,0,7,0
231400,27,0,8,0,2,0
231500,3,0,2,0,0,0
231600,0,0,0,0,0,0
231700,1,0,0,0,0,0
231800,40,0,4,0,4,0
231900,45,0,10,0,7,0
232000,54,1,13,0,8,1
232100,55,0,13,0,3,0
232200,52,0,9,0,3,0
232300,46,0,13,0,3,0
232400,51,0,8,0,2,0
232500,5,0,0,0,1,0
232600,0,0,0,0,1,0
232700,25,0,3,0,2,0
232800,60,0,9,0,3,0
232900,57,0,10,0,8,0
233000,52,0,7,0,4,0
233100,68,0,8,0,6,0
233200,51,0,6,0,4,0
233300,11,0,4,0,1,0
233400,4,0,0,0,1,0
233500,2,0,0,0,0,0
233600,58,0,13,0,3,0
233700,62,0,8,0,3,0
233800,42,0,3,0,4,0
233900,48,0,9,0,6,0
234000,45,0,8,0,3,0
234100,29,0,7,0,4,0
234200,5,0,0,0,0,0
234300,0,0,0,0,0,0
234400,32,0,7,0,5,0
234500,65,0,7,0,5,0
234600,56,0,10,0,4,0
234700,62,0,9,0,6,0
234800,48,0,11,0,5,0
234900,54,0,10,0,3,0
235000,43,0,9,0,6,0
235100,4,0,1,0,0,0
235200,2,0,1,0,0,0
235300,15,0,7,0,2,0
235400,54,0,15,0,3,0
235500,46,1,9,0,6,1
235600,46,0,19,0,10,0
235700,50,0,14,0,5,0
235800,54,0,11,0,4,0
235900,53,1,8,0,8,1
236000,27,0,3,0,4,0
236100,4,0,0,0,0,0
236200,0,0,0,0,0,0
236300,0,0,0,0,0,0
236400,41,0,10,0,1,0
236500,61,0,11,0,6,0
236600,54,0,10,0,3,0
236700,53,0,10,0,3,0
236800,16,0,4,0,0,0
236900,1,0,0,0,0,0
237000,0,0,1,0,0,0
237100,45,0,10,0,2,0
237200,67,0,15,0,4,0
237300,63,0,7,0,5,0
237400,55,0,11,0,3,0
237500,48,0,9,0,7,0
237600,46,0,5,0,5,0
237700,11,0,0,0,0,0
237800,1,0,0,0,0,0
237900,0,0,0,0,0,0
238000,36,0,4,0,5,0
238100,54,0,16,0,2,0
238200,66,0,6,0,2,0
238300,50,0,14,0,4,0
238400,53,0,10,0,5,0
238500,56,0,11,0,6,0
238600,48,0,9,0,3,0
238700,20,0,5,0,2,0
238800,8,0,1,0,0,0
238900,7,0,1,0,1,0
239000,63,0,12,0,5,0
239100,55,0,13,0,2,0
239200,65,0,8,0,4,0
239300,68,0,8,0,7,0
239400,50,1,9,0,6,1
239500,32,0,9,0,7,0
239600,10,0,1,0,3,0
239700,3,0,0,0,0,0
239800,27,0,3,0,6,0
239900,64,0,15,0,8,0
240000,60,0,9,0,4,0
240100,66,1,17,0,3,1
240200,54,0,10,0,4,0
240300,53,1,3,0,6,1
240400,14,0,1,0,2,0
240500,9,0,3,0,1,0
240600,51,0,8,0,3,0
240700,54,1,7,0,4,1
240800,49,0,8,0,6,0
240900,53,0,8,0,5,0
241000,30,0,14,0,1,0
241100,9,0,0,0,0,0
241200,2,0,0,0,0,0
241300,36,0,10,0,3,0
241400,55,0,6,0,3,0
241500,61,0,3,0,5,0
241600,50,0,11,0,4,0
241700,58,0,12,0,3,0
241800,32,0,8,0,2,0
241900,7,0,1,0,1,0
242000,1,0,0,0,1,0
242100,43,0,13,0,2,0
242200,66,0,11,0,5,0
242300,50,0,7,0,5,0
242400,60,0,6,0,4,0
242500,60,0,15,0,4,0
242600,69,0,9,0,4,0
242700,49,0,5,0,1,0
242800,6,0,1,0,1,0
242900,13,0,2,0,0,0
243000,62,0,9,0,2,0
243100,60,0,8,0,8,0
243200,64,0,10,0,5,0
243300,44,0,7,0,2,0
243400,46,0,9,0,4,0
243500,57,0,8,0,3,0
243600,13,0,1,0,0,0
243700,1,0,1,0,1,0
243800,3,0,0,0,1,0
243900,62,0,10,0,4,0
244000,53,0,6,0,3,0
244100,56,0,9,0,8,0
244200,47,0,17,0,6,0
244300,54,1,8,0,2,1
244400,35,0,6,0,3,0
244500,8,0,0,0,1,0
244600,20,0,7,0,3,0
244700,54,0,12,0,8,0
244800,57,0,8,0,5,0
244900,58,0,11,0,1,0
245000,63,0,5,0,4,0
245100,51,0,7,0,3,0
245200,39,0,3,0,3,0
245300,13,0,1,0,2,0
245400,35,0,3,0,2,0
245500,60,0,6,0,5,0
245600,61,0,12,0,8,0
245700,50,0,14,0,5,0
245800,47,0,7,0,2,0
245900,37,0,5,0,3,0
246000,3,0,0,0,0,0
246100,22,0,5,0,5,0
246200,66,0,7,0,8,0
246300,54,1,3,0,1,1
246400,65,0,5,0,3,0
246500,54,0,10,0,3,0
246600,53,0,10,0,4,0
246700,65,0,9,0,7,0
246800,46,0,3,0,3,0
246900,8,0,0,0,2,0
247000,0,0,0,0,0,0
247100,14,0,2,0,0,0
247200,62,0,7,0,1,0
247300,53,0,6,0,5,0
247400,54,0,9,0,4,0
247500,55,0,11,0,5,0
247600,62,0,8,0,3,0
247700,49,0,6,0,5,0
247800,38,1,4,0,0,1
247900,6,0,0,0,1,0
248000,12,0,0,0,0,0
248100,63,0,15,0,7,0
248200,55,0,8,0,5,0
248300,70,0,6,0,5,0
248400,49,0,8,0,3,0
248500,39,0,7,0,4,0
248600,54,0,8,0,4,0
248700,8,0,1,0,1,0
248800,2,0,0,0,1,0
248900,0,0,0,0,0,0
249000,29,0,4,0,2,0
249100,75,0,6,0,5,0
249200,55,0,3,0,5,0
249300,59,0,4,0,1,0
249400,53,0,8,0,3,0
249500,36,0,3,0,8,0
249600,23,0,1,0,4,0
249700,6,0,2,0,0,0
249800,17,0,3,0,3,0
249900,42,0,8,0,7,0
250000,63,0,9,0,1,0
250100,50,0,6,0,13,0
250200,57,0,3,0,8,0
250300,44,0,4,0,3,0
250400,18,0,2,0,1,0
250500,6,0,1,0,0,0
250600,6,0,2,0,0,0
250700,70,0,6,0,4,0
250800,60,0,7,0,4,0
250900,66,0,4,0,1,0
251000,57,0,6,0,8,0
251100,64,0,12,0,3,0
251200,66,0,5,0,7,0
251300,25,0,6,0,1,0
251400,5,0,0,0,0,0
251500,51,0,4,0,3,0
251600,59,0,11,0,8,0
251700,66,0,9,0,2,0
251800,54,0,7,0,4,0
251900,43,0,10,0,6,0
252000,51,0,3,0,4,0
252100,51,0,5,0,5,0
252200,35,0,2,0,3,0
252300,25,0,2,0,1,0
252400,20,0,2,0,3,0
252500,55,0,5,0,3,0
252600,64,0,9,0,1,0
252700,64,0,7,0,7,0
252800,62,0,7,0,8,0
252900,57,0,9,0,2,0
253000,33,0,3,0,8,0
253100,32,0,1,0,4,0
253200,11,0,2,0,0,0
253300,4,0,0,0,0,0
253400,40,0,0,0,2,0
253500,67,0,6,0,9,0
253600,63,0,5,0,5,0
253700,62,0,6,0,4,0
253800,63,0,7,0,5,0
253900,60,0,6,0,5,0
254000,30,0,2,0,3,0
254100,9,0,0,0,2,0
254200,0,0,0,0,0,0
254300,26,0,1,0,5,0
254400,61,0,13,0,3,0
254500,41,0,15,0,9,0
254600,60,0,8,0,7,0
254700,47,0,9,0,4,0
254800,50,0,9,0,5,0
254900,58,0,3,0,5,0
255000,41,0,2,0,3,0
255100,42,0,9,0,3,0
255200,45,0,8,0,5,0
255300,47,0,7,0,4,0
255400,46,0,9,0,4,0
255500,47,1,13,0,12,1
255600,45,0,7,0,3,0
255700,43,0,7,0,4,0
255800,27,0,4,0,1,0
255900,57,0,4,0,3,0
256000,53,0,4,0,5,0
256100,71,0,4,0,7,0
256200,56,0,5,0,5,0
256300,53,0,7,0,3,0
256400,35,0,1,0,1,0
256500,16,0,2,0,0,0
256600,58,0,3,0,5,0
256700,60,0,9,0,6,0
256800,60,0,6,0,4,0
256900,51,0,6,0,3,0
257000,51,0,6,0,5,0
257100,29,0,1,0,2,0
257200,25,0,0,0,2,0
257300,5,0,1,0,1,0
257400,22,0,4,0,2,0
257500,63,0,8,0,11,0
257600,63,0,4,0,4,0
257700,53,0,3,0,5,0
257800,45,0,6,0,6,0
257900,33,0,4,0,5,0
258000,53,0,4,0,4,0
258100,45,0,9,0,3,0
258200,29,0,4,0,3,0
258300,67,0,9,0,3,0
258400,52,1,10,0,6,1
258500,69,0,4,0,2,0
258600,52,0,7,0,5,0
258700,56,0,5,0,4,0
258800,46,0,8,0,7,0
258900,38,0,10,0,3,0
259000,21,0,6,0,0,0
259100,70,1,3,0,4,1
259200,61,0,3,0,7,0
259300,41,0,8,0,3,0
259400,62,0,11,0,2,0
259500,34,0,5,0,6,0
259600,45,0,6,0,8,0
259700,10,0,1,0,0,0
259800,2,0,1,0,0,0
259900,30,0,8,0,3,0
260000,52,0,11,0,5,0
260100,49,0,4,0,2,0
260200,72,0,5,0,3,0
260300,41,0,5,0,3,0
260400,51,0,8,0,2,0
260500,39,0,4,0,3,0
260600,53,0,7,0,5,0
260700,44,0,7,0,3,0
260800,24,0,5,0,4,0
260900,28,0,5,0,0,0
261000,62,0,6,0,1,0
261100,72,0,8,0,8,0
261200,52,0,5,0,3,0
261300,53,0,12,0,6,0
261400,56,0,7,0,3,0
261500,47,0,5,0,2,0
261600,5,0,0,0,1,0
261700,13,0,0,0,3,0
261800,62,0,7,0,6,0
261900,53,0,4,0,7,0
262000,65,0,4,0,4,0
262100,61,0,8,0,4,0
262200,58,1,8,0,7,1
262300,54,1,7,0,8,1
262400,45,0,3,0,4,0
262500,42,0,4,0,4,0
262600,34,0,8,0,3,0
262700,40,0,4,0,3,0
262800,61,0,8,0,8,0
262900,44,0,5,0,4,0
263000,57,0,5,0,5,0
263100,52,0,5,0,2,0
263200,41,0,7,0,3,0
263300,44,0,9,0,5,0
263400,27,0,2,0,6,0
263500,61,0,5,0,5,0
263600,45,0,1,0,7,0
263700,58,0,7,0,6,0
263800,54,0,13,0,5,0
263900,62,0,6,0,4,0
264000,48,0,3,0,1,0
264100,35,0,0,0,2,0
264200,45,0,11,0,2,0
264300,52,0,8,0,3,0
264400,59,0,2,0,4,0
264500,61,0,12,0,1,0
264600,49,0,6,0,6,0
264700,62,0,6,0,3,0
264800,58,0,8,0,1,0
264900,43,0,5,0,6,0
265000,48,0,9,0,3,0
265100,53,0,5,0,6,0
265200,34,0,6,0,4,0
265300,49,0,6,0,2,0
265400,38,0,7,0,5,0
265500,48,0,9,0,5,0
265600,27,0,3,0,1,0
265700,35,0,5,0,2,0
265800,59,0,9,0,3,0
265900,66,0,5,0,2,0
266000,48,0,9,0,3,0
266100,59,0,5,0,4,0
266200,37,0,5,0,3,0
266300,57,0,7,0,1,0
266400,14,0,1,0,0,0
266500,42,0,5,0,2,0
266600,59,0,4,0,4,0
266700,41,0,4,0,7,0
266800,36,0,2,0,3,0
266900,36,0,9,0,6,0
267000,35,0,3,0,1,0
267100,32,0,5,0,6,0
267200,20,0,3,0,2,0
267300,56,0,7,0,3,0
267400,49,0,15,0,3,0
267500,52,0,3,0,4,0
267600,59,0,3,0,4,0
267700,41,0,3,0,4,0
267800,50,0,3,0,4,0
267900,55,0,6,0,4,0
268000,16,0,0,0,1,0
268100,49,0,4,0,7,0
268200,68,0,6,0,1,0
268300,56,0,12,0,2,0
268400,57,0,4,0,5,0
268500,60,0,5,0,4,0
268600,40,0,8,0,4,0
268700,36,0,4,0,7,0
268800,52,0,3,0,5,0
268900,35,0,6,0,3,0
269000,39,0,4,0,5,0
269100,67,0,11,0,5,0
269200,59,0,3,0,4,0
269300,52,1,7,0,2,1
269400,52,0,8,0,3,0
269500,51,0,4,0,3,0
269600,50,0,1,0,4,0
269700,22,0,6,0,2,0
269800,66,0,5,0,6,0
269900,63,0,6,0,4,0
270000,50,0,4,0,2,0
270100,48,0,7,0,6,0
270200,40,0,5,0,3,0
270300,52,0,3,0,5,0
270400,39,0,7,0,4,0
270500,32,0,3,0,3,0
270600,24,0,2,0,3,0
270700,63,0,11,0,4,0
270800,57,1,9,0,3,1
270900,51,0,6,0,4,0
271000,48,0,9,0,4,0
271100,36,0,5,0,1,0
271200,38,0,7,0,5,0
271300,7,0,3,0,5,0
271400,35,0,4,0,2,0
271500,77,0,6,0,5,0
271600,65,0,3,0,3,0
271700,40,0,7,0,6,0
271800,46,0,5,0,4,0
271900,41,0,3,0,5,0
272000,52,0,2,0,3,0
272100,16,0,1,0,1,0
272200,5,0,0,0,0,0
272300,51,0,3,0,5,0
272400,60,0,6,0,5,0
272500,49,0,5,0,6,0
272600,38,0,7,0,11,0
272700,45,0,8,0,7,0
272800,46,0,6,0,1,0
272900,42,0,4,0,3,0
273000,11,0,0,0,1,0
273100,52,0,9,0,7,0
273200,61,0,8,0,8,0
273300,57,0,9,0,3,0
273400,47,0,3,0,4,0
273500,36,0,0,0,4,0
273600,43,0,2,0,7,0
273700,32,0,5,0,4,0
273800,11,0,2,0,3,0
273900,9,0,0,0,0,0
274000,44,0,4,0,6,0
274100,53,0,14,0,5,0
274200,44,0,9,0,5,0
274300,46,0,9,0,4,0
274400,29,0,4,0,2,0
274500,48,0,3,0,4,0
274600,49,0,5,0,6,0
274700,32,0,4,0,3,0
274800,3,0,0,0,0,0
274900,27,0,3,0,4,0
275000,67,0,4,0,7,0
275100,45,0,7,0,5,0
275200,57,0,4,0,7,0
275300,49,0,3,0,4,0
275400,57,0,5,0,6,0
275500,64,0,4,0,1,0
275600,62,0,9,0,6,0
275700,66,0,6,0,11,0
275800,43,0,5,0,6,0
275900,21,0,1,0,1,0
276000,56,0,2,0,5,0
276100,59,0,10,0,9,0
276200,40,0,3,0,3,0
276300,59,1,0,0,6,1
276400,44,0,3,0,5,0
276500,51,0,7,0,3,0
276600,33,0,3,0,4,0
276700,14,0,2,0,0,0
276800,57,0,3,0,3,0
276900,49,0,2,0,5,0
277000,53,0,6,0,2,0
277100,58,0,2,0,6,0
277200,50,0,7,0,7,0
277300,50,0,5,0,6,0
277400,39,0,3,0,5,0
277500,23,0,2,0,0,0
277600,3,0,0,0,1,0
277700,41,0,2,0,1,0
277800,61,0,5,0,9,0
277900,62,0,9,0,10,0
278000,56,0,5,0,2,0
278100,49,0,5,0,3,0
278200,51,0,5,0,4,0
278300,51,0,8,0,5,0
278400,44,0,4,0,7,0
278500,14,0,0,0,3,0
278600,44,0,3,0,1,0
278700,59,0,6,0,7,0
278800,61,0,6,0,4,0
278900,59,0,5,0,6,0
279000,56,0,2,0,5,0
279100,46,0,6,0,7,0
279200,46,0,2,0,3,0
279300,32,0,1,0,7,0
279400,29,0,2,0,1,0
279500,56,0,2,0,5,0
279600,61,0,1,0,8,0
279700,54,0,5,0,4,0
279800,36,0,4,0,1,0
279900,40,0,4,0,5,0
280000,59,0,9,0,3,0
280100,35,0,1,0,3,0
280200,6,0,3,0,0,0
280300,67,0,7,0,6,0
280400,59,0,7,0,4,0
280500,40,0,10,0,3,0
280600,51,0,5,0,5,0
280700,36,0,5,0,5,0
280800,33,0,3,0,2,0
280900,48,1,3,0,5,1
281000,10,0,2,0,0,0
281100,37,0,4,0,5,0
281200,64,0,5,0,1,0
281300,53,0,2,0,3,0
281400,63,0,3,0,4,0
281500,56,0,2,0,7,0
281600,61,0,7,0,7,0
281700,54,0,3,0,6,0
281800,42,0,2,0,4,0
281900,67,0,1,0,5,0
282000,54,0,5,0,5,0
282100,42,0,3,0,3,0
282200,53,0,3,0,1,0
282300,54,0,6,0,2,0
282400,47,0,9,0,4,0
282500,51,0,6,0,5,0
282600,53,0,11,0,2,0
282700,41,0,8,0,5,0
282800,39,1,5,0,6,1
282900,23,0,2,0,1,0
283000,24,0,2,0,3,0
283100,50,0,6,0,7,0
283200,73,0,5,0,4,0
283300,62,0,8,0,4,0
283400,48,0,7,0,2,0
283500,39,0,3,0,0,0
283600,47,0,2,0,3,0
283700,35,0,4,0,0,0
283800,41,0,10,0,0,0
283900,52,0,2,0,6,0
284000,43,0,7,0,2,0
284100,48,0,8,0,6,0
284200,62,0,8,0,8,0
284300,40,0,8,0,5,0
284400,42,0,4,0,4,0
284500,53,0,6,0,4,0
284600,59,0,8,0,6,0
284700,49,0,4,0,5,0
284800,46,0,3,0,2,0
284900,61,0,9,0,3,0
285000,45,0,5,0,8,0
285100,57,0,9,0,4,0
285200,60,0,6,0,8,0
285300,51,1,3,0,4,1
285400,55,0,7,0,3,0
285500,58,0,4,0,3,0
285600,41,0,5,0,4,0
285700,61,0,9,0,4,0
285800,54,0,7,0,5,0
285900,64,0,8,0,6,0
286000,37,0,4,0,7,0
286100,43,0,3,0,5,0
286200,60,0,2,0,0,0
286300,24,0,3,0,3,0
286400,52,0,10,0,8,0
286500,45,0,6,0,2,0
286600,58,0,9,0,2,0
286700,39,0,7,0,5,0
286800,35,0,4,0,4,0
286900,56,0,3,0,9,0
287000,68,0,8,0,2,0
287100,60,0,9,0,3,0
287200,57,0,5,0,3,0
287300,51,0,9,0,5,0
287400,40,0,3,0,7,0
287500,32,0,3,0,6,0
287600,47,0,1,0,2,0
287700,49,0,11,0,3,0
287800,55,0,0,0,1,0
287900,38,0,8,0,2,0
288000,16,0,1,0,2,0
288100,60,0,6,0,4,0
288200,58,0,7,0,6,0
288300,50,0,4,0,3,0
288400,52,0,5,0,2,0
288500,53,0,4,0,5,0
288600,51,0,4,0,3,0
288700,40,0,4,0,12,0
288800,46,0,6,0,6,0
288900,54,0,2,0,5,0
289000,52,0,8,0,4,0
289100,47,0,6,0,4,0
289200,43,0,1,0,8,0
289300,55,0,3,0,3,0
289400,51,0,5,0,7,0
289500,42,0,8,0,5,0
289600,31,0,6,0,7,0
289700,40,0,4,0,6,0
289800,43,0,3,0,5,0
289900,66,0,9,0,6,0
290000,55,0,5,0,2,0
290100,40,1,6,0,2,1
290200,50,0,2,0,2,0
290300,47,0,9,0,2,0
290400,46,0,10,0,4,0
290500,41,0,4,0,3,0
290600,52,0,3,0,3,0
290700,51,0,6,0,7,0
290800,35,0,4,0,10,0
290900,35,0,1,0,5,0
291000,52,0,4,0,4,0
291100,52,0,11,0,3,0
291200,55,0,5,0,7,0
291300,47,0,1,0,3,0
291400,56,1,1,0,7,1
291500,48,0,5,0,6,0
291600,47,0,4,0,5,0
291700,46,0,6,0,5,0
291800,28,0,4,0,5,0
291900,58,0,2,0,3,0
292000,52,0,2,0,6,0
292100,42,0,8,0,8,0
292200,53,0,4,0,5,0
292300,50,0,1,0,7,0
292400,49,0,3,0,4,0
292500,57,0,7,0,9,0
292600,52,0,3,0,7,0
292700,53,2,2,0,7,2
292800,69,0,5,0,5,0
292900,51,0,5,0,5,0
293000,51,0,1,0,4,0
293100,45,0,4,0,2,0
293200,35,0,2,0,8,0
293300,30,0,4,0,5,0
293400,51,0,1,0,7,0
293500,43,0,3,0,4,0
293600,39,0,2,0,5,0
293700,48,0,4,0,6,0
293800,55,0,1,0,3,0
293900,55,0,2,0,8,0
294000,48,0,5,0,6,0
294100,65,0,2,0,7,0
294200,45,0,10,0,2,0
294300,49,0,3,0,4,0
294400,46,0,2,0,7,0
294500,35,0,0,0,2,0
294600,61,0,3,0,7,0
294700,73,0,4,0,6,0
294800,72,0,2,0,3,0
294900,46,0,7,0,4,0
295000,52,0,6,0,0,0
295100,52,1,7,0,6,1
295200,50,0,3,0,7,0
295300,37,0,1,0,2,0
295400,70,0,2,0,5,0
295500,63,0,7,0,5,0
295600,62,0,2,0,6,0
295700,55,0,4,0,10,0
295800,49,0,1,0,6,0
295900,56,0,4,0,3,0
296000,37,0,2,0,3,0
296100,45,0,3,0,6,0
296200,56,0,8,0,2,0
296300,51,0,2,0,3,0
296400,53,0,2,0,4,0
296500,57,0,2,0,1,0
296600,52,0,2,0,5,0
296700,64,0,6,0,2,0
296800,53,0,7,0,4,0
296900,67,0,6,0,4,0
297000,63,0,7,0,6,0
297100,46,0,2,0,3,0
297200,65,0,6,0,6,0
297300,59,0,6,0,7,0
297400,56,0,5,0,5,0
297500,58,0,3,0,1,0
297600,40,0,10,0,5,0
297700,64,0,3,0,5,0
297800,63,0,7,0,8,0
297900,51,1,5,0,4,1
298000,47,0,4,0,5,0
298100,53,0,8,0,4,0
298200,55,0,3,0,2,0
298300,65,0,7,0,5,0
298400,55,0,4,0,8,0
298500,63,0,3,0,3,0
298600,58,0,5,0,6,0
298700,73,0,4,0,8,0
298800,66,0,7,0,5,0
298900,63,0,3,0,7,0
299000,74,0,6,0,8,0
299100,61,0,4,0,7,0
299200,61,0,4,0,7,0
299300,49,0,5,0,6,0
299400,46,0,6,0,6,0
299500,64,0,2,0,4,0
299600,70,0,6,0,9,0
299700,64,1,5,0,2,1
299800,79,0,4,0,3,0
299900,57,0,3,0,1,0
300000,71,0,4,0,4,0
300100,87,0,5,0,5,0
300200,53,0,10,0,6,0
300300,40,0,2,0,2,0
300400,56,0,1,0,1,0
300500,60,0,3,0,4,0
300600,69,0,3,0,3,0
300700,62,0,5,0,13,0
300800,74,0,6,0,7,0
300900,53,0,6,0,4,0
301000,65,0,7,0,8,0
301100,53,0,7,0,4,0
301200,60,0,4,0,3,0
301300,63,0,3,0,7,0
301400,56,0,9,0,4,0
301500,45,0,5,0,8,0
301600,63,0,5,0,5,0
301700,56,0,4,0,5,0
301800,70,0,3,0,2,0
301900,59,0,8,0,7,0
302000,80,0,4,0,1,0
302100,73,0,2,0,6,0
302200,64,0,5,0,4,0
302300,67,0,4,0,7,0
302400,61,0,5,0,6,0
302500,71,0,6,0,7,0
302600,56,0,4,0,9,0
302700,65,0,5,0,8,0
302800,68,0,5,0,4,0
302900,61,0,10,0,9,0
303000,55,0,0,0,5,0
303100,78,0,6,0,4,0
303200,69,0,9,0,4,0
303300,69,0,5,0,5,0
303400,62,0,4,0,5,0
303500,72,0,3,0,7,0
303600,56,0,3,0,7,0
303700,61,0,7,0,4,0
303800,68,0,4,0,4,0
303900,72,0,6,0,11,0
304000,65,0,4,0,6,0
304100,65,0,2,0,9,0
304200,57,0,7,0,10,0
304300,81,0,7,0,4,0
304400,64,0,3,0,5,0
304500,63,0,9,0,6,0
304600,69,0,6,0,2,0
304700,75,0,2,0,6,0
304800,57,0,1,0,6,0
304900,76,0,4,0,5,0
305000,65,0,4,0,5,0
305100,70,0,6,0,7,0
305200,66,0,3,0,1,0
305300,62,0,3,0,5,0
305400,59,0,6,0,2,0
305500,76,0,4,0,3,0
305600,76,0,8,0,4,0
305700,79,0,3,0,7,0
305800,71,0,8,0,7,0
305900,72,0,5,0,8,0
306000,57,0,2,0,8,0
306100,82,0,2,0,5,0
306200,75,0,6,0,1,0
306300,66,0,3,0,2,0
306400,57,0,11,0,3,0
306500,63,0,5,0,5,0
306600,66,0,5,0,8,0
306700,62,0,4,0,4,0
306800,63,0,2,0,4,0
306900,83,0,5,0,4,0
307000,76,0,3,0,2,0
307100,77,0,7,0,5,0
307200,67,0,2,0,5,0
307300,66,0,4,0,5,0
307400,68,0,4,0,6,0
307500,66,0,4,0,5,0
307600,57,0,8,0,5,0
307700,48,0,3,0,4,0
307800,72,0,2,0,6,0
307900,60,0,7,0,5,0
308000,67,0,4,0,3,0
308100,68,0,5,0,4,0
308200,67,0,6,0,7,0
308300,68,0,7,0,8,0
308400,58,0,5,0,5,0
308500,67,0,5,0,7,0
308600,62,0,5,0,5,0
308700,72,0,6,0,8,0
308800,71,0,10,0,8,0
308900,68,0,5,0,8,0
309000,61,0,1,0,3,0
309100,50,0,7,0,7,0
309200,72,0,6,0,8,0
309300,59,0,3,0,5,0
309400,57,0,4,0,3,0
309500,51,0,4,0,5,0
309600,75,0,4,0,8,0
309700,74,0,4,0,1,0
309800,75,0,6,0,4,0
309900,58,0,1,0,5,0
310000,58,0,3,0,4,0
310100,75,0,4,0,5,0
310200,66,0,2,0,6,0
310300,68,0,3,0,8,0
310400,62,0,0,0,7,0
310500,65,0,2,0,7,0
310600,70,0,2,0,5,0
310700,70,0,3,0,6,0
310800,61,0,4,0,3,0
310900,68,0,2,0,5,0
311000,61,0,3,0,5,0
311100,76,0,5,0,2,0
311200,67,0,2,0,4,0
311300,63,0,3,0,9,0
311400,73,0,4,0,2,0
311500,82,0,4,0,1,0
311600,67,0,2,0,9,0
311700,59,0,7,0,7,0
311800,53,0,3,0,4,0
311900,63,0,4,0,2,0
312000,62,0,3,0,4,0
312100,74,0,6,0,2,0
312200,62,0,3,0,5,0
312300,63,0,6,0,3,0
312400,57,0,4,0,5,0
312500,61,1,7,0,6,1
312600,48,0,5,0,2,0
312700,67,0,6,0,6,0
312800,62,1,5,0,4,1
312900,67,0,3,0,10,0
313000,75,0,6,0,4,0
313100,67,0,5,0,3,0
313200,56,0,2,0,4,0
313300,53,0,1,0,5,0
313400,76,1,6,0,5,1
313500,78,0,3,0,5,0
313600,60,0,1,0,5,0
313700,70,0,5,0,3,0
313800,84,0,5,0,3,0
313900,66,0,8,0,3,0
314000,72,0,0,0,3,0
314100,66,0,5,0,3,0
314200,69,0,5,0,6,0
314300,54,0,6,0,6,0
314400,62,1,6,0,3,1
314500,61,0,4,0,5,0
314600,61,0,3,0,6,0
314700,59,0,4,0,3,0
314800,71,0,5,0,1,0
314900,58,0,2,0,6,0
315000,53,0,1,0,6,0
315100,76,0,2,0,10,0
315200,61,0,5,0,5,0
315300,57,0,3,0,10,0
315400,69,1,3,0,3,1
315500,58,0,5,0,3,0
315600,73,0,2,0,6,0
315700,63,1,1,0,5,1
315800,70,0,2,0,6,0
315900,63,0,4,0,4,0
316000,66,0,4,0,5,0
316100,67,0,4,0,7,0
316200,81,0,3,0,7,0
316300,75,0,4,0,6,0
316400,79,0,6,0,2,0
316500,58,0,4,0,6,0
316600,76,0,3,0,2,0
316700,64,0,3,0,5,0
316800,66,0,5,0,6,0
316900,74,0,6,0,4,0
317000,66,0,3,0,2,0
317100,69,0,1,0,5,0
317200,62,0,2,0,3,0
317300,62,0,3,0,4,0
317400,59,0,4,0,6,0
317500,83,0,1,0,8,0
317600,58,0,2,0,6,0
317700,65,0,1,0,5,0
317800,71,0,3,0,5,0
317900,63,0,4,0,9,0
318000,64,0,2,0,6,0
318100,55,0,4,0,5,0
318200,58,0,1,0,1,0
318300,68,0,5,0,0,0
318400,71,1,3,0,6,1
318500,63,0,1,0,6,0
318600,72,0,2,0,5,0
318700,64,1,3,0,4,1
318800,67,0,7,0,6,0
318900,69,0,2,0,2,0
319000,64,0,3,0,4,0
319100,70,0,2,0,5,0
319200,71,0,2,0,9,0
319300,51,0,2,0,6,0
319400,62,0,4,0,6,0
319500,74,0,3,0,4,0
319600,56,0,3,0,7,0
319700,72,0,4,0,6,0
319800,73,0,4,0,8,0
319900,59,0,2,0,10,0
320000,68,0,6,0,2,0
320100,63,0,8,0,4,0
320200,63,0,5,0,5,0
320300,68,0,10,0,6,0
320400,53,0,2,0,7,0
320500,67,0,3,0,9,0
320600,51,0,3,0,10,0
320700,68,0,5,0,8,0
320800,73,0,2,0,5,0
320900,80,1,4,0,6,1
321000,80,0,4,0,7,0
321100,54,0,1,0,7,0
321200,69,0,4,0,1,0
321300,54,0,2,0,5,0
321400,54,0,3,0,4,0
321500,79,0,3,0,3,0
321600,59,0,1,0,3,0
321700,61,0,2,0,8,0
321800,66,0,2,0,6,0
321900,64,0,1,0,4,0
322000,80,0,3,0,4,0
322100,63,0,1,0,4,0
322200,71,0,4,0,8,0
322300,59,0,5,0,3,0
322400,85,0,2,0,2,0
322500,58,0,2,0,9,0
322600,74,0,0,0,5,0
322700,61,0,3,0,6,0
322800,61,0,3,0,6,0
322900,69,0,3,0,1,0
323000,59,0,3,0,4,0
323100,76,0,3,0,3,0
323200,68,0,3,0,5,0
323300,65,0,3,0,1,0
323400,76,0,2,0,5,0
323500,81,0,5,0,8,0
323600,59,0,4,0,7,0
323700,61,0,1,0,5,0
323800,76,0,4,0,5,0
323900,80,0,2,0,0,0
324000,70,0,6,0,3,0
324100,71,0,0,0,1,0
324200,63,0,1,0,2,0
324300,72,0,3,0,0,0
324400,72,0,1,0,4,0
324500,78,0,1,0,7,0
324600,79,0,3,0,9,0
324700,73,0,4,0,4,0
324800,68,0,2,0,4,0
324900,69,0,3,0,3,0
325000,61,0,5,0,5,0
325100,60,0,1,0,5,0
325200,81,0,2,0,4,0
325300,70,0,1,0,5,0
325400,73,0,3,0,3,0
325500,75,0,0,0,5,0
325600,75,0,8,0,3,0
325700,68,1,3,0,2,1
325800,72,0,2,0,3,0
325900,80,1,3,0,0,1
326000,81,0,5,0,1,0
326100,55,0,2,0,9,0
326200,59,0,3,0,8,0
326300,67,0,2,0,2,0
326400,64,0,3,0,4,0
326500,64,0,4,0,5,0
326600,77,0,6,0,4,0
326700,69,0,2,0,2,0
326800,67,0,3,0,6,0
326900,65,0,2,0,4,0
327000,71,0,6,0,2,0
327100,72,0,1,0,1,0
327200,63,0,5,0,4,0
327300,65,0,2,0,11,0
327400,68,0,6,0,7,0
327500,65,0,3,0,12,0
327600,79,1,6,0,3,1
327700,58,0,1,0,6,0
327800,61,0,4,0,5,0
327900,74,0,4,0,6,0
328000,69,0,4,0,7,0
328100,55,0,6,0,5,0
328200,59,0,3,0,7,0
328300,68,0,3,0,5,0
328400,68,0,4,0,9,0
328500,64,1,2,0,6,1
328600,57,0,5,0,3,0
328700,66,0,5,0,4,0
328800,78,0,2,0,6,0
328900,65,0,1,0,5,0
329000,67,0,3,0,7,0
329100,67,0,1,0,2,0
329200,48,0,5,0,6,0
329300,58,0,1,0,5,0
329400,79,0,8,0,6,0
329500,74,0,5,0,4,0
329600,70,0,2,0,6,0
329700,65,0,6,0,5,0
329800,66,0,1,0,6,0
329900,68,0,5,0,1,0
330000,68,0,4,0,6,0
330100,54,0,6,0,5,0
330200,67,0,5,0,4,0
330300,56,0,3,0,7,0
330400,74,0,2,0,4,0
330500,60,0,7,0,7,0
330600,56,0,1,0,6,0
330700,59,0,1,0,12,0
330800,64,0,2,0,3,0
330900,72,0,5,0,7,0
331000,74,0,5,0,6,0
331100,65,0,4,0,7,0
331200,63,0,1,0,4,0
331300,72,0,2,0,3,0
331400,56,0,4,0,2,0
331500,70,0,4,0,5,0
331600,64,0,3,0,2,0
331700,78,0,2,0,5,0
331800,63,0,4,0,7,0
331900,68,0,2,0,1,0
332000,65,0,3,0,5,0
332100,61,0,2,0,7,0
332200,51,0,3,0,6,0
332300,68,0,4,0,5,0
332400,72,0,3,0,7,0
332500,66,0,0,0,3,0
332600,65,0,1,0,5,0
332700,67,0,5,0,9,0
332800,72,0,4,0,6,0
332900,58,0,8,0,3,0
333000,75,0,6,0,4,0
333100,58,0,4,0,3,0
333200,56,0,6,0,7,0
333300,60,0,5,0,7,0
333400,62,0,2,0,6,0
333500,49,0,5,0,5,0
333600,67,0,3,0,5,0
333700,62,0,5,0,0,0
333800,76,0,2,0,8,0
333900,67,0,5,0,4,0
334000,68,0,2,0,5,0
334100,78,0,2,0,4,0
334200,64,0,1,0,4,0
334300,60,0,5,0,4,0
334400,66,0,4,0,5,0
334500,60,0,2,0,3,0
334600,69,0,1,0,9,0
334700,66,0,2,0,5,0
334800,75,0,2,0,3,0
334900,61,0,4,0,6,0
335000,67,0,3,0,9,0
335100,67,0,4,0,4,0
335200,60,0,4,0,3,0
335300,65,0,1,0,5,0
335400,70,0,2,0,5,0
335500,63,0,1,0,6,0
335600,58,0,4,0,7,0
335700,81,0,1,0,3,0
335800,74,0,5,0,4,0
335900,65,0,5,0,6,0
336000,78,0,1,0,2,0
336100,56,0,2,0,6,0
336200,69,1,3,0,10,1
336300,73,0,4,0,8,0
336400,74,0,5,0,6,0
336500,57,0,2,0,5,0
336600,60,0,4,0,2,0
336700,61,0,4,0,7,0
336800,78,0,3,0,5,0
336900,58,1,0,0,3,1
337000,58,0,2,0,7,0
337100,61,0,2,0,5,0
337200,59,0,3,0,6,0
337300,70,0,7,0,4,0
337400,65,0,0,0,5,0
337500,59,0,3,0,6,0
337600,55,0,6,0,6,0
337700,67,0,1,0,2,0
337800,61,0,5,0,5,0
337900,50,0,1,0,1,0
338000,77,0,2,0,2,0
338100,62,0,1,0,4,0
338200,71,0,3,0,5,0
338300,54,0,4,0,5,0
338400,69,0,4,0,8,0
338500,68,0,2,0,4,0
338600,63,0,3,0,5,0
338700,65,0,3,0,4,0
338800,59,0,4,0,8,0
338900,66,0,5,0,6,0
339000,47,0,5,0,3,0
339100,60,0,6,0,5,0
339200,66,0,4,0,1,0
339300,66,0,4,0,6,0
339400,57,0,0,0,2,0
339500,70,0,1,0,7,0
339600,71,0,6,0,7,0
339700,61,0,3,0,7,0
339800,58,0,2,0,3,0
339900,55,0,4,0,6,0
340000,56,0,2,0,6,0
340100,47,0,2,0,6,0
340200,80,0,2,0,7,0
340300,67,0,2,0,4,0
340400,63,0,5,0,4,0
340500,73,0,2,0,4,0
340600,58,0,6,0,7,0
340700,73,0,3,0,13,0
340800,63,0,5,0,8,0
340900,61,0,1,0,7,0
341000,74,0,4,0,6,0
341100,58,0,2,0,6,0
341200,56,0,0,0,4,0
341300,53,0,2,0,3,0
341400,62,0,4,0,3,0
341500,80,0,3,0,8,0
341600,63,0,4,0,4,0
341700,65,0,2,0,2,0
341800,74,0,4,0,11,0
341900,62,0,5,0,3,0
342000,57,1,2,0,9,1
342100,63,0,2,0,8,0
342200,61,0,2,0,9,0
342300,70,0,4,0,2,0
342400,71,0,2,0,8,0
342500,62,0,1,0,4,0
342600,62,0,1,0,5,0
342700,66,0,4,0,7,0
342800,80,0,1,0,5,0
342900,61,0,3,0,3,0
343000,56,0,1,0,6,0
343100,71,0,4,0,7,0
343200,68,0,2,0,8,0
343300,65,0,2,0,9,0
343400,59,0,6,0,6,0
343500,68,0,3,0,5,0
343600,60,1,4,0,3,1
343700,59,0,2,0,8,0
343800,62,0,5,0,3,0
343900,55,0,1,0,6,0
344000,69,0,1,0,2,0
344100,73,0,3,0,5,0
344200,53,0,6,0,9,0
344300,76,0,3,0,2,0
344400,67,0,0,0,5,0
344500,63,0,1,0,5,0
344600,68,0,4,0,6,0
344700,60,0,1,0,4,0
344800,52,0,3,0,2,0
344900,78,0,3,0,4,0
345000,75,0,3,0,7,0
345100,70,0,1,0,2,0
345200,67,0,2,0,8,0
345300,70,0,3,0,6,0
345400,76,0,3,0,7,0
345500,69,0,7,0,4,0
345600,77,1,3,0,6,1
345700,60,0,2,0,8,0
345800,65,0,5,0,6,0
345900,72,0,2,0,5,0
346000,64,0,5,0,5,0
346100,80,0,3,0,4,0
346200,74,0,3,0,2,0
346300,63,0,1,0,5,0
346400,57,0,4,0,4,0
346500,60,0,3,0,6,0
346600,67,0,1,0,6,0
346700,66,0,4,0,9,0
346800,55,0,1,0,7,0
346900,57,0,3,0,5,0
347000,79,0,2,0,7,0
347100,58,0,4,0,7,0
347200,66,0,0,0,5,0
347300,70,0,1,0,3,0
347400,66,0,1,0,9,0
347500,76,0,1,0,4,0
347600,54,0,1,0,8,0
347700,62,0,2,0,7,0
347800,47,0,2,0,4,0
347900,71,0,2,0,3,0
348000,78,0,4,0,4,0
348100,48,0,2,0,7,0
348200,73,0,3,0,6,0
348300,76,0,2,0,7,0
348400,71,0,3,0,8,0
348500,62,0,5,0,13,0
348600,78,0,3,0,6,0
348700,88,0,2,0,6,0
348800,72,0,1,0,1,0
348900,65,0,2,0,6,0
349000,62,0,4,0,8,0
349100,64,0,2,0,1,0
349200,61,0,4,0,11,0
349300,62,0,0,0,6,0
349400,73,0,1,0,6,0
349500,62,0,1,0,6,0
349600,59,0,0,0,8,0
349700,62,0,2,0,3,0
349800,69,0,1,0,3,0
349900,77,0,0,0,1,0
350000,65,0,4,0,9,0
350100,57,0,3,0,6,0
350200,69,0,3,0,7,0
350300,75,0,4,0,5,0
350400,69,0,4,0,9,0
350500,70,0,3,0,5,0
350600,67,0,3,0,6,0
350700,67,0,2,0,5,0
350800,72,0,4,0,4,0
350900,58,0,3,0,5,0
351000,71,0,4,0,4,0
351100,68,0,3,0,6,0
351200,51,0,6,0,7,0
351300,62,0,1,0,5,0
351400,64,0,2,0,4,0
351500,59,0,4,0,5,0
351600,73,0,1,0,5,0
351700,54,0,6,0,6,0
351800,53,0,1,0,4,0
351900,58,0,3,0,5,0
352000,71,1,1,0,7,1
352100,65,1,0,0,4,1
352200,58,0,1,0,7,0
352300,63,0,6,0,5,0
352400,64,0,2,0,2,0
352500,64,0,3,0,9,0
352600,70,0,1,0,6,0
352700,75,0,2,0,3,0
352800,80,0,2,0,5,0
352900,54,0,3,0,5,0
353000,72,0,2,0,5,0
353100,61,0,5,0,6,0
353200,53,0,1,0,5,0
353300,67,0,2,0,5,0
353400,72,0,4,0,4,0
353500,58,0,0,0,5,0
353600,63,0,1,0,3,0
353700,59,0,4,0,6,0
353800,64,0,1,0,9,0
353900,73,0,1,0,2,0
354000,61,0,2,0,7,0
354100,61,0,2,0,4,0
354200,53,0,5,0,6,0
354300,63,0,2,0,4,0
354400,63,0,0,0,8,0
354500,60,0,4,0,8,0
354600,57,0,3,0,3,0
354700,47,0,0,0,6,0
354800,58,0,4,0,6,0
354900,64,0,2,0,8,0
355000,65,0,0,0,5,0
355100,61,0,8,0,7,0
355200,56,0,2,0,2,0
355300,54,0,1,0,8,0
355400,71,0,1,0,3,0
355500,57,0,3,0,4,0
355600,57,0,2,0,2,0
355700,66,0,1,0,9,0
355800,61,0,1,0,6,0
355900,68,0,5,0,7,0
356000,69,0,3,0,5,0
356100,55,0,3,0,3,0
356200,57,0,2,0,5,0
356300,66,0,1,0,7,0
356400,70,0,1,0,8,0
356500,58,1,3,0,14,1
356600,62,0,0,0,5,0
356700,65,0,3,0,2,0
356800,54,0,1,0,3,0
356900,71,0,5,0,5,0
357000,60,0,1,0,4,0
357100,61,0,3,0,1,0
357200,57,0,1,0,6,0
357300,47,0,4,0,5,0
357400,68,0,3,0,0,0
357500,67,0,0,0,7,0
357600,55,0,2,0,5,0
357700,73,0,4,0,5,0
357800,59,0,3,0,7,0
357900,55,0,2,0,3,0
358000,67,0,1,0,4,0
358100,63,0,2,0,8,0
358200,67,0,5,0,7,0
358300,55,0,2,0,5,0
358400,71,0,1,0,5,0
358500,79,0,1,0,6,0
358600,57,0,1,0,8,0
358700,62,0,2,0,8,0
358800,53,0,3,0,6,0
358900,64,0,1,0,4,0
359000,53,0,1,0,6,0
359100,71,0,2,0,5,0
359200,77,0,1,0,2,0
359300,72,0,3,0,8,0
359400,52,0,5,0,6,0
359500,56,0,1,0,7,0
359600,62,0,5,0,7,0
359700,84,1,1,0,7,1
359800,51,0,3,0,5,0
359900,57,0,3,0,5,0
360000,70,0,2,0,6,0
360100,56,0,0,0,3,0
360200,69,0,3,0,6,0
360300,71,0,2,0,4,0
360400,53,0,3,0,2,0
360500,54,0,1,0,6,0
360600,62,0,2,0,3,0
360700,63,0,6,0,4,0
360800,70,0,2,0,7,0
360900,67,0,2,0,5,0
361000,62,0,0,0,6,0
361100,54,0,2,0,3,0
361200,59,0,4,0,2,0
361300,54,0,2,0,6,0
361400,63,0,1,0,6,0
361500,66,0,2,0,4,0
361600,57,0,5,0,8,0
361700,72,0,2,0,5,0
361800,66,0,1,0,4,0
361900,70,0,0,0,4,0
362000,74,0,4,0,1,0
362100,60,0,1,0,7,0
362200,65,0,2,0,6,0
362300,57,0,0,0,6,0
362400,57,0,0,0,6,0
362500,70,0,3,0,3,0
362600,61,0,2,0,5,0
362700,64,0,1,0,7,0
362800,53,0,0,0,6,0
362900,64,0,1,0,7,0
363000,58,0,1,0,4,0
363100,51,0,0,0,5,0
363200,57,0,1,0,7,0
363300,47,0,5,0,6,0
363400,58,0,2,0,3,0
363500,54,0,1,0,7,0
363600,68,0,0,0,2,0
363700,66,0,2,0,5,0
363800,61,0,3,0,4,0
363900,60,0,1,0,2,0
364000,63,0,4,0,5,0
364100,54,0,1,0,4,0
364200,67,0,2,0,2,0
364300,58,0,1,0,3,0
364400,48,0,0,0,2,0
364500,67,0,1,0,5,0
364600,57,0,0,0,11,0
364700,47,0,2,0,6,0
364800,59,0,1,0,7,0
364900,46,0,0,0,1,0
365000,57,0,2,0,4,0
365100,64,0,1,0,8,0
365200,56,0,1,0,5,0
365300,61,0,2,0,2,0
365400,42,0,4,0,5,0
365500,65,0,1,0,6,0
365600,60,0,2,0,3,0
365700,66,0,3,0,6,0
365800,54,0,3,0,5,0
365900,62,0,1,0,5,0
366000,60,0,3,0,4,0
366100,62,0,4,0,3,0
366200,62,0,3,0,3,0
366300,53,0,3,0,5,0
366400,55,0,3,0,5,0
366500,62,0,3,0,5,0
366600,59,0,0,0,3,0
366700,68,0,3,0,6,0
366800,52,0,2,0,2,0
366900,63,0,4,0,1,0
367000,53,0,1,0,5,0
367100,66,0,3,0,4,0
367200,54,0,2,0,5,0
367300,51,0,3,0,8,0
367400,61,0,2,0,2,0
367500,60,0,5,0,4,0
367600,65,0,1,0,4,0
367700,61,0,1,0,4,0
367800,54,0,4,0,4,0
367900,55,0,1,0,5,0
368000,55,0,1,0,2,0
368100,63,0,2,0,5,0
368200,58,0,0,0,6,0
368300,44,0,3,0,4,0
368400,60,0,3,0,4,0
368500,63,0,3,0,3,0
368600,41,1,0,0,6,1
368700,61,0,3,0,8,0
368800,46,0,1,0,9,0
368900,52,0,1,0,5,0
369000,57,0,2,0,2,0
369100,55,0,0,0,4,0
369200,62,0,2,0,4,0
369300,51,0,1,0,1,0
369400,56,0,1,0,5,0
369500,55,0,3,0,4,0
369600,55,0,1,0,6,0
369700,50,0,6,0,6,0
369800,52,0,1,0,9,0
369900,65,0,2,0,2,0
370000,48,0,3,0,4,0
370100,58,0,2,0,4,0
370200,51,0,1,0,9,0
370300,53,0,3,0,7,0
370400,56,0,1,0,4,0
370500,46,0,1,0,4,0
370600,50,0,3,0,1,0
370700,44,0,4,0,4,0
370800,60,0,1,0,5,0
370900,53,1,4,0,4,1
371000,55,0,3,0,1,0
371100,65,0,0,0,4,0
371200,46,0,4,0,3,0
371300,61,0,1,0,6,0
371400,61,0,0,0,3,0
371500,43,0,2,0,2,0
371600,55,0,2,0,4,0
371700,47,0,2,0,4,0
371800,67,0,3,0,3,0
371900,44,0,0,0,1,0
372000,57,0,5,0,6,0
372100,58,0,2,0,6,0
372200,49,0,2,0,3,0
372300,51,0,0,0,6,0
372400,53,0,1,0,5,0
372500,36,0,2,0,4,0
372600,58,0,2,0,5,0
372700,41,0,5,0,7,0
372800,46,0,6,0,7,0
372900,59,0,1,0,7,0
373000,52,0,2,0,2,0
373100,55,0,3,0,3,0
373200,49,0,3,0,2,0
373300,66,0,1,0,2,0
373400,57,0,1,0,10,0
373500,42,0,2,0,6,0
373600,54,0,2,0,2,0
373700,56,0,1,0,6,0
373800,49,0,3,0,7,0
373900,55,0,1,0,4,0
374000,46,0,2,0,7,0
374100,47,0,3,0,2,0
374200,62,0,0,0,6,0
374300,46,0,3,0,5,0
374400,48,0,4,0,4,0
374500,64,0,1,0,5,0
374600,62,0,8,0,5,0
374700,47,0,5,0,2,0
374800,47,0,1,0,3,0
374900,53,0,1,0,4,0
375000,65,0,2,0,2,0
375100,47,0,2,0,2,0
375200,52,0,1,0,6,0
375300,62,0,0,0,4,0
375400,61,0,0,0,2,0
375500,53,0,2,0,5,0
375600,46,0,4,0,7,0
375700,60,0,1,0,3,0
375800,52,0,4,0,6,0
375900,35,0,5,0,3,0
376000,51,0,0,0,6,0
376100,50,0,4,0,2,0
376200,65,0,6,0,5,0
376300,54,0,2,0,7,0
376400,55,0,3,0,3,0
376500,54,0,1,0,4,0
376600,42,0,1,0,4,0
376700,61,0,2,0,4,0
376800,59,0,3,0,4,0
376900,43,0,2,0,3,0
377000,61,0,3,0,3,0
377100,44,0,1,0,4,0
377200,64,0,1,0,5,0
377300,56,0,2,0,6,0
377400,44,0,2,0,6,0
377500,50,0,2,0,4,0
377600,52,0,0,0,8,0
377700,56,0,1,0,4,0
377800,38,0,1,0,8,0
377900,64,0,1,0,3,0
378000,46,0,3,0,3,0
378100,45,0,3,0,4,0
378200,52,0,1,0,0,0
378300,53,0,5,0,3,0
378400,46,0,2,0,2,0
378500,58,0,2,0,6,0
378600,45,0,0,0,4,0
378700,44,0,3,0,3,0
378800,59,0,1,0,10,0
378900,40,0,4,0,4,0
379000,63,0,1,0,4,0
379100,49,0,3,0,5,0
379200,50,0,0,0,4,0
379300,60,0,1,0,6,0
379400,48,0,3,0,5,0
379500,62,0,3,0,2,0
379600,52,0,2,0,10,0
379700,29,0,1,0,8,0
379800,45,0,1,0,5,0
379900,51,0,1,0,5,0
380000,62,0,2,0,7,0
380100,63,0,4,0,6,0
380200,63,0,2,0,3,0
380300,53,0,3,0,3,0
380400,40,0,2,0,1,0
380500,54,0,2,0,5,0
380600,48,0,3,0,3,0
380700,51,0,1,0,4,0
380800,58,0,1,0,8,0
380900,52,0,2,0,7,0
381000,49,0,3,0,4,0
381100,60,0,2,0,1,0
381200,50,0,4,0,5,0
381300,44,0,1,0,3,0
381400,49,0,4,0,5,0
381500,40,0,0,0,0,0
381600,57,0,1,0,5,0
381700,50,0,1,0,2,0
381800,43,0,1,0,3,0
381900,35,0,1,0,3,0
382000,45,0,0,0,5,0
382100,48,0,6,0,6,0
382200,59,0,4,0,1,0
382300,41,0,1,0,9,0
382400,55,0,1,0,5,0
382500,47,0,3,0,2,0
382600,52,0,2,0,6,0
382700,47,0,4,0,8,0
382800,52,0,3,0,8,0
382900,51,0,2,0,6,0
383000,56,0,2,0,3,0
383100,53,0,1,0,4,0
383200,34,0,4,0,5,0
383300,51,0,3,0,3,0
383400,44,0,0,0,3,0
383500,36,0,0,0,5,0
383600,62,0,5,0,4,0
383700,40,0,2,0,6,0
383800,50,0,3,0,8,0
383900,56,0,0,0,6,0
384000,42,0,2,0,4,0
384100,38,0,2,0,7,0
384200,50,0,2,0,5,0
384300,45,0,2,0,5,0
384400,48,0,4,0,6,0
384500,53,0,5,0,7,0
384600,38,0,2,0,4,0
384700,48,0,3,0,5,0
384800,32,0,1,0,3,0
384900,37,0,1,0,3,0
385000,48,0,1,0,4,0
385100,35,0,3,0,8,0
385200,31,0,4,0,6,0
385300,40,1,3,0,6,1
385400,56,0,1,0,5,0
385500,52,0,4,0,6,0
385600,30,0,1,0,3,0
385700,37,0,2,0,8,0
385800,40,0,0,0,4,0
385900,44,0,0,0,3,0
386000,50,0,3,0,5,0
386100,47,0,3,0,7,0
386200,52,0,4,0,5,0
386300,50,0,2,0,3,0
386400,39,0,0,0,3,0
386500,37,0,3,0,2,0
386600,49,0,2,0,3,0
386700,39,0,1,0,4,0
386800,41,0,4,0,10,0
386900,45,0,5,0,4,0
387000,50,0,0,0,4,0
387100,39,0,2,0,6,0
387200,42,0,3,0,4,0
387300,44,0,3,0,6,0
387400,30,0,1,0,1,0
387500,48,0,4,0,4,0
387600,48,0,3,0,5,0
387700,53,0,3,0,7,0
387800,38,0,0,0,10,0
387900,43,0,2,0,6,0
388000,52,0,1,0,4,0
388100,54,0,0,0,4,0
388200,51,0,2,0,4,0
388300,48,0,4,0,4,0
388400,54,0,2,0,4,0
388500,31,0,3,0,10,0
388600,46,0,1,0,7,0
388700,46,0,0,0,5,0
388800,45,0,3,0,9,0
388900,45,0,1,0,3,0
389000,51,0,0,0,5,0
389100,42,0,2,0,4,0
389200,40,0,4,0,6,0
389300,40,0,2,0,8,0
389400,46,0,1,0,8,0
389500,48,0,4,0,9,0
389600,47,0,3,0,8,0
389700,44,0,0,0,8,0
389800,41,0,3,0,6,0
389900,46,0,2,0,3,0
390000,48,0,1,0,3,0
390100,41,0,0,0,3,0
390200,48,0,3,0,4,0
390300,51,0,2,0,6,0
390400,48,0,3,0,2,0
390500,50,0,2,0,3,0
390600,40,0,3,0,3,0
390700,39,0,4,0,5,0
390800,39,0,4,0,3,0
390900,40,0,2,0,2,0
391000,50,0,4,0,6,0
391100,55,0,7,0,5,0
391200,53,0,3,0,6,0
391300,45,0,6,0,6,0
391400,36,0,1,0,1,0
391500,45,0,0,0,4,0
391600,48,0,1,0,1,0
391700,43,0,4,0,4,0
391800,39,0,2,0,4,0
391900,54,0,3,0,5,0
392000,51,0,6,0,9,0
392100,54,0,2,0,2,0
392200,34,0,0,0,4,0
392300,42,0,5,0,3,0
392400,35,0,2,0,5,0
392500,46,0,1,0,8,0
392600,62,0,3,0,4,0
392700,34,0,2,0,5,0
392800,36,0,2,0,2,0
392900,46,0,3,0,1,0
393000,47,0,6,0,5,0
393100,39,0,3,0,11,0
393200,26,0,2,0,6,0
393300,43,0,0,0,6,0
393400,42,0,2,0,5,0
393500,45,0,3,0,10,0
393600,33,0,3,0,8,0
393700,41,0,0,0,7,0
393800,38,0,1,0,5,0
393900,32,0,2,0,5,0
394000,41,0,1,0,5,0
394100,55,0,0,0,8,0
394200,32,0,2,0,5,0
394300,42,0,0,0,11,0
394400,42,0,2,0,1,0
394500,45,0,2,0,6,0
394600,32,0,2,0,6,0
394700,52,0,0,0,6,0
394800,48,0,4,0,4,0
394900,49,0,2,0,0,0
395000,39,0,2,0,2,0
395100,35,0,4,0,5,0
395200,55,0,2,0,4,0
395300,45,0,4,0,8,0
395400,34,0,2,0,4,0
395500,49,0,3,0,7,0
395600,39,0,1,0,5,0
395700,53,0,3,0,2,0
395800,37,0,3,0,4,0
395900,35,0,0,0,5,0
396000,46,0,0,0,6,0
396100,36,0,2,0,5,0
396200,39,0,2,0,6,0
396300,36,0,2,0,8,0
396400,38,0,4,0,3,0
396500,36,0,4,0,4,0
396600,46,0,1,0,6,0
396700,31,0,3,0,3,0
396800,46,0,2,0,5,0
396900,44,0,2,0,7,0
397000,37,0,3,0,3,0
397100,44,0,1,0,5,0
397200,48,0,1,0,5,0
397300,41,0,0,0,1,0
397400,40,0,0,0,7,0
397500,32,0,4,0,5,0
397600,37,0,4,0,8,0
397700,49,0,2,0,5,0
397800,42,0,0,0,8,0
397900,35,0,2,0,11,0
398000,49,0,2,0,4,0
398100,38,0,1,0,6,0
398200,28,0,2,0,3,0
398300,44,0,1,0,5,0
398400,51,0,2,0,5,0
398500,35,0,3,0,7,0
398600,45,0,2,0,4,0
398700,38,0,2,0,4,0
398800,42,0,2,0,7,0
398900,41,0,2,0,4,0
399000,38,0,2,0,2,0
399100,35,0,0,0,6,0
399200,36,0,4,0,11,0
399300,42,0,4,0,3,0
399400,41,0,2,0,9,0
399500,27,0,4,0,5,0
399600,44,0,4,0,7,0
399700,36,0,6,0,6,0
399800,32,0,3,0,6,0
399900,36,0,4,0,6,0
400000,43,0,2,0,4,0
400100,44,0,2,0,3,0
400200,46,0,4,0,7,0
400300,41,0,1,0,4,0
400400,42,0,2,0,6,0
400500,45,0,4,0,5,0
400600,47,0,2,0,3,0
400700,52,0,2,0,4,0
400800,39,0,1,0,5,0
400900,40,0,1,0,6,0
401000,40,0,1,0,6,0
401100,49,0,6,0,3,0
401200,42,0,2,0,5,0
401300,52,0,2,0,11,0
401400,56,0,1,0,2,0
401500,36,0,0,0,5,0
401600,37,0,0,0,1,0
401700,35,0,3,0,9,0
401800,47,0,3,0,9,0
401900,40,0,2,0,7,0
402000,35,0,1,0,5,0
402100,42,0,3,0,3,0
402200,47,0,2,0,4,0
402300,50,0,0,0,11,0
402400,50,0,3,0,7,0
402500,45,0,0,0,4,0
402600,45,0,3,0,7,0
402700,32,0,2,0,7,0
402800,53,0,1,0,4,0
402900,49,0,1,0,6,0
403000,42,0,4,0,6,0
403100,44,0,2,0,6,0
403200,31,0,0,0,2,0
403300,28,0,0,0,8,0
403400,45,0,4,0,2,0
403500,44,0,5,0,6,0
403600,45,0,0,0,3,0
403700,43,0,2,0,3,0
403800,47,0,2,0,0,0
403900,50,0,1,0,6,0
404000,42,0,2,0,2,0
404100,53,0,0,0,4,0
404200,44,0,1,0,10,0
404300,43,0,2,0,4,0
404400,42,0,0,0,4,0
404500,44,0,3,0,5,0
404600,53,0,1,0,9,0
404700,52,0,5,0,3,0
404800,41,0,2,0,10,0
404900,27,0,1,0,5,0
405000,36,0,3,0,4,0
405100,55,0,2,0,0,0
405200,38,0,3,0,7,0
405300,41,0,3,0,6,0
405400,28,0,2,0,6,0
405500,42,0,5,0,10,0
405600,43,0,2,0,5,0
405700,37,0,1,0,6,0
405800,40,0,2,0,3,0
405900,43,0,1,0,5,0
406000,44,0,2,0,4,0
406100,41,0,1,0,10,0
406200,50,0,0,0,6,0
406300,48,0,0,0,1,0
406400,49,0,1,0,7,0
406500,52,0,4,0,3,0
406600,26,0,3,0,5,0
406700,29,0,0,0,7,0
406800,45,0,0,0,7,0
406900,48,0,0,0,5,0
407000,31,0,1,0,2,0
407100,44,0,1,0,6,0
407200,58,0,2,0,4,0
407300,37,0,2,0,4,0
407400,38,0,1,0,7,0
407500,35,0,1,0,13,0
407600,51,0,1,0,6,0
407700,29,0,1,0,4,0
407800,50,0,1,0,3,0
407900,44,0,3,0,3,0
408000,41,0,5,0,3,0
408100,40,0,2,0,3,0
408200,44,0,1,0,5,0
408300,47,0,6,0,5,0
408400,40,0,2,0,3,0
408500,40,0,2,0,4,0
408600,44,0,3,0,3,0
408700,39,0,2,0,2,0
408800,26,0,1,0,4,0
408900,39,0,3,0,3,0
409000,34,0,4,0,4,0
409100,52,0,0,0,2,0
409200,48,0,7,0,6,0
409300,47,0,2,0,4,0
409400,37,0,5,0,3,0
409500,38,0,2,0,5,0
409600,31,0,1,0,4,0
409700,45,0,2,0,4,0
409800,44,0,3,0,5,0
409900,48,0,0,0,4,0
410000,40,0,3,0,7,0
410100,37,0,2,0,9,0
410200,37,0,0,0,10,0
410300,35,0,5,0,5,0
410400,52,0,2,0,4,0
410500,39,0,2,0,6,0
410600,50,0,4,0,4,0
410700,40,0,1,0,7,0
410800,37,0,2,0,2,0
410900,31,0,2,0,7,0
411000,51,0,3,0,8,0
411100,46,0,1,0,6,0
411200,36,0,1,0,5,0
411300,38,0,0,0,8,0
411400,36,0,5,0,7,0
411500,28,0,3,0,4,0
411600,43,0,2,0,3,0
411700,43,0,4,0,6,0
411800,34,0,2,0,4,0
411900,34,0,2,0,6,0
412000,36,0,2,0,6,0
412100,43,0,1,0,7,0
412200,37,0,4,0,6,0
412300,39,0,2,0,8,0
412400,51,0,1,0,7,0
412500,38,0,1,0,6,0
412600,29,0,2,0,4,0
412700,43,0,4,0,4,0
412800,39,0,1,0,3,0
412900,36,0,4,0,4,0
413000,38,0,3,0,2,0
413100,53,0,2,0,7,0
413200,46,0,3,0,6,0
413300,26,0,4,0,2,0
413400,35,0,0,0,9,0
413500,37,0,3,0,2,0
413600,50,0,1,0,6,0
413700,29,0,2,0,3,0
413800,34,0,3,0,4,0
413900,38,0,3,0,6,0
414000,40,0,0,0,2,0
414100,33,0,3,0,2,0
414200,33,0,1,0,5,0
414300,49,0,2,0,3,0
414400,40,0,2,0,4,0
414500,24,0,2,0,7,0
414600,46,0,1,0,5,0
414700,47,0,0,0,8,0
414800,38,0,2,0,6,0
414900,31,0,3,0,2,0
415000,42,0,1,0,4,0
415100,43,0,4,0,4,0
415200,33,0,3,0,3,0
415300,51,0,4,0,9,0
415400,30,0,4,0,2,0
415500,37,0,1,0,1,0
415600,46,0,2,0,6,0
415700,34,0,2,0,7,0
415800,38,0,4,0,6,0
415900,33,0,0,0,5,0
416000,36,0,4,0,4,0
416100,34,0,3,0,5,0
416200,33,0,0,0,7,0
416300,39,0,3,0,6,0
416400,31,0,2,0,3,0
416500,41,0,2,0,7,0
416600,30,0,4,0,5,0
416700,33,0,3,0,4,0
416800,35,0,2,0,5,0
416900,28,0,3,0,4,0
417000,48,0,1,0,4,0
417100,45,0,2,0,6,0
417200,43,0,1,0,5,0
417300,29,0,1,0,3,0
417400,45,0,1,0,6,0
417500,37,0,3,0,7,0
417600,32,0,1,0,5,0
417700,41,0,4,0,3,0
417800,39,0,4,0,3,0
417900,40,0,3,0,4,0
418000,37,0,1,0,4,0
418100,36,0,2,0,5,0
418200,49,0,2,0,2,0
418300,42,0,2,0,3,0
418400,35,0,0,0,6,0
418500,41,0,6,0,3,0
418600,43,0,4,0,6,0
418700,36,0,2,0,2,0
418800,36,0,2,0,7,0
418900,43,0,3,0,8,0
419000,47,0,4,0,4,0
419100,33,0,2,0,2,0
419200,41,0,1,0,2,0
419300,42,0,3,0,7,0
419400,32,0,2,0,7,0
419500,43,0,3,0,4,0
419600,40,0,3,0,3,0
419700,34,0,2,0,8,0
419800,38,0,1,0,8,0
419900,31,0,1,0,3,0
420000,30,0,2,0,1,0
420100,42,0,1,0,7,0
420200,39,0,1,0,2,0
420300,38,0,0,0,12,0
420400,38,0,2,0,8,0
420500,39,0,0,0,2,0
420600,36,0,2,0,3,0
420700,36,0,1,0,1,0
420800,34,0,2,0,5,0
420900,42,0,3,0,5,0
421000,29,0,2,0,8,0
421100,36,0,3,0,2,0
421200,40,0,2,0,2,0
421300,42,0,5,0,6,0
421400,41,0,4,0,3,0
421500,32,0,3,0,4,0
421600,45,0,3,0,5,0
421700,39,0,1,0,6,0
421800,39,0,0,0,8,0
421900,39,0,5,0,3,0
422000,26,0,2,0,10,0
422100,48,0,3,0,3,0
422200,40,0,0,0,8,0
422300,28,0,3,0,6,0
422400,47,0,2,0,8,0
422500,37,0,4,0,9,0
422600,49,0,3,0,6,0
422700,34,0,3,0,3,0
422800,47,0,1,0,6,0
422900,47,0,0,0,2,0
423000,37,0,0,0,4,0
423100,48,0,1,0,7,0
423200,31,0,1,0,4,0
423300,39,0,1,0,3,0
423400,37,0,1,0,4,0
423500,33,0,3,0,7,0
423600,53,0,0,0,3,0
423700,47,0,1,0,7,0
423800,35,0,2,0,1,0
423900,36,0,3,0,5,0
424000,45,0,0,0,8,0
424100,39,0,0,0,5,0
424200,38,0,2,0,3,0
424300,34,0,3,0,3,0
424400,50,0,0,0,8,0
424500,49,0,1,0,5,0
424600,24,0,1,0,5,0
424700,34,0,2,0,3,0
424800,27,0,1,0,5,0
424900,35,0,3,0,4,0
425000,37,0,2,0,7,0
425100,40,0,1,0,7,0
425200,36,0,2,0,3,0
425300,37,0,2,0,8,0
425400,35,0,1,0,5,0
425500,40,0,1,0,4,0
425600,51,0,2,0,5,0
425700,47,0,1,0,4,0
425800,31,0,0,0,10,0
425900,42,0,0,0,4,0
426000,37,0,1,0,2,0
426100,34,0,2,0,6,0
426200,34,0,3,0,2,0
426300,40,0,2,0,2,0
426400,45,0,4,0,6,0
426500,46,0,1,0,7,0
426600,39,0,1,0,4,0
426700,31,0,1,0,4,0
426800,40,0,2,0,5,0
426900,38,0,0,0,10,0
427000,33,0,2,0,2,0
427100,30,0,2,0,3,0
427200,36,0,0,0,6,0
427300,43,0,2,0,1,0
427400,22,0,1,0,1,0
427500,22,0,1,0,6,0
427600,38,0,3,0,7,0
427700,38,0,2,0,7,0
427800,35,0,2,0,6,0
427900,43,0,1,0,6,0
428000,36,0,2,0,4,0
428100,28,0,2,0,5,0
428200,50,0,1,0,6,0
428300,29,0,0,0,5,0
428400,28,0,5,0,3,0
428500,40,0,2,0,5,0
428600,27,0,1,0,0,0
428700,36,0,0,0,5,0
428800,44,0,3,0,4,0
428900,39,0,3,0,3,0
429000,36,0,0,0,5,0
429100,41,0,1,0,6,0
429200,32,0,1,0,7,0
429300,29,0,3,0,7,0
429400,35,0,2,0,1,0
429500,32,0,3,0,5,0
429600,40,0,1,0,8,0
429700,18,0,5,0,3,0
429800,40,0,2,0,5,0
429900,29,0,3,0,4,0
430000,37,0,0,0,8,0
430100,30,0,1,0,3,0
430200,40,0,0,0,4,0
430300,47,0,3,0,8,0
430400,32,0,1,0,2,0
430500,39,0,3,0,2,0
430600,47,0,1,0,8,0
430700,35,0,2,0,1,0
430800,36,0,0,0,0,0
430900,30,0,1,0,4,0
431000,40,0,2,0,5,0
431100,45,0,1,0,4,0
431200,16,0,3,0,6,0
431300,41,0,2,0,4,0
431400,35,0,2,0,3,0
431500,34,0,2,0,4,0
431600,31,0,0,0,6,0
431700,29,0,1,0,1,0
431800,36,0,1,0,5,0
431900,23,0,1,0,0,0
432000,35,0,5,0,6,0
432100,29,0,1,0,7,0
432200,42,0,1,0,5,0
432300,34,0,2,0,7,0
432400,25,0,2,0,4,0
432500,37,0,3,0,2,0
432600,24,0,1,0,4,0
432700,29,0,4,0,6,0
432800,33,0,1,0,7,0
432900,39,0,2,0,7,0
433000,29,0,2,0,6,0
433100,26,0,2,0,8,0
433200,36,0,3,0,3,0
433300,37,0,0,0,5,0
433400,37,0,3,0,3,0
433500,38,0,1,0,5,0
433600,48,0,2,0,3,0
433700,34,0,4,0,6,0
433800,29,0,2,0,3,0
433900,31,0,4,0,6,0
434000,30,0,0,0,2,0
434100,44,0,0,0,4,0
434200,25,0,1,0,5,0
434300,39,0,4,0,0,0
434400,38,0,1,0,3,0
434500,42,0,3,0,6,0
434600,37,0,1,0,5,0
434700,36,0,1,0,5,0
434800,29,0,0,0,2,0
434900,42,0,1,0,3,0
435000,33,0,4,0,8,0
435100,48,0,1,0,4,0
435200,31,0,1,0,5,0
435300,37,0,1,0,6,0
435400,31,0,2,0,5,0
435500,45,0,1,0,2,0
435600,27,0,4,0,7,0
435700,27,0,2,0,5,0
435800,36,0,2,0,4,0
435900,26,0,0,0,2,0
436000,46,0,2,0,5,0
436100,32,0,0,0,5,0
436200,38,0,2,0,1,0
436300,33,0,1,0,4,0
436400,31,0,0,0,4,0
436500,38,0,4,0,5,0
436600,24,0,0,0,5,0
436700,36,0,0,0,8,0
436800,26,0,0,0,2,0
436900,31,0,1,0,7,0
437000,44,0,1,0,6,0
437100,38,0,1,0,7,0
437200,30,0,0,0,8,0
437300,31,0,1,0,5,0
437400,38,0,0,0,3,0
437500,27,0,3,0,4,0
437600,40,0,2,0,3,0
437700,33,0,0,0,6,0
437800,34,0,4,0,5,0
437900,29,0,2,0,5,0
438000,25,0,1,0,5,0
438100,42,0,1,0,2,0
438200,36,0,1,0,3,0
438300,31,0,3,0,0,0
438400,37,0,2,0,5,0
438500,31,0,1,0,1,0
438600,31,0,5,0,6,0
438700,32,0,1,0,2,0
438800,33,0,0,0,5,0
438900,36,0,0,0,4,0
439000,38,0,1,0,2,0
439100,30,0,1,0,5,0
439200,40,0,2,0,6,0
439300,29,0,2,0,5,0
439400,35,0,2,0,9,0
439500,32,0,1,0,5,0
439600,32,0,4,0,2,0
439700,47,0,1,0,4,0
439800,29,0,1,0,4,0
439900,31,0,4,0,7,0
440000,36,0,2,0,6,0
440100,36,0,1,0,6,0
440200,31,0,4,0,0,0
440300,31,0,0,0,6,0
440400,23,0,1,0,4,0
440500,26,0,0,0,2,0
440600,32,0,2,0,5,0
440700,40,0,5,0,2,0
440800,23,0,3,0,4,0
440900,32,0,2,0,2,0
441000,32,0,1,0,5,0
441100,28,0,1,0,1,0
441200,32,0,0,0,4,0
441300,25,0,0,0,2,0
441400,30,0,3,0,4,0
441500,50,0,2,0,5,0
441600,27,0,0,0,4,0
441700,23,0,4,0,7,0
441800,30,0,2,0,3,0
441900,31,0,4,0,4,0
442000,25,0,1,0,1,0
442100,31,0,2,0,6,0
442200,43,0,2,0,5,0
442300,33,0,1,0,5,0
442400,30,0,2,0,1,0
442500,43,0,5,0,7,0
442600,33,0,5,0,4,0
442700,28,0,1,0,1,0
442800,25,0,2,0,3,0
442900,31,0,2,0,3,0
443000,30,0,0,0,6,0
443100,27,0,0,0,5,0
443200,27,0,2,0,2,0
443300,38,0,1,0,3,0
443400,27,0,3,0,6,0
443500,31,0,3,0,1,0
443600,39,0,2,0,8,0
443700,37,0,0,0,2,0
443800,34,0,0,0,4,0
443900,25,0,3,0,6,0
444000,30,0,1,0,5,0
444100,29,0,1,0,3,0
444200,35,0,0,0,4,0
444300,26,0,0,0,2,0
444400,37,0,0,0,3,0
444500,28,0,0,0,5,0
444600,32,0,0,0,4,0
444700,36,0,1,0,3,0
444800,23,0,0,0,4,0
444900,27,0,1,0,8,0
445000,40,0,1,0,6,0
445100,39,0,0,0,3,0
445200,30,0,1,0,2,0
445300,29,0,1,0,9,0
445400,29,0,1,0,6,0
445500,30,0,2,0,5,0
445600,24,0,2,0,10,0
445700,37,0,2,0,3,0
445800,25,0,1,0,3,0
445900,35,0,2,0,4,0
446000,26,0,2,0,5,0
446100,32,0,2,0,5,0
446200,17,0,1,0,5,0
446300,29,0,0,0,4,0
446400,34,0,1,0,4,0
446500,34,0,1,0,3,0
446600,40,0,2,0,2,0
446700,45,0,1,0,3,0
446800,27,0,2,0,3,0
446900,28,0,2,0,7,0
447000,35,0,0,0,0,0
447100,29,0,1,0,5,0
447200,31,0,1,0,2,0
447300,34,0,2,0,3,0
447400,35,0,2,0,5,0
447500,26,0,2,0,4,0
447600,23,0,3,0,4,0
447700,30,0,2,0,4,0
447800,39,0,3,0,7,0
447900,34,0,2,0,6,0
448000,25,0,1,0,3,0
448100,35,0,3,0,3,0
448200,36,0,1,0,4,0
448300,34,0,3,0,1,0
448400,31,0,3,0,5,0
448500,27,0,1,0,5,0
448600,33,0,1,0,1,0
448700,36,0,1,0,2,0
448800,23,0,0,0,5,0
448900,25,0,1,0,10,0
449000,21,0,2,0,5,0
449100,21,0,2,0,1,0
449200,27,0,3,0,2,0
449300,18,0,1,0,8,0
449400,39,0,2,0,2,0
449500,29,0,2,0,2,0
449600,30,0,3,0,3,0
449700,33,0,3,0,2,0
449800,43,0,3,0,3,0
449900,25,0,1,0,4,0
450000,32,0,2,0,2,0
450100,43,0,0,0,3,0
450200,31,0,3,0,7,0
450300,27,0,2,0,6,0
450400,41,0,0,0,8,0
450500,35,0,0,0,6,0
450600,26,0,1,0,1,0
450700,33,0,0,0,1,0
450800,29,0,1,0,5,0
450900,41,0,2,0,3,0
451000,34,0,1,0,2,0
451100,30,0,3,0,2,0
451200,31,0,2,0,4,0
451300,27,0,2,0,2,0
451400,29,0,4,0,5,0
451500,38,0,0,0,5,0
451600,33,0,0,0,2,0
451700,23,0,0,0,4,0
451800,29,0,1,0,3,0
451900,30,0,2,0,4,0
452000,18,0,1,0,5,0
452100,30,0,2,0,5,0
452200,36,0,0,0,4,0
452300,21,0,1,0,3,0
452400,31,0,1,0,5,0
452500,43,0,0,0,6,0
452600,33,0,2,0,3,0
452700,24,0,0,0,3,0
452800,39,0,1,0,8,0
452900,41,0,0,0,5,0
453000,30,0,0,0,2,0
453100,25,0,3,0,3,0
453200,31,0,1,0,2,0
453300,22,0,0,0,4,0
453400,32,0,1,0,5,0
453500,21,0,3,0,3,0
453600,22,0,2,0,8,0
453700,30,0,1,0,1,0
453800,25,0,1,0,5,0
453900,37,0,2,0,4,0
454000,18,0,1,0,2,0
454100,22,0,3,0,7,0
454200,44,0,0,0,5,0
454300,21,0,4,0,4,0
454400,27,0,3,0,1,0
454500,37,0,0,0,8,0
454600,39,0,1,0,4,0
454700,33,0,3,0,5,0
454800,23,0,0,0,6,0
454900,31,0,2,0,5,0
455000,35,0,1,0,3,0
455100,31,0,3,0,1,0
455200,26,0,2,0,5,0
455300,27,0,3,0,11,0
455400,20,1,2,0,4,1
455500,17,0,1,0,0,0
455600,23,0,2,0,6,0
455700,22,0,3,0,3,0
455800,27,0,2,0,0,0
455900,22,0,0,0,2,0
456000,28,0,1,0,6,0
456100,23,0,1,0,4,0
456200,26,0,1,0,1,0
456300,26,0,1,0,1,0
456400,20,0,0,0,6,0
456500,38,0,3,0,1,0
456600,30,0,2,0,5,0
456700,29,0,4,0,5,0
456800,29,0,1,0,0,0
456900,28,0,1,0,5,0
457000,28,0,3,0,2,0
457100,27,0,2,0,1,0
457200,16,0,0,0,2,0
457300,37,0,0,0,8,0
457400,35,0,3,0,2,0
457500,25,0,2,0,3,0
457600,41,0,4,0,5,0
457700,42,0,0,0,0,0
457800,27,0,3,0,2,0
457900,28,0,0,0,6,0
458000,36,0,3,0,6,0
458100,27,0,2,0,0,0
458200,25,0,1,0,1,0
458300,21,0,2,0,8,0
458400,34,0,0,0,5,0
458500,31,0,1,0,3,0
458600,24,0,0,0,3,0
458700,27,0,0,0,6,0
458800,21,0,0,0,8,0
458900,23,0,1,0,4,0
459000,40,0,0,0,4,0
459100,31,0,0,0,2,0
459200,24,0,5,0,3,0
459300,32,0,1,0,3,0
459400,36,0,4,0,3,0
459500,28,0,2,0,8,0
459600,29,0,3,0,2,0
459700,30,0,2,0,4,0
459800,22,0,0,0,2,0
459900,28,0,4,0,6,0
460000,29,0,1,0,4,0
460100,23,0,2,0,2,0
460200,32,0,2,0,4,0
460300,31,0,1,0,4,0
460400,34,0,0,0,4,0
460500,28,0,2,0,5,0
460600,32,0,2,0,6,0
460700,27,0,0,0,4,0
460800,26,0,2,0,4,0
460900,27,0,2,0,0,0
461000,30,0,1,0,1,0
461100,22,0,0,0,5,0
461200,20,0,1,0,1,0
461300,32,0,0,0,4,0
461400,22,0,1,0,3,0
461500,33,0,1,0,5,0
461600,24,0,1,0,7,0
461700,30,0,1,0,5,0
461800,22,0,0,0,5,0
461900,29,0,3,0,7,0
462000,32,0,3,0,2,0
462100,27,0,0,0,3,0
462200,27,0,0,0,4,0
462300,28,0,1,0,4,0
462400,27,0,1,0,1,0
462500,22,0,0,0,3,0
462600,28,0,3,0,2,0
462700,21,0,0,0,6,0
462800,28,0,1,0,3,0
462900,25,0,2,0,1,0
463000,24,0,0,0,5,0
463100,36,0,3,0,5,0
463200,25,0,1,0,5,0
463300,20,0,0,0,4,0
463400,43,0,0,0,8,0
463500,37,0,1,0,5,0
463600,29,0,0,0,3,0
463700,29,0,0,0,3,0
463800,30,0,2,0,5,0
463900,32,0,2,0,8,0
464000,30,0,1,0,0,0
464100,25,0,2,0,9,0
464200,22,0,1,0,3,0
464300,39,0,1,0,5,0
464400,21,0,2,0,4,0
464500,25,0,0,0,2,0
464600,29,0,0,0,5,0
464700,19,0,5,0,4,0
464800,20,0,0,0,1,0
464900,24,0,1,0,2,0
465000,31,0,1,0,7,0
465100,24,1,1,0,5,1
465200,26,0,1,0,4,0
465300,23,0,1,0,1,0
465400,34,0,2,0,5,0
465500,28,0,1,0,4,0
465600,35,0,1,0,4,0
465700,29,0,0,0,3,0
465800,23,0,4,0,1,0
465900,29,0,0,0,0,0
466000,28,0,1,0,2,0
466100,35,0,1,0,7,0
466200,24,0,1,0,3,0
466300,33,0,2,0,3,0
466400,25,0,1,0,4,0
466500,32,0,4,0,4,0
466600,23,0,1,0,1,0
466700,32,0,3,0,5,0
466800,30,0,2,0,2,0
466900,28,0,1,0,6,0
467000,26,0,3,0,2,0
467100,29,0,0,0,4,0
467200,23,0,0,0,4,0
467300,28,0,2,0,3,0
467400,28,0,1,0,3,0
467500,31,0,1,0,3,0
467600,24,0,1,0,3,0
467700,39,0,0,0,3,0
467800,28,0,2,0,5,0
467900,32,0,2,0,3,0
468000,16,0,1,0,5,0
468100,25,0,0,0,5,0
468200,34,0,0,0,4,0
468300,14,0,3,0,2,0
468400,23,0,3,0,5,0
468500,23,0,1,0,4,0
468600,21,0,0,0,2,0
468700,26,0,2,0,6,0
468800,27,0,1,0,5,0
468900,26,0,1,0,3,0
469000,21,0,0,0,4,0
469100,37,0,0,0,8,0
469200,27,0,1,0,3,0
469300,26,0,0,0,0,0
469400,21,0,1,0,3,0
469500,30,0,2,0,4,0
469600,24,0,1,0,1,0
469700,27,0,2,0,2,0
469800,29,0,1,0,2,0
469900,25,0,2,0,3,0
470000,31,0,3,0,0,0
470100,27,0,0,0,5,0
470200,35,0,1,0,7,0
470300,17,0,1,0,2,0
470400,33,0,1,0,3,0
470500,26,0,2,0,5,0
470600,21,0,0,0,2,0
470700,30,0,6,0,8,0
470800,25,0,0,0,2,0
470900,18,0,0,0,1,0
471000,31,0,2,0,2,0
471100,34,0,0,0,3,0
471200,36,0,1,0,1,0
471300,19,0,1,0,5,0
471400,23,0,0,0,2,0
471500,35,0,1,0,3,0
471600,29,0,0,0,2,0
471700,28,0,0,0,2,0
471800,20,0,3,0,6,0
471900,20,0,0,0,5,0
472000,28,0,2,0,5,0
472100,32,0,0,0,1,0
472200,34,0,2,0,4,0
472300,19,0,2,0,1,0
472400,21,0,1,0,4,0
472500,17,0,4,0,4,0
472600,18,0,2,0,2,0
472700,21,0,3,0,4,0
472800,22,0,1,0,3,0
472900,24,0,0,0,2,0
473000,26,0,4,0,9,0
473100,22,0,0,0,2,0
473200,28,0,0,0,3,0
473300,16,0,1,0,3,0
473400,26,0,1,0,3,0
473500,29,0,0,0,1,0
473600,27,0,2,0,1,0
473700,25,0,3,0,3,0
473800,19,0,0,0,6,0
473900,19,0,1,0,2,0
474000,30,0,0,0,3,0
474100,20,0,2,0,1,0
474200,20,0,0,0,5,0
474300,27,0,3,0,3,0
474400,25,0,1,0,3,0
474500,31,0,0,0,2,0
474600,32,0,1,0,3,0
474700,22,0,1,0,2,0
474800,19,0,0,0,4,0
474900,22,0,2,0,1,0
475000,17,0,1,0,1,0
475100,29,0,0,0,3,0
475200,20,0,1,0,2,0
475300,40,0,3,0,6,0
475400,23,0,1,0,2,0
475500,23,0,0,0,7,0
475600,28,0,3,0,2,0
475700,28,0,3,0,3,0
475800,25,0,0,0,2,0
475900,29,0,4,0,5,0
476000,30,0,3,0,6,0
476100,14,0,1,0,2,0
476200,25,0,1,0,6,0
476300,26,0,1,0,4,0
476400,27,0,1,0,5,0
476500,21,0,1,0,4,0
476600,34,0,1,0,4,0
476700,20,0,1,0,3,0
476800,21,0,2,0,3,0
476900,33,0,0,0,2,0
477000,13,0,2,0,5,0
477100,26,0,2,0,2,0
477200,33,0,3,0,2,0
477300,22,0,0,0,2,0
477400,24,0,1,0,5,0
477500,27,0,0,0,4,0
477600,28,0,0,0,0,0
477700,19,0,2,0,4,0
477800,28,0,2,0,5,0
477900,24,0,0,0,2,0
478000,26,0,1,0,4,0
478100,31,0,0,0,1,0
478200,32,0,1,0,2,0
478300,18,0,0,0,5,0
478400,21,0,0,0,4,0
478500,25,0,2,0,4,0
478600,21,0,0,0,2,0
478700,18,0,3,0,1,0
478800,21,0,1,0,5,0
478900,26,0,3,0,3,0
479000,26,0,3,0,3,0
479100,17,0,3,0,5,0
479200,29,0,3,0,2,0
479300,32,0,3,0,4,0
479400,23,0,1,0,4,0
479500,19,0,1,0,4,0
479600,25,0,2,0,4,0
479700,23,0,1,0,3,0
479800,27,0,0,0,5,0
479900,32,0,1,0,4,0
480000,25,0,1,0,3,0
480100,22,0,0,0,2,0
480200,31,0,4,0,3,0
480300,33,0,1,0,3,0
480400,14,0,2,0,3,0
480500,20,0,3,0,6,0
480600,24,0,0,0,5,0
480700,20,0,2,0,1,0
480800,22,0,1,0,4,0
480900,45,0,0,0,2,0
481000,21,0,1,0,2,0
481100,24,0,1,0,3,0
481200,18,0,0,0,4,0
481300,19,0,1,0,2,0
481400,22,0,0,0,6,0
481500,40,0,0,0,5,0
481600,26,0,1,0,6,0
481700,23,0,0,0,5,0
481800,25,0,1,0,5,0
481900,25,0,0,0,4,0
482000,26,0,0,0,2,0
482100,35,0,0,0,6,0
482200,22,0,0,0,5,0
482300,24,0,1,0,5,0
482400,23,0,2,0,5,0
482500,26,0,0,0,7,0
482600,33,0,2,0,1,0
482700,29,0,2,0,1,0
482800,22,0,1,0,3,0
482900,12,0,0,0,3,0
483000,16,0,0,0,1,0
483100,23,0,1,0,5,0
483200,29,0,0,0,1,0
483300,23,0,2,0,3,0
483400,26,0,1,0,3,0
483500,38,0,0,0,3,0
483600,24,0,2,0,2,0
483700,33,0,2,0,1,0
483800,20,0,0,0,5,0
483900,29,0,1,0,7,0
484000,24,0,0,0,2,0
484100,18,0,1,0,3,0
484200,20,0,2,0,5,0
484300,29,0,3,0,2,0
484400,27,0,4,0,4,0
484500,28,0,0,0,7,0
484600,33,0,2,0,4,0
484700,21,0,1,0,2,0
484800,35,0,2,0,4,0
484900,25,0,1,0,3,0
485000,27,0,1,0,5,0
485100,16,0,3,0,4,0
485200,28,0,5,0,5,0
485300,27,0,0,0,3,0
485400,30,0,2,0,0,0
485500,21,0,1,0,5,0
485600,24,0,1,0,0,0
485700,23,0,0,0,2,0
485800,30,0,0,0,3,0
485900,30,0,1,0,4,0
486000,11,0,0,0,3,0
486100,40,1,1,0,5,1
486200,25,0,1,0,1,0
486300,27,0,2,0,6,0
486400,7,0,1,0,3,0
486500,24,0,0,0,4,0
486600,17,0,1,0,5,0
486700,31,0,1,0,5,0
486800,26,0,0,0,2,0
486900,33,0,0,0,2,0
487000,17,0,1,0,3,0
487100,23,0,0,0,3,0
487200,14,0,0,0,3,0
487300,28,0,1,0,2,0
487400,21,0,2,0,4,0
487500,24,0,1,0,4,0
487600,32,0,1,0,4,0
487700,18,0,1,0,5,0
487800,21,0,0,0,2,0
487900,28,0,1,0,7,0
488000,18,0,3,0,3,0
488100,26,0,1,0,2,0
488200,24,0,0,0,1,0
488300,22,0,0,0,4,0
488400,22,0,2,0,7,0
488500,29,0,0,0,7,0
488600,29,0,0,0,3,0
488700,25,0,1,0,4,0
488800,31,0,0,0,1,0
488900,26,0,2,0,5,0
489000,25,0,2,0,8,0
489100,15,0,1,0,1,0
489200,18,0,1,0,4,0
489300,36,0,1,0,4,0
489400,30,0,1,0,3,0
489500,24,0,2,0,4,0
489600,19,0,2,0,5,0
489700,22,0,2,0,4,0
489800,22,0,2,0,1,0
489900,29,0,1,0,6,0
490000,18,0,1,0,5,0
490100,26,0,1,0,1,0
490200,18,0,0,0,3,0
490300,13,0,1,0,5,0
490400,17,0,1,0,3,0
490500,18,0,2,0,5,0
490600,21,0,1,0,3,0
490700,24,0,3,0,2,0
490800,21,0,1,0,5,0
490900,31,0,0,0,2,0
491000,27,0,2,0,4,0
491100,21,0,0,0,4,0
491200,29,0,0,0,3,0
491300,18,0,2,0,3,0
491400,27,0,0,0,10,0
491500,20,0,0,0,6,0
491600,22,0,3,0,2,0
491700,19,0,1,0,1,0
491800,22,0,2,0,1,0
491900,26,0,1,0,7,0
492000,20,0,2,0,3,0
492100,20,0,1,0,1,0
492200,24,0,0,0,4,0
492300,31,0,0,0,2,0
492400,22,0,0,0,2,0
492500,27,0,1,0,1,0
492600,18,0,2,0,2,0
492700,21,0,3,0,3,0
492800,21,0,0,0,2,0
492900,30,0,2,0,6,0
493000,25,0,1,0,3,0
493100,20,0,0,0,5,0
493200,21,0,1,0,5,0
493300,26,0,1,0,1,0
493400,26,0,0,0,2,0
493500,16,0,0,0,2,0
493600,29,0,3,0,1,0
493700,21,0,1,0,3,0
493800,27,0,1,0,2,0
493900,18,0,2,0,2,0
494000,18,0,1,0,8,0
494100,20,0,1,0,3,0
494200,20,0,1,0,5,0
494300,31,0,2,0,2,0
494400,23,0,0,0,1,0
494500,18,0,1,0,1,0
494600,21,0,2,0,6,0
494700,16,0,0,0,4,0
494800,26,0,1,0,3,0
494900,24,0,5,0,5,0
495000,27,0,0,0,5,0
495100,27,0,0,0,1,0
495200,15,0,0,0,3,0
495300,28,0,0,0,7,0
495400,17,0,0,0,4,0
495500,19,0,1,0,6,0
495600,24,0,2,0,3,0
495700,18,0,1,0,2,0
495800,25,0,0,0,1,0
495900,18,0,1,0,2,0
496000,25,0,1,0,4,0
496100,23,0,0,0,5,0
496200,15,0,1,0,1,0
496300,21,0,0,0,2,0
496400,22,0,0,0,3,0
496500,20,0,1,0,3,0
496600,31,0,2,0,4,0
496700,20,0,1,0,3,0
496800,22,0,0,0,1,0
496900,13,0,3,0,6,0
497000,20,0,1,0,3,0
497100,23,0,1,0,2,0
497200,23,0,1,0,0,0
497300,22,0,0,0,6,0
497400,34,0,1,0,4,0
497500,25,0,1,0,3,0
497600,21,0,0,0,2,0
497700,26,0,1,0,1,0
497800,26,0,0,0,0,0
497900,23,0,0,0,1,0
498000,25,0,1,0,4,0
498100,24,0,3,0,3,0
498200,17,0,0,0,4,0
498300,30,0,0,0,6,0
498400,21,0,1,0,3,0
498500,20,0,0,0,3,0
498600,28,0,2,0,1,0
498700,28,0,0,0,2,0
498800,20,0,2,0,5,0
498900,26,0,1,0,2,0
499000,21,0,0,0,3,0
499100,16,0,0,0,5,0
499200,22,0,2,0,5,0
499300,19,0,2,0,1,0
499400,17,0,2,0,4,0
499500,27,0,0,0,3,0
499600,24,0,1,0,3,0
499700,22,0,0,0,2,0
499800,14,0,2,0,5,0
499900,26,0,0,0,5,0
500000,28,0,0,0,3,0
500100,30,0,2,0,1,0
500200,25,0,2,0,2,0
500300,24,0,1,0,0,0
500400,21,0,1,0,3,0
500500,22,0,0,0,2,0
500600,21,0,1,0,4,0
500700,22,0,0,0,2,0
500800,19,0,1,0,3,0
500900,22,0,0,0,5,0
501000,21,0,1,0,2,0
501100,28,0,0,0,5,0
501200,11,0,0,0,2,0
501300,22,0,3,0,0,0
501400,29,0,0,0,0,0
501500,29,0,1,0,1,0
501600,28,0,4,0,2,0
501700,19,0,3,0,5,0
501800,24,0,0,0,2,0
501900,20,0,0,0,3,0
502000,20,0,1,0,4,0
502100,25,0,4,0,2,0
502200,30,0,1,0,0,0
502300,22,0,1,0,4,0
502400,23,0,2,0,3,0
502500,26,0,1,0,4,0
502600,18,0,2,0,5,0
502700,12,0,1,0,5,0
502800,23,0,1,0,1,0
502900,22,0,2,0,3,0
503000,11,0,3,0,3,0
503100,25,0,4,0,4,0
503200,33,0,1,0,2,0
503300,16,0,1,0,2,0
503400,24,0,0,0,3,0
503500,25,0,1,0,3,0
503600,23,0,0,0,5,0
503700,17,0,1,0,1,0
503800,23,0,1,0,2,0
503900,25,0,2,0,2,0
504000,24,0,3,0,2,0
504100,13,0,1,0,1,0
504200,27,0,2,0,2,0
504300,23,0,1,0,2,0
504400,18,1,2,0,1,1
504500,24,0,1,0,5,0
504600,35,0,0,0,6,0
504700,23,0,0,0,4,0
504800,24,0,2,0,2,0
504900,27,0,2,0,2,0
505000,20,0,2,0,2,0
505100,21,0,3,0,1,0
505200,23,0,0,0,2,0
505300,27,0,2,0,1,0
505400,23,0,0,0,3,0
505500,21,0,1,0,3,0
505600,24,0,2,0,3,0
505700,17,0,2,0,1,0
505800,24,0,1,0,4,0
505900,23,0,0,0,0,0
506000,22,0,1,0,6,0
506100,16,0,0,0,1,0
506200,24,0,2,0,3,0
506300,21,0,0,0,2,0
506400,22,0,1,0,4,0
506500,15,0,0,0,8,0
506600,21,0,0,0,3,0
506700,18,0,2,0,4,0
506800,21,0,0,0,5,0
506900,19,0,1,0,4,0
507000,25,0,0,0,2,0
507100,19,0,2,0,4,0
507200,21,0,0,0,3,0
507300,23,0,1,0,4,0
507400,25,0,2,0,3,0
507500,26,0,1,0,5,0
507600,21,0,0,0,3,0
507700,18,0,1,0,2,0
507800,24,0,1,0,6,0
507900,28,0,2,0,2,0
508000,25,0,0,0,3,0
508100,19,0,1,0,1,0
508200,34,0,2,0,2,0
508300,23,0,0,0,3,0
508400,20,0,0,0,3,0
508500,24,0,1,0,1,0
508600,18,0,2,0,1,0
508700,16,0,0,0,3,0
508800,22,0,2,0,2,0
508900,28,0,1,0,0,0
509000,23,0,1,0,0,0
509100,27,0,0,0,7,0
509200,18,0,1,0,5,0
509300,14,0,0,0,2,0
509400,19,0,0,0,4,0
509500,20,0,0,0,3,0
509600,22,0,1,0,3,0
509700,22,0,1,0,1,0
509800,21,0,2,0,2,0
509900,16,0,3,0,6,0
510000,21,0,2,0,2,0
510100,23,0,1,0,4,0
510200,22,0,0,0,4,0
510300,17,0,1,0,2,0
510400,15,0,1,0,8,0
510500,19,0,0,0,4,0
510600,25,0,1,0,0,0
510700,30,0,1,0,2,0
510800,21,0,1,0,3,0
510900,23,0,2,0,2,0
511000,25,0,0,0,2,0
511100,25,0,2,0,3,0
511200,23,0,0,0,2,0
511300,16,0,1,0,2,0
511400,17,0,1,0,2,0
511500,19,0,1,0,3,0
511600,26,0,1,0,5,0
511700,22,0,2,0,3,0
511800,23,0,0,0,4,0
511900,22,0,0,0,5,0
512000,19,0,3,0,2,0
512100,29,0,4,0,2,0
512200,24,0,2,0,2,0
512300,23,0,0,0,4,0
512400,31,0,1,0,4,0
512500,18,0,0,0,6,0
512600,17,0,1,0,4,0
512700,23,0,2,0,0,0
512800,19,0,1,0,2,0
512900,13,0,1,0,1,0
513000,27,0,2,0,5,0
513100,12,0,1,0,4,0
513200,16,0,0,0,1,0
513300,18,0,2,0,0,0
513400,12,0,0,0,5,0
513500,16,0,1,0,2,0
513600,22,0,1,0,2,0
513700,20,0,1,0,3,0
513800,19,0,0,0,6,0
513900,22,0,1,0,3,0
514000,18,0,1,0,3,0
514100,19,0,1,0,3,0
514200,18,0,3,0,4,0
514300,18,0,2,0,4,0
514400,22,0,1,0,4,0
514500,20,0,2,0,3,0
514600,30,0,1,0,4,0
514700,17,0,2,0,2,0
514800,25,0,0,0,2,0
514900,29,0,2,0,4,0
515000,23,0,0,0,1,0
515100,22,0,1,0,2,0
515200,22,0,1,0,3,0
515300,23,0,1,0,0,0
515400,34,0,0,0,5,0
515500,21,0,1,0,3,0
515600,25,0,3,0,3,0
515700,26,0,2,0,2,0
515800,20,0,0,0,1,0
515900,23,0,1,0,4,0
516000,31,0,1,0,1,0
516100,17,0,0,0,5,0
516200,26,0,2,0,0,0
516300,20,0,4,0,3,0
516400,22,0,2,0,2,0
516500,20,0,0,0,3,0
516600,23,0,1,0,6,0
516700,19,0,1,0,3,0
516800,16,0,2,0,3,0
516900,25,0,1,0,2,0
517000,34,0,0,0,2,0
517100,15,0,1,0,6,0
517200,24,0,2,0,3,0
517300,18,0,2,0,5,0
517400,25,0,1,0,1,0
517500,23,0,0,0,0,0
517600,21,0,2,0,4,0
517700,22,0,0,0,0,0
517800,19,0,0,0,3,0
517900,30,0,1,0,4,0
518000,17,0,1,0,3,0
518100,15,0,0,0,1,0
518200,23,0,2,0,7,0
518300,20,0,0,0,8,0
518400,14,0,1,0,5,0
518500,13,0,0,0,1,0
518600,20,0,0,0,0,0
518700,36,0,0,0,1,0
518800,20,0,1,0,3,0
518900,14,0,1,0,3,0
519000,17,0,0,0,4,0
519100,26,0,0,0,2,0
519200,18,0,2,0,0,0
519300,26,0,1,0,3,0
519400,26,0,0,0,3,0
519500,21,0,1,0,8,0
519600,19,0,0,0,1,0
519700,19,0,0,0,2,0
519800,18,0,1,0,3,0
519900,18,0,0,0,4,0
520000,20,0,0,0,1,0
520100,26,0,0,0,4,0
520200,16,0,1,0,1,0
520300,22,0,3,0,3,0
520400,16,0,0,0,7,0
520500,20,0,0,0,1,0
520600,14,0,1,0,8,0
520700,22,0,2,0,5,0
520800,24,0,3,0,5,0
520900,20,0,2,0,1,0
521000,25,0,2,0,2,0
521100,20,0,0,0,4,0
521200,27,0,0,0,1,0
521300,33,0,0,0,2,0
521400,23,0,0,0,0,0
521500,13,0,0,0,0,0
521600,21,0,1,0,3,0
521700,28,0,0,0,5,0
521800,19,0,0,0,3,0
521900,23,0,2,0,3,0
522000,12,0,0,0,5,0
522100,18,0,0,0,7,0
522200,24,0,2,0,3,0
522300,16,0,1,0,2,0
522400,26,0,0,0,5,0
522500,19,0,0,0,1,0
522600,20,0,2,0,2,0
522700,24,0,0,0,0,0
522800,25,0,1,0,2,0
522900,22,0,1,0,2,0
523000,21,0,0,0,4,0
523100,20,0,1,0,0,0
523200,21,0,0,0,2,0
523300,20,0,0,0,1,0
523400,14,0,2,0,3,0
523500,21,0,1,0,1,0
523600,20,0,2,0,3,0
523700,19,0,0,0,1,0
523800,21,0,0,0,3,0
523900,15,0,0,0,2,0
524000,21,0,0,0,3,0
524100,22,0,0,0,4,0
524200,21,0,1,0,4,0
524300,15,0,2,0,5,0
524400,22,0,0,0,4,0
524500,10,0,0,0,2,0
524600,23,0,1,0,6,0
524700,31,0,0,0,3,0
524800,26,0,2,0,3,0
524900,18,0,1,0,7,0
525000,26,0,1,0,2,0
525100,22,0,1,0,3,0
525200,19,0,0,0,0,0
525300,26,0,1,0,3,0
525400,10,0,1,0,3,0
525500,16,0,0,0,0,0
525600,19,0,1,0,1,0
525700,17,0,0,0,4,0
525800,28,0,0,0,2,0
525900,22,0,3,0,5,0
526000,23,0,1,0,2,0
526100,25,0,1,0,0,0
526200,20,0,2,0,5,0
526300,24,0,1,0,5,0
526400,23,0,0,0,3,0
526500,20,0,2,0,1,0
526600,19,0,2,0,2,0
526700,25,0,1,0,3,0
526800,19,0,1,0,2,0
526900,16,0,0,0,5,0
527000,24,0,1,0,1,0
527100,21,0,0,0,3,0
527200,18,0,1,0,3,0
527300,20,0,0,0,3,0
527400,18,0,0,0,5,0
527500,29,0,0,0,2,0
527600,27,0,0,0,0,0
527700,23,0,1,0,3,0
527800,22,0,0,0,2,0
527900,24,0,0,0,1,0
528000,20,0,1,0,2,0
528100,32,0,1,0,1,0
528200,16,0,2,0,1,0
528300,21,0,0,0,2,0
528400,21,0,1,0,3,0
528500,23,0,1,0,1,0
528600,17,0,0,0,2,0
528700,11,0,0,0,2,0
528800,23,0,0,0,1,0
528900,14,0,0,0,3,0
529000,22,0,1,0,3,0
529100,23,0,0,0,4,0
529200,26,0,2,0,3,0
529300,12,0,3,0,3,0
529400,26,0,2,0,3,0
529500,12,0,1,0,6,0
529600,18,0,0,0,2,0
529700,26,0,1,0,3,0
529800,21,0,0,0,3,0
529900,19,0,1,0,2,0
530000,16,0,1,0,4,0
530100,15,0,0,0,4,0
530200,14,0,2,0,0,0
530300,23,0,4,0,2,0
530400,17,0,2,0,2,0
530500,21,0,1,0,1,0
530600,26,0,1,0,1,0
530700,17,0,0,0,1,0
530800,21,0,4,0,3,0
530900,15,0,1,0,1,0
531000,28,0,1,0,0,0
531100,22,0,1,0,0,0
531200,23,0,0,0,2,0
531300,20,0,0,0,0,0
531400,17,0,1,0,2,0
531500,26,0,2,0,1,0
531600,19,0,1,0,0,0
531700,25,0,0,0,2,0
531800,23,0,0,0,2,0
531900,26,0,1,0,3,0
532000,33,0,1,0,5,0
532100,19,0,1,0,2,0
532200,16,0,0,0,2,0
532300,19,0,1,0,2,0
532400,30,0,0,0,2,0
532500,12,0,2,0,1,0
532600,23,0,0,0,2,0
532700,23,0,1,0,3,0
532800,26,0,1,0,2,0
532900,21,0,2,0,5,0
533000,11,0,2,0,1,0
533100,27,0,3,0,1,0
533200,17,0,1,0,3,0
533300,25,0,0,0,1,0
533400,21,0,2,0,6,0
533500,18,0,0,0,2,0
533600,22,0,1,0,2,0
533700,24,0,0,0,3,0
533800,17,0,0,0,2,0
533900,23,0,2,0,9,0
534000,20,0,0,0,2,0
534100,27,0,0,0,0,0
534200,16,0,2,0,0,0
534300,20,0,0,0,4,0
534400,19,0,2,0,1,0
534500,23,0,2,0,3,0
534600,18,0,1,0,0,0
534700,20,0,0,0,4,0
534800,18,0,0,0,3,0
534900,14,0,0,0,3,0
535000,12,0,2,0,2,0
535100,19,0,1,0,1,0
535200,22,0,2,0,2,0
535300,21,0,1,0,3,0
535400,25,0,0,0,3,0
535500,15,0,0,0,2,0
535600,20,0,0,0,3,0
535700,11,0,1,0,1,0
535800,23,0,0,0,1,0
535900,26,0,0,0,1,0
536000,17,0,1,0,2,0
536100,12,0,1,0,4,0
536200,20,0,0,0,2,0
536300,15,0,3,0,2,0
536400,22,0,0,0,2,0
536500,30,0,2,0,1,0
536600,24,0,0,0,5,0
536700,17,0,3,0,7,0
536800,17,0,3,0,1,0
536900,23,0,0,0,6,0
537000,21,0,3,0,1,0
537100,21,0,1,0,4,0
537200,18,0,1,0,3,0
537300,19,0,2,0,3,0
537400,22,0,0,0,1,0
537500,22,0,1,0,3,0
537600,21,0,0,0,3,0
537700,21,0,1,0,2,0
537800,16,0,1,0,3,0
537900,23,0,0,0,1,0
538000,20,0,1,0,2,0
538100,18,0,0,0,3,0
538200,21,0,1,0,2,0
538300,19,0,1,0,2,0
538400,15,0,0,0,1,0
538500,21,0,3,0,0,0
538600,15,0,1,0,0,0
538700,21,0,0,0,4,0
538800,12,0,0,0,4,0
538900,20,0,1,0,4,0
539000,18,0,0,0,4,0
539100,20,0,2,0,1,0
539200,21,0,0,0,4,0
539300,17,0,2,0,3,0
539400,21,0,1,0,6,0
539500,7,0,3,0,2,0
539600,17,0,0,0,2,0
539700,13,0,0,0,2,0
539800,17,0,1,0,3,0
539900,21,0,1,0,1,0
540000,18,0,0,0,4,0
540100,24,0,1,0,4,0
540200,17,0,2,0,2,0
540300,21,0,0,0,3,0
540400,17,0,2,0,3,0
540500,22,0,2,0,4,0
540600,21,0,2,0,3,0
540700,23,0,1,0,4,0
540800,15,0,0,0,1,0
540900,26,0,0,0,1,0
541000,16,0,0,0,2,0
541100,13,0,0,0,1,0
541200,24,0,1,0,1,0
541300,20,0,1,0,5,0
541400,17,0,2,0,2,0
541500,19,0,0,0,3,0
541600,15,0,1,0,3,0
541700,23,0,0,0,1,0
541800,24,0,0,0,3,0
541900,26,0,0,0,4,0
542000,16,0,0,0,4,0
542100,20,0,0,0,1,0
542200,23,0,0,0,1,0
542300,18,0,0,0,3,0
542400,21,0,0,0,6,0
542500,15,0,0,0,5,0
542600,20,0,1,0,6,0
542700,18,0,1,0,1,0
542800,24,0,0,0,1,0
542900,15,0,1,0,5,0
543000,22,0,0,0,1,0
543100,17,0,3,0,0,0
543200,14,0,0,0,1,0
543300,24,0,1,0,1,0
543400,20,0,1,0,0,0
543500,16,0,1,0,3,0
543600,22,0,0,0,1,0
543700,18,0,2,0,3,0
543800,26,0,1,0,1,0
543900,16,0,1,0,2,0
544000,21,0,0,0,2,0
544100,13,0,1,0,4,0
544200,20,0,2,0,5,0
544300,19,0,2,0,3,0
544400,21,0,0,0,3,0
544500,19,0,0,0,4,0
544600,22,0,0,0,5,0
544700,12,0,0,0,3,0
544800,20,0,2,0,2,0
544900,15,0,1,0,4,0
545000,24,0,0,0,1,0
545100,18,0,1,0,3,0
545200,18,0,2,0,3,0
545300,19,0,3,0,3,0
545400,18,0,1,0,0,0
545500,8,0,3,0,3,0
545600,20,0,3,0,2,0
545700,24,0,3,0,1,0
545800,18,0,1,0,4,0
545900,24,0,0,0,3,0
546000,11,0,2,0,2,0
546100,13,0,1,0,1,0
546200,23,0,2,0,4,0
546300,15,0,0,0,2,0
546400,21,0,1,0,5,0
546500,16,0,1,0,1,0
546600,16,0,1,0,1,0
546700,18,0,0,0,1,0
546800,15,0,0,0,1,0
546900,18,0,2,0,0,0
547000,23,0,1,0,1,0
547100,18,0,0,0,3,0
547200,19,0,3,0,1,0
547300,17,0,2,0,4,0
547400,18,0,1,0,1,0
547500,15,0,1,0,4,0
547600,16,0,1,0,6,0
547700,20,0,3,0,1,0
547800,16,0,0,0,2,0
547900,19,0,0,0,5,0
548000,20,0,0,0,1,0
548100,11,0,3,0,2,0
548200,23,0,1,0,3,0
548300,12,0,1,0,1,0
548400,20,0,1,0,2,0
548500,21,0,1,0,3,0
548600,26,0,0,0,6,0
548700,18,0,0,0,5,0
548800,9,0,1,0,2,0
548900,18,0,0,0,2,0
549000,17,0,0,0,5,0
549100,20,0,2,0,2,0
549200,22,0,2,0,6,0
549300,27,0,0,0,2,0
549400,18,0,0,0,4,0
549500,14,0,1,0,4,0
549600,21,0,1,0,3,0
549700,22,0,0,0,4,0
549800,13,0,1,0,6,0
549900,25,0,1,0,2,0
550000,14,0,1,0,1,0
550100,20,0,1,0,4,0
550200,13,0,2,0,1,0
550300,15,0,0,0,1,0
550400,16,0,2,0,3,0
550500,19,0,2,0,2,0
550600,22,0,0,0,4,0
550700,16,0,1,0,3,0
550800,29,0,1,0,1,0
550900,15,0,1,0,4,0
551000,16,0,1,0,2,0
551100,15,0,0,0,2,0
551200,13,0,1,0,2,0
551300,21,0,0,0,2,0
551400,15,0,1,0,2,0
551500,20,0,1,0,1,0
551600,11,0,1,0,2,0
551700,22,0,2,0,4,0
551800,17,0,2,0,2,0
551900,19,0,0,0,3,0
552000,23,0,1,0,6,0
552100,16,0,1,0,4,0
552200,19,0,0,0,2,0
552300,16,0,0,0,2,0
552400,16,0,0,0,1,0
552500,16,0,1,0,6,0
552600,24,0,1,0,5,0
552700,20,0,2,0,3,0
552800,20,0,0,0,3,0
552900,25,0,2,0,2,0
553000,17,0,1,0,6,0
553100,23,0,2,0,3,0
553200,25,0,0,0,2,0
553300,26,0,0,0,4,0
553400,16,0,1,0,1,0
553500,15,0,0,0,1,0
553600,20,0,2,0,1,0
553700,18,0,0,0,2,0
553800,15,0,1,0,5,0
553900,23,0,0,0,1,0
554000,24,0,1,0,7,0
554100,23,0,2,0,0,0
554200,11,0,0,0,5,0
554300,11,0,0,0,0,0
554400,22,0,0,0,2,0
554500,15,0,2,0,2,0
554600,13,0,0,0,4,0
554700,22,0,0,0,4,0
554800,24,0,0,0,2,0
554900,27,0,0,0,1,0
555000,18,0,0,0,1,0
555100,14,0,1,0,3,0
555200,17,0,1,0,8,0
555300,13,0,0,0,4,0
555400,19,0,0,0,3,0
555500,20,0,0,0,2,0
555600,20,0,0,0,4,0
555700,16,0,0,0,3,0
555800,17,0,3,0,5,0
555900,17,0,1,0,4,0
556000,19,0,2,0,2,0
556100,25,0,3,0,5,0
556200,22,0,0,0,1,0
556300,10,0,1,0,3,0
556400,23,0,1,0,0,0
556500,15,0,0,0,5,0
556600,20,0,1,0,1,0
556700,21,0,2,0,0,0
556800,28,0,0,0,1,0
556900,20,0,0,0,4,0
557000,17,0,0,0,2,0
557100,5,0,0,0,4,0
557200,15,0,1,0,2,0
557300,15,0,1,0,4,0
557400,13,0,2,0,3,0
557500,16,0,1,0,2,0
557600,13,0,0,0,1,0
557700,16,0,2,0,2,0
557800,17,0,1,0,4,0
557900,16,0,1,0,0,0
558000,19,0,3,0,3,0
558100,17,0,0,0,2,0
558200,15,0,0,0,2,0
558300,16,0,0,0,1,0
558400,17,0,1,0,3,0
558500,12,0,1,0,2,0
558600,17,0,1,0,0,0
558700,24,0,0,0,2,0
558800,18,0,1,0,1,0
558900,22,0,0,0,4,0
559000,24,0,1,0,3,0
559100,10,0,3,0,4,0
559200,12,0,1,0,2,0
559300,17,0,1,0,4,0
559400,21,0,1,0,4,0
559500,27,0,1,0,4,0
559600,14,0,0,0,1,0
559700,16,0,1,0,1,0
559800,23,0,0,0,4,0
559900,11,0,0,0,4,0
560000,13,0,0,0,2,0
560100,22,0,0,0,4,0
560200,15,0,2,0,1,0
560300,16,0,2,0,5,0
560400,25,0,2,0,6,0
560500,17,0,2,0,3,0
560600,20,0,1,0,5,0
560700,19,0,1,0,4,0
560800,22,0,2,0,6,0
560900,11,0,6,0,3,0
561000,25,0,4,0,4,0
561100,24,0,1,0,1,0
561200,21,0,2,0,3,0
561300,21,0,0,0,1,0
561400,18,0,2,0,1,0
561500,19,0,0,0,3,0
561600,16,0,0,0,1,0
561700,17,0,0,0,2,0
561800,14,0,1,0,2,0
561900,15,0,1,0,1,0
562000,18,0,0,0,1,0
562100,20,0,0,0,5,0
562200,25,0,2,0,3,0
562300,16,0,0,0,1,0
562400,16,0,1,0,6,0
562500,14,0,1,0,0,0
562600,16,0,1,0,2,0
562700,19,0,1,0,3,0
562800,15,0,2,0,2,0
562900,19,0,0,0,3,0
563000,17,0,0,0,0,0
563100,18,0,2,0,2,0
563200,12,0,1,0,7,0
563300,22,0,0,0,1,0
563400,19,0,0,0,1,0
563500,12,0,2,0,2,0
563600,29,0,1,0,1,0
563700,12,0,1,0,1,0
563800,14,0,2,0,2,0
563900,22,0,1,0,2,0
564000,13,0,0,0,2,0
564100,24,0,1,0,1,0
564200,20,0,1,0,4,0
564300,19,0,3,0,5,0
564400,14,0,1,0,2,0
564500,16,0,2,0,5,0
564600,22,0,0,0,5,0
564700,19,0,1,0,1,0
564800,12,0,1,0,2,0
564900,19,0,0,0,2,0
565000,18,0,0,0,3,0
565100,18,0,1,0,4,0
565200,11,0,1,0,4,0
565300,10,0,1,0,1,0
565400,15,0,1,0,1,0
565500,20,0,0,0,4,0
565600,14,0,1,0,6,0
565700,19,0,0,0,6,0
565800,15,0,2,0,4,0
565900,21,0,1,0,0,0
566000,22,0,0,0,2,0
566100,26,0,1,0,5,0
566200,24,0,1,0,1,0
566300,17,0,1,0,4,0
566400,11,0,0,0,2,0
566500,26,0,0,0,0,0
566600,20,0,3,0,3,0
566700,15,0,0,0,1,0
566800,17,0,1,0,2,0
566900,9,0,1,0,0,0
567000,14,0,1,0,2,0
567100,22,0,2,0,1,0
567200,18,0,2,0,1,0
567300,19,0,0,0,2,0
567400,24,0,0,0,2,0
567500,11,0,2,0,1,0
567600,14,0,2,0,2,0
567700,17,0,0,0,3,0
567800,18,0,0,0,2,0
567900,21,0,3,0,4,0
568000,21,0,1,0,2,0
568100,14,0,0,0,5,0
568200,24,0,0,0,1,0
568300,17,0,2,0,3,0
568400,15,0,1,0,1,0
568500,19,0,0,0,3,0
568600,15,0,0,0,1,0
568700,19,0,4,0,2,0
568800,22,0,2,0,6,0
568900,15,0,0,0,4,0
569000,21,0,3,0,4,0
569100,23,0,1,0,5,0
569200,26,0,1,0,0,0
569300,17,0,1,0,3,0
569400,16,0,2,0,5,0
569500,16,0,5,0,2,0
569600,18,0,3,0,5,0
569700,22,0,0,0,2,0
569800,27,0,0,0,1,0
569900,18,0,0,0,2,0
570000,14,0,0,0,2,0
570100,18,0,2,0,3,0
570200,18,0,0,0,2,0
570300,21,0,1,0,3,0
570400,19,0,0,0,3,0
570500,35,0,1,0,5,0
570600,11,0,0,0,3,0
570700,15,0,0,0,0,0
570800,18,0,0,0,4,0
570900,10,0,2,0,1,0
571000,15,0,0,0,0,0
571100,25,0,1,0,6,0
571200,20,0,0,0,1,0
571300,12,0,0,0,4,0
571400,29,0,0,0,5,0
571500,30,0,0,0,3,0
571600,12,0,0,0,1,0
571700,13,0,2,0,2,0
571800,26,0,0,0,3,0
571900,21,0,0,0,4,0
572000,12,0,1,0,5,0
572100,11,0,0,0,9,0
572200,25,0,0,0,3,0
572300,24,0,0,0,4,0
572400,13,0,0,0,1,0
572500,23,0,1,0,1,0
572600,18,0,0,0,2,0
572700,17,0,3,0,4,0
572800,15,0,1,0,1,0
572900,15,0,0,0,4,0
573000,18,0,1,0,6,0
573100,15,0,2,0,2,0
573200,20,0,0,0,0,0
573300,22,0,1,0,5,0
573400,13,0,0,0,1,0
573500,18,0,1,0,1,0
573600,8,0,1,0,0,0
573700,23,0,0,0,3,0
573800,29,0,0,0,1,0
573900,21,0,0,0,5,0
574000,23,0,0,0,3,0
574100,21,0,2,0,2,0
574200,26,0,2,0,1,0
574300,17,0,0,0,0,0
574400,23,0,1,0,1,0
574500,21,0,1,0,0,0
574600,23,0,2,0,7,0
574700,22,0,1,0,3,0
574800,26,0,1,0,2,0
574900,18,0,1,0,2,0
575000,16,0,3,0,2,0
575100,20,0,1,0,2,0
575200,10,0,0,0,5,0
575300,24,0,0,0,1,0
575400,21,0,1,0,2,0
575500,32,0,0,0,2,0
575600,12,0,0,0,2,0
575700,12,0,0,0,3,0
575800,17,0,2,0,2,0
575900,19,0,0,0,3,0
576000,26,0,0,0,1,0
576100,14,0,2,0,1,0
576200,26,0,1,0,5,0
576300,24,0,0,0,4,0
576400,17,0,0,0,3,0
576500,15,0,3,0,3,0
576600,30,0,1,0,2,0
576700,22,0,0,0,0,0
576800,27,0,1,0,5,0
576900,25,0,0,0,4,0
577000,17,0,0,0,2,0
577100,24,0,0,0,2,0
577200,22,0,0,0,3,0
577300,22,0,1,0,2,0
577400,27,0,2,0,1,0
577500,13,0,1,0,4,0
577600,19,0,1,0,1,0
577700,19,0,6,0,4,0
577800,26,0,3,0,4,0
577900,17,0,0,0,0,0
578000,18,0,2,0,1,0
578100,18,0,1,0,3,0
578200,21,0,0,0,4,0
578300,24,0,1,0,5,0
578400,14,0,0,0,2,0
578500,21,0,1,0,2,0
578600,26,0,1,0,3,0
578700,7,0,0,0,2,0
578800,13,0,1,0,1,0
578900,30,0,1,0,1,0
579000,20,0,1,0,6,0
579100,23,0,1,0,4,0
579200,20,0,2,0,1,0
579300,15,0,2,0,4,0
579400,17,0,0,0,0,0
579500,20,0,2,0,5,0
579600,15,0,0,0,5,0
579700,25,0,1,0,2,0
579800,20,0,1,0,0,0
579900,14,0,1,0,3,0
580000,24,0,3,0,3,0
580100,18,0,4,0,0,0
580200,24,0,0,0,4,0
580300,20,0,2,0,2,0
580400,21,0,0,0,4,0
580500,19,0,0,0,0,0
580600,28,0,0,0,4,0
580700,22,0,0,0,1,0
580800,17,0,0,0,4,0
580900,21,0,3,0,3,0
581000,20,0,1,0,3,0
581100,14,0,2,0,3,0
581200,21,0,1,0,3,0
581300,25,0,1,0,1,0
581400,19,0,2,0,3,0
581500,21,0,2,0,3,0
581600,23,0,0,0,2,0
581700,20,0,0,0,4,0
581800,10,0,1,0,3,0
581900,21,0,0,0,2,0
582000,27,0,2,0,3,0
582100,27,0,2,0,2,0
582200,22,0,1,0,3,0
582300,25,0,0,0,5,0
582400,25,0,2,0,0,0
582500,20,0,1,0,3,0
582600,19,0,0,0,5,0
582700,27,0,0,0,3,0
582800,21,0,0,0,3,0
582900,25,0,2,0,0,0
583000,20,0,1,0,1,0
583100,22,0,0,0,3,0
583200,17,0,1,0,1,0
583300,24,0,2,0,2,0
583400,19,0,1,0,1,0
583500,19,0,0,0,3,0
583600,27,0,0,0,1,0
583700,22,0,0,0,1,0
583800,24,0,1,0,3,0
583900,23,0,2,0,6,0
584000,21,0,1,0,4,0
584100,25,0,2,0,0,0
584200,28,0,0,0,3,0
584300,20,0,0,0,4,0
584400,15,0,0,0,3,0
584500,26,0,2,0,4,0
584600,14,0,0,0,4,0
584700,23,0,1,0,3,0
584800,16,0,0,0,1,0
584900,16,0,1,0,3,0
585000,19,0,3,0,2,0
585100,11,0,0,0,3,0
585200,15,0,1,0,1,0
585300,17,0,1,0,4,0
585400,22,0,0,0,2,0
585500,19,0,1,0,3,0
585600,20,0,1,0,3,0
585700,24,0,0,0,1,0
585800,24,0,1,0,1,0
585900,19,0,0,0,2,0
586000,19,0,0,0,1,0
586100,25,0,0,0,4,0
586200,24,0,2,0,1,0
586300,25,0,2,0,1,0
586400,23,0,0,0,2,0
586500,26,0,0,0,4,0
586600,14,0,1,0,1,0
586700,26,0,0,0,2,0
586800,16,0,1,0,3,0
586900,17,0,1,0,2,0
587000,19,0,0,0,6,0
587100,21,0,0,0,1,0
587200,19,0,3,0,3,0
587300,19,0,2,0,1,0
587400,20,0,0,0,3,0
587500,17,0,1,0,3,0
587600,15,0,0,0,2,0
587700,19,0,0,0,1,0
587800,13,0,0,0,3,0
587900,23,0,0,0,2,0
588000,15,0,1,0,2,0
588100,20,0,0,0,3,0
588200,21,0,0,0,1,0
588300,21,0,0,0,7,0
588400,16,0,2,0,5,0
588500,24,0,0,0,0,0
588600,30,0,0,0,3,0
588700,20,0,2,0,3,0
588800,19,0,0,0,1,0
588900,15,0,0,0,3,0
589000,15,0,1,0,1,0
589100,12,0,0,0,2,0
589200,13,0,3,0,1,0
589300,16,0,2,0,0,0
589400,11,0,1,0,1,0
589500,15,0,2,0,4,0
589600,26,0,0,0,3,0
589700,20,0,0,0,2,0
589800,16,0,0,0,2,0
589900,24,0,2,0,2,0
590000,23,0,0,0,1,0
590100,15,0,0,0,1,0
590200,27,0,0,0,3,0
590300,29,0,0,0,2,0
590400,13,0,0,0,2,0
590500,22,0,0,0,2,0
590600,23,0,1,0,2,0
590700,18,0,0,0,2,0
590800,27,0,1,0,1,0
590900,18,0,0,0,4,0
591000,22,0,1,0,2,0
591100,23,0,1,0,2,0
591200,17,0,0,0,3,0
591300,19,0,1,0,2,0
591400,15,0,3,0,1,0
591500,21,0,2,0,4,0
591600,22,0,0,0,4,0
591700,20,0,0,0,3,0
591800,26,0,0,0,2,0
591900,28,0,1,0,3,0
592000,12,0,0,0,1,0
592100,18,0,0,0,2,0
592200,21,0,1,0,4,0
592300,20,0,2,0,2,0
592400,20,0,1,0,1,0
592500,21,0,0,0,2,0
592600,25,0,1,0,7,0
592700,14,0,1,0,1,0
592800,21,0,0,0,2,0
592900,19,0,1,0,2,0
593000,25,0,1,0,5,0
593100,19,0,0,0,2,0
593200,16,0,2,0,2,0
593300,19,0,1,0,2,0
593400,25,0,1,0,3,0
593500,23,0,0,0,0,0
593600,18,0,3,0,2,0
593700,29,0,1,0,1,0
593800,17,0,0,0,1,0
593900,24,0,0,0,6,0
594000,22,0,0,0,2,0
594100,22,0,0,0,2,0
594200,18,0,1,0,2,0
594300,22,0,1,0,2,0
594400,23,0,3,0,2,0
594500,18,0,2,0,4,0
594600,14,0,0,0,2,0
594700,24,0,0,0,1,0
594800,19,0,1,0,2,0
594900,22,0,2,0,2,0
595000,27,0,1,0,0,0
595100,24,0,1,0,1,0
595200,10,0,1,0,5,0
595300,17,0,1,0,2,0
595400,23,0,2,0,4,0
595500,16,0,1,0,4,0
595600,21,0,2,0,2,0
595700,22,0,0,0,1,0
595800,14,0,1,0,2,0
595900,18,0,0,0,4,0
596000,18,0,0,0,2,0
596100,19,0,0,0,3,0
596200,14,0,1,0,2,0
596300,20,0,1,0,1,0
596400,23,0,0,0,0,0
596500,20,0,3,0,3,0
596600,17,0,0,0,2,0
596700,20,0,2,0,2,0
596800,14,0,1,0,3,0
596900,16,0,3,0,3,0
597000,22,0,1,0,2,0
597100,24,0,1,0,0,0
597200,18,0,1,0,2,0
597300,20,0,1,0,0,0
597400,37,0,0,0,6,0
597500,15,0,0,0,1,0
597600,19,0,2,0,6,0
597700,24,0,0,0,3,0
597800,25,0,0,0,3,0
597900,17,0,1,0,5,0
598000,25,0,1,0,1,0
598100,14,0,1,0,4,0
598200,13,0,0,0,1,0
598300,21,0,0,0,3,0
598400,20,0,2,0,3,0
598500,18,0,0,0,2,0
598600,19,0,2,0,5,0
598700,18,0,1,0,0,0
598800,27,0,0,0,2,0
598900,15,0,0,0,0,0
599000,20,0,0,0,1,0
599100,12,0,0,0,2,0
599200,13,0,0,0,4,0
599300,14,0,1,0,3,0
599400,19,0,2,0,1,0
599500,22,0,1,0,2,0
599600,15,0,1,0,1,0
599700,12,0,0,0,4,0
599800,16,0,1,0,3,0
599900,21,0,0,0,2,0
600000,14,0,0,0,2,0
600100,17,0,0,0,1,0
600200,23,0,1,0,7,0
600300,29,0,1,0,2,0
600400,14,0,1,0,2,0
600500,21,0,2,0,1,0
600600,22,0,0,0,1,0
600700,17,0,0,0,2,0
600800,15,0,0,0,6,0
600900,16,0,0,0,4,0
601000,18,0,1,0,1,0
601100,14,0,1,0,0,0
601200,19,0,0,0,5,0
601300,15,0,1,0,3,0
601400,17,0,1,0,3,0
601500,21,0,1,0,0,0
601600,15,0,0,0,0,0
601700,17,0,0,0,1,0
601800,22,0,2,0,1,0
601900,13,0,0,0,0,0
602000,12,0,1,0,1,0
602100,18,0,0,0,1,0
602200,17,0,1,0,2,0
602300,16,0,0,0,3,0
602400,21,0,1,0,2,0
602500,27,0,1,0,1,0
602600,16,0,0,0,3,0
602700,13,0,0,0,2,0
602800,18,0,0,0,4,0
602900,16,0,1,0,2,0
603000,10,0,3,0,2,0
603100,23,0,1,0,4,0
603200,13,0,1,0,4,0
603300,12,0,2,0,0,0
603400,25,0,0,0,2,0
603500,17,0,0,0,2,0
603600,16,0,0,0,1,0
603700,14,0,0,0,3,0
603800,21,0,0,0,1,0
603900,18,0,1,0,4,0
604000,17,0,2,0,1,0
604100,14,0,2,0,1,0
604200,16,0,0,0,4,0
604300,23,0,1,0,2,0
604400,20,0,1,0,1,0
604500,17,0,0,0,1,0
604600,19,0,0,0,2,0
604700,13,0,2,0,1,0
604800,25,0,1,0,3,0
604900,16,0,1,0,0,0
605000,13,0,0,0,2,0
605100,15,0,1,0,6,0
605200,18,0,2,0,3,0
605300,19,0,0,0,0,0
605400,17,0,0,0,0,0
605500,17,0,1,0,3,0
605600,26,0,0,0,1,0
605700,16,0,0,0,3,0
605800,16,0,1,0,2,0
605900,19,0,1,0,4,0
606000,8,0,0,0,1,0
606100,24,0,2,0,1,0
606200,15,0,1,0,1,0
606300,24,0,2,0,5,0
606400,15,0,1,0,3,0
606500,23,0,1,0,1,0
606600,16,0,0,0,1,0
606700,20,0,0,0,3,0
606800,26,0,0,0,2,0
606900,18,0,0,0,1,0
607000,12,0,1,0,5,0
607100,20,0,2,0,4,0
607200,14,0,0,0,3,0
607300,19,0,0,0,0,0
607400,15,0,1,0,3,0
607500,14,0,0,0,1,0
607600,14,0,0,0,1,0
607700,16,0,0,0,7,0
607800,23,0,2,0,0,0
607900,20,0,3,0,1,0
608000,20,0,0,0,3,0
608100,17,0,2,0,1,0
608200,17,0,0,0,2,0
608300,20,0,1,0,1,0
608400,23,0,0,0,0,0
608500,13,0,1,0,2,0
608600,15,0,3,0,3,0
608700,14,0,1,0,2,0
608800,15,0,1,0,1,0
608900,11,0,1,0,2,0
609000,20,0,3,0,1,0
609100,13,0,1,0,1,0
609200,24,0,0,0,3,0
609300,12,0,3,0,4,0
609400,15,0,0,0,2,0
609500,9,0,0,0,2,0
609600,24,0,2,0,1,0
609700,8,0,2,0,1,0
609800,24,0,0,0,4,0
609900,13,0,0,0,2,0
610000,13,0,1,0,4,0
610100,14,0,0,0,2,0
610200,12,0,1,0,1,0
610300,17,0,0,0,1,0
610400,23,0,1,0,0,0
610500,13,0,0,0,2,0
610600,16,0,1,0,2,0
610700,11,0,1,0,1,0
610800,24,0,0,0,1,0
610900,16,0,1,0,5,0
611000,14,0,1,0,3,0
611100,18,0,2,0,2,0
611200,12,0,1,0,5,0
611300,21,0,1,0,2,0
611400,22,0,1,0,1,0
611500,10,0,2,0,2,0
611600,20,0,0,0,2,0
611700,16,0,0,0,3,0
611800,16,0,2,0,1,0
611900,17,0,0,0,1,0
612000,13,0,1,0,1,0
612100,18,0,0,0,5,0
612200,12,0,1,0,1,0
612300,19,0,0,0,3,0
612400,25,0,3,0,2,0
612500,19,0,1,0,3,0
612600,23,0,2,0,3,0
612700,22,0,1,0,3,0
612800,15,0,0,0,1,0
612900,10,0,0,0,2,0
613000,20,0,1,0,0,0
613100,19,0,3,0,3,0
613200,21,0,1,0,6,0
613300,13,0,2,0,2,0
613400,14,0,0,0,2,0
613500,11,0,2,0,2,0
613600,18,0,0,0,0,0
613700,21,0,1,0,0,0
613800,17,0,1,0,1,0
613900,17,0,1,0,1,0
614000,16,0,0,0,1,0
614100,29,0,2,0,3,0
614200,5,0,3,0,3,0
614300,16,0,1,0,1,0
614400,18,0,1,0,1,0
614500,16,0,0,0,2,0
614600,17,0,0,0,1,0
614700,12,0,2,0,3,0
614800,20,0,0,0,3,0
614900,27,0,0,0,1,0
615000,18,0,2,0,6,0
615100,22,0,2,0,3,0
615200,23,0,0,0,2,0
615300,14,0,0,0,1,0
615400,14,0,0,0,4,0
615500,15,0,1,0,2,0
615600,19,0,1,0,2,0
615700,19,0,0,0,3,0
615800,12,0,1,0,2,0
615900,14,0,3,0,2,0
616000,19,0,1,0,3,0
616100,15,0,1,0,1,0
616200,25,0,1,0,2,0
616300,20,0,0,0,5,0
616400,19,0,0,0,2,0
616500,25,0,1,0,2,0
616600,14,0,1,0,1,0
616700,15,0,3,0,2,0
616800,6,0,1,0,3,0
616900,15,0,2,0,1,0
617000,20,0,3,0,4,0
617100,22,0,0,0,3,0
617200,11,0,0,0,1,0
617300,18,0,0,0,2,0
617400,10,0,1,0,2,0
617500,15,0,0,0,3,0
617600,14,0,1,0,6,0
617700,11,0,0,0,2,0
617800,15,0,0,0,4,0
617900,17,0,0,0,4,0
618000,24,0,0,0,0,0
618100,12,0,1,0,1,0
618200,23,0,0,0,3,0
618300,22,0,0,0,1,0
618400,12,0,0,0,2,0
618500,12,0,1,0,5,0
618600,16,0,0,0,1,0
618700,15,0,0,0,0,0
618800,19,0,0,0,3,0
618900,19,0,1,0,2,0
619000,19,0,1,0,1,0
619100,16,0,2,0,1,0
619200,11,0,2,0,1,0
619300,13,0,0,0,2,0
619400,11,0,1,0,0,0
619500,15,0,1,0,3,0
619600,30,0,1,0,4,0
619700,12,0,1,0,2,0
619800,20,0,0,0,3,0
619900,18,0,1,0,1,0
620000,24,0,0,0,6,0
620100,19,0,2,0,3,0
620200,13,0,0,0,3,0
620300,20,0,1,0,4,0
620400,16,0,2,0,3,0
620500,11,0,0,0,3,0
620600,15,0,1,0,0,0
620700,21,0,0,0,2,0
620800,18,0,0,0,3,0
620900,19,0,0,0,3,0
621000,22,0,0,0,2,0
621100,18,0,1,0,4,0
621200,17,0,0,0,3,0
621300,15,0,1,0,6,0
621400,17,0,0,0,1,0
621500,14,0,0,0,2,0
621600,15,0,1,0,3,0
621700,20,0,0,0,2,0
621800,24,0,1,0,4,0
621900,16,0,0,0,1,0
622000,21,0,1,0,1,0
622100,13,0,0,0,4,0
622200,21,0,2,0,0,0
622300,21,0,1,0,3,0
622400,14,0,0,0,3,0
622500,23,0,0,0,3,0
622600,14,0,0,0,4,0
622700,11,0,2,0,1,0
622800,16,0,2,0,2,0
622900,15,0,3,0,0,0
623000,15,0,0,0,2,0
623100,18,0,0,0,2,0
623200,15,0,1,0,5,0
623300,8,0,0,0,1,0
623400,21,0,0,0,8,0
623500,17,0,1,0,1,0
623600,16,0,1,0,3,0
623700,20,0,0,0,1,0
623800,20,0,0,0,2,0
623900,15,0,0,0,1,0
624000,16,0,0,0,1,0
624100,24,0,1,0,2,0
624200,12,0,1,0,1,0
624300,18,0,0,0,0,0
624400,14,0,1,0,4,0
624500,17,0,1,0,8,0
624600,24,0,1,0,2,0
624700,16,0,0,0,2,0
624800,20,0,0,0,1,0
624900,14,0,2,0,1,0
625000,24,0,0,0,5,0
625100,17,0,0,0,1,0
625200,20,0,0,0,2,0
625300,21,0,0,0,4,0
625400,14,0,0,0,4,0
625500,19,0,2,0,6,0
625600,10,0,0,0,2,0
625700,19,0,0,0,0,0
625800,15,0,2,0,1,0
625900,26,0,1,0,0,0
626000,16,0,0,0,4,0
626100,14,0,0,0,0,0
626200,15,0,0,0,3,0
626300,22,0,0,0,1,0
626400,17,0,0,0,2,0
626500,16,0,1,0,3,0
626600,13,0,0,0,1,0
626700,12,0,1,0,6,0
626800,24,0,3,0,2,0
626900,15,0,1,0,6,0
627000,16,0,0,0,2,0
627100,14,0,0,0,1,0
627200,13,0,2,0,3,0
627300,16,0,1,0,1,0
627400,13,0,1,0,2,0
627500,10,0,6,0,0,0
627600,12,0,3,0,1,0
627700,18,0,1,0,3,0
627800,15,0,0,0,2,0
627900,15,0,3,0,5,0
628000,21,0,1,0,4,0
628100,20,0,0,0,2,0
628200,14,0,0,0,0,0
628300,19,0,4,0,5,0
628400,30,0,2,0,3,0
628500,22,0,6,0,2,0
628600,14,0,2,0,2,0
628700,18,0,2,0,4,0
628800,16,0,0,0,3,0
628900,16,0,0,0,1,0
629000,31,0,2,0,2,0
629100,18,0,0,0,1,0
629200,8,0,0,0,1,0
629300,18,0,3,0,1,0
629400,25,0,0,0,3,0
629500,20,0,0,0,1,0
629600,24,0,1,0,2,0
629700,20,0,0,0,2,0
629800,11,0,0,0,3,0
629900,17,0,1,0,2,0
630000,13,0,1,0,3,0
630100,20,0,0,0,1,0
630200,10,0,0,0,1,0
630300,19,0,1,0,0,0
630400,14,0,1,0,1,0
630500,21,0,2,0,2,0
630600,18,0,1,0,3,0
630700,10,0,0,0,1,0
630800,16,0,1,0,1,0
630900,17,0,1,0,3,0
631000,21,0,1,0,0,0
631100,16,0,0,0,6,0
631200,24,0,1,0,4,0
631300,17,0,1,0,0,0
631400,13,0,0,0,1,0
631500,23,0,0,0,3,0
631600,29,0,0,0,4,0
631700,8,0,0,0,0,0
631800,16,0,2,0,2,0
631900,19,0,0,0,3,0
632000,23,0,0,0,2,0
632100,12,0,1,0,3,0
632200,22,0,0,0,4,0
632300,19,0,0,0,2,0
632400,10,0,0,0,1,0
632500,16,0,1,0,5,0
632600,20,0,3,0,2,0
632700,21,0,0,0,2,0
632800,11,0,1,0,1,0
632900,26,0,0,0,2,0
633000,14,0,1,0,2,0
633100,16,0,0,0,1,0
633200,23,0,2,0,2,0
633300,19,0,1,0,2,0
633400,15,0,2,0,3,0
633500,22,0,0,0,3,0
633600,26,0,0,0,3,0
633700,19,0,1,0,2,0
633800,16,0,0,0,2,0
633900,20,0,1,0,0,0
634000,20,0,0,0,5,0
634100,25,0,0,0,2,0
634200,18,0,0,0,1,0
634300,19,0,1,0,4,0
634400,23,0,1,0,3,0
634500,14,0,2,0,1,0
634600,14,0,1,0,4,0
634700,15,0,0,0,1,0
634800,22,0,2,0,2,0
634900,23,0,0,0,0,0
635000,20,0,2,0,3,0
635100,24,0,0,0,0,0
635200,14,0,0,0,0,0
635300,23,0,1,0,2,0
635400,21,0,1,0,2,0
635500,11,0,0,0,1,0
635600,18,0,0,0,2,0
635700,23,0,1,0,4,0
635800,17,0,0,0,2,0
635900,15,0,1,0,2,0
636000,16,0,2,0,1,0
636100,22,0,2,0,3,0
636200,17,0,3,0,1,0
636300,23,0,0,0,3,0
636400,12,0,1,0,2,0
636500,18,0,0,0,1,0
636600,12,0,1,0,3,0
636700,20,0,4,0,2,0
636800,19,0,1,0,4,0
636900,16,0,0,0,0,0
637000,14,0,0,0,1,0
637100,12,0,0,0,5,0
637200,17,0,1,0,1,0
637300,17,0,1,0,2,0
637400,14,0,1,0,2,0
637500,18,0,1,0,4,0
637600,17,0,2,0,0,0
637700,22,0,0,0,3,0
637800,18,0,0,0,4,0
637900,13,0,0,0,1,0
638000,22,0,0,0,4,0
638100,13,0,0,0,0,0
638200,17,0,0,0,4,0
638300,14,0,0,0,1,0
638400,12,0,1,0,0,0
638500,14,0,0,0,2,0
638600,17,0,0,0,1,0
638700,25,0,0,0,2,0
638800,16,0,3,0,3,0
638900,19,0,0,0,3,0
639000,16,0,0,0,3,0
639100,12,0,1,0,1,0
639200,12,0,0,0,3,0
639300,24,0,0,0,3,0
639400,10,0,0,0,1,0
639500,21,0,0,0,0,0
639600,15,0,0,0,4,0
639700,22,0,0,0,1,0
639800,16,0,0,0,3,0
639900,12,0,1,0,3,0
640000,18,0,1,0,1,0
640100,16,0,1,0,2,0
640200,21,0,1,0,2,0
640300,18,0,0,0,5,0
640400,14,0,1,0,1,0
640500,22,0,1,0,3,0
640600,14,0,0,0,2,0
640700,27,0,3,0,3,0
640800,21,0,4,0,4,0
640900,25,0,2,0,2,0
641000,23,0,0,0,1,0
641100,12,0,0,0,4,0
641200,27,0,1,0,4,0
641300,20,0,0,0,1,0
641400,18,0,0,0,5,0
641500,15,0,1,0,4,0
641600,16,0,0,0,2,0
641700,10,0,0,0,2,0
641800,18,0,1,0,0,0
641900,19,0,0,0,2,0
642000,25,0,1,0,0,0
642100,21,0,2,0,3,0
642200,9,0,0,0,1,0
642300,21,0,1,0,4,0
642400,16,0,0,0,4,0
642500,22,0,1,0,2,0
642600,14,0,0,0,1,0
642700,14,0,2,0,3,0
642800,22,0,0,0,0,0
642900,25,0,1,0,2,0
643000,16,0,0,0,3,0
643100,15,0,0,0,1,0
643200,23,0,1,0,1,0
643300,27,0,3,0,3,0
643400,18,0,0,0,0,0
643500,20,0,0,0,3,0
643600,15,0,5,0,1,0
643700,20,0,1,0,3,0
643800,27,0,2,0,1,0
643900,21,0,2,0,3,0
644000,18,0,0,0,1,0
644100,25,0,0,0,3,0
644200,17,0,2,0,6,0
644300,17,0,0,0,0,0
644400,16,0,0,0,2,0
644500,25,0,0,0,1,0
644600,15,0,2,0,3,0
644700,18,0,0,0,3,0
644800,21,0,0,0,3,0
644900,12,0,1,0,4,0
645000,17,0,0,0,3,0
645100,14,0,0,0,0,0
645200,18,0,0,0,2,0
645300,22,0,2,0,2,0
645400,19,0,1,0,1,0
645500,18,0,1,0,0,0
645600,27,0,0,0,3,0
645700,21,0,0,0,3,0
645800,19,0,1,0,2,0
645900,16,0,0,0,2,0
646000,19,0,1,0,0,0
646100,27,0,2,0,8,0
646200,17,0,1,0,2,0
646300,22,0,0,0,1,0
646400,26,0,1,0,1,0
646500,14,0,2,0,1,0
646600,18,0,0,0,2,0
646700,13,0,0,0,3,0
646800,16,0,0,0,6,0
646900,14,0,0,0,1,0
647000,21,0,0,0,3,0
647100,17,0,1,0,0,0
647200,16,0,0,0,3,0
647300,11,0,0,0,3,0
647400,16,0,1,0,5,0
647500,19,0,0,0,1,0
647600,16,0,0,0,3,0
647700,15,0,1,0,3,0
647800,19,0,0,0,1,0
647900,10,0,0,0,1,0
648000,12,0,0,0,1,0
648100,19,0,2,0,4,0
648200,18,0,1,0,2,0
648300,14,0,0,0,2,0
648400,19,0,0,0,2,0
648500,19,0,1,0,3,0
648600,14,0,0,0,0,0
648700,21,0,0,0,2,0
648800,15,0,0,0,2,0
648900,16,0,3,0,3,0
649000,13,0,1,0,4,0
649100,19,0,1,0,3,0
649200,12,0,0,0,1,0
649300,9,0,1,0,0,0
649400,22,0,0,0,1,0
649500,18,0,0,0,3,0
649600,13,0,0,0,1,0
649700,15,0,2,0,3,0
649800,18,0,0,0,5,0
649900,17,0,0,0,2,0
650000,14,0,0,0,5,0
650100,15,0,1,0,2,0
650200,11,0,0,0,1,0
650300,16,0,0,0,4,0
650400,11,0,3,0,0,0
650500,21,0,0,0,0,0
650600,15,0,0,0,3,0
650700,13,0,2,0,1,0
650800,22,0,0,0,0,0
650900,20,0,1,0,1,0
651000,20,0,1,0,0,0
651100,16,0,2,0,2,0
651200,16,0,0,0,4,0
651300,19,0,0,0,2,0
651400,21,0,1,0,2,0
651500,19,0,1,0,3,0
651600,12,0,0,0,2,0
651700,16,0,0,0,1,0
651800,20,0,2,0,3,0
651900,14,0,0,0,0,0
652000,11,0,0,0,4,0
652100,17,0,0,0,0,0
652200,6,0,2,0,1,0
652300,24,0,1,0,5,0
652400,13,0,0,0,2,0
652500,17,0,0,0,2,0
652600,17,0,0,0,1,0
652700,19,0,2,0,3,0
652800,16,0,1,0,1,0
652900,17,0,0,0,1,0
653000,9,0,1,0,2,0
653100,17,0,0,0,0,0
653200,14,0,2,0,0,0
653300,24,0,1,0,3,0
653400,15,0,0,0,1,0
653500,10,0,0,0,0,0
653600,25,0,0,0,3,0
653700,19,0,0,0,0,0
653800,23,0,0,0,3,0
653900,19,0,1,0,5,0
654000,17,0,0,0,1,0
654100,9,0,1,0,1,0
654200,16,0,1,0,2,0
654300,26,0,2,0,4,0
654400,10,0,0,0,2,0
654500,22,0,0,0,3,0
654600,29,0,2,0,1,0
654700,27,0,1,0,3,0
654800,11,0,3,0,2,0
654900,15,0,1,0,4,0
655000,16,0,0,0,1,0
655100,14,0,0,0,1,0
655200,15,0,0,0,2,0
655300,25,0,0,0,3,0
655400,14,0,0,0,2,0
655500,15,0,1,0,2,0
655600,12,0,0,0,2,0
655700,19,0,0,0,2,0
655800,15,0,0,0,1,0
655900,10,0,0,0,4,0
656000,24,0,1,0,2,0
656100,10,0,1,0,1,0
656200,19,0,0,0,2,0
656300,20,0,0,0,2,0
656400,15,0,0,0,3,0
656500,23,0,0,0,5,0
656600,18,0,0,0,0,0
656700,13,0,1,0,1,0
656800,9,0,2,0,3,0
656900,17,0,0,0,3,0
657000,29,0,0,0,0,0
657100,11,0,0,0,2,0
657200,18,0,0,0,2,0
657300,14,0,0,0,3,0
657400,5,0,0,0,3,0
657500,24,0,2,0,0,0
657600,9,0,0,0,4,0
657700,13,0,0,0,0,0
657800,12,0,0,0,5,0
657900,16,0,0,0,1,0
658000,14,0,0,0,3,0
658100,21,0,0,0,2,0
658200,17,0,2,0,0,0
658300,16,0,0,0,0,0
658400,20,0,1,0,2,0
658500,15,0,0,0,0,0
658600,19,0,2,0,2,0
658700,19,0,0,0,1,0
658800,15,0,1,0,3,0
658900,22,0,0,0,6,0
659000,19,0,1,0,1,0
659100,10,0,1,0,3,0
659200,21,0,2,0,0,0
659300,14,0,0,0,1,0
659400,15,0,0,0,2,0
659500,19,0,1,0,3,0
659600,17,0,0,0,2,0
659700,16,0,1,0,4,0
659800,15,0,1,0,1,0
659900,19,0,1,0,4,0
660000,12,0,1,0,1,0
660100,15,0,0,0,2,0
660200,14,0,0,0,0,0
660300,20,0,1,0,0,0
660400,17,0,2,0,2,0
660500,22,0,0,0,0,0
660600,15,0,2,0,1,0
660700,15,0,0,0,2,0
660800,14,0,1,0,0,0
660900,24,0,0,0,2,0
661000,15,0,0,0,1,0
661100,15,0,1,0,1,0
661200,15,0,1,0,3,0
661300,15,0,0,0,3,0
661400,17,0,1,0,0,0
661500,29,0,0,0,0,0
661600,19,0,0,0,2,0
661700,13,0,0,0,2,0
661800,21,0,2,0,1,0
661900,15,0,0,0,5,0
662000,10,0,0,0,0,0
662100,15,0,3,0,0,0
662200,13,0,1,0,2,0
662300,20,0,0,0,3,0
662400,15,0,2,0,0,0
662500,17,0,1,0,2,0
662600,10,0,0,0,3,0
662700,13,0,1,0,2,0
662800,16,0,1,0,2,0
662900,18,0,2,0,0,0
663000,16,0,0,0,2,0
663100,15,0,0,0,2,0
663200,16,0,1,0,5,0
663300,10,0,1,0,0,0
663400,17,0,4,0,4,0
663500,17,0,2,0,0,0
663600,18,0,2,0,0,0
663700,16,0,0,0,3,0
663800,18,0,1,0,1,0
663900,18,0,0,0,0,0
664000,13,0,0,0,2,0
664100,14,0,1,0,2,0
664200,22,0,0,0,0,0
664300,16,0,0,0,1,0
664400,15,0,0,0,4,0
664500,14,0,1,0,1,0
664600,20,0,1,0,3,0
664700,16,0,0,0,5,0
664800,11,0,1,0,1,0
664900,27,0,1,0,1,0
665000,10,0,0,0,1,0
665100,18,0,0,0,2,0
665200,14,0,0,0,3,0
665300,18,0,1,0,2,0
665400,11,0,0,0,3,0
665500,19,0,0,0,1,0
665600,15,0,1,0,0,0
665700,23,0,0,0,3,0
665800,16,0,0,0,1,0
665900,13,0,0,0,0,0
666000,12,0,2,0,0,0
666100,13,0,0,0,1,0
666200,23,0,0,0,3,0
666300,16,0,1,0,2,0
666400,17,0,1,0,1,0
666500,12,0,0,0,1,0
666600,15,0,3,0,2,0
666700,17,0,0,0,2,0
666800,14,0,1,0,2,0
666900,13,0,0,0,6,0
667000,16,0,1,0,3,0
667100,14,0,1,0,0,0
667200,12,0,1,0,1,0
667300,8,0,0,0,2,0
667400,21,0,0,0,5,0
667500,20,0,0,0,5,0
667600,15,0,1,0,1,0
667700,22,0,0,0,2,0
667800,17,0,1,0,1,0
667900,14,0,2,0,4,0
668000,18,0,0,0,3,0
668100,15,0,0,0,4,0
668200,18,0,1,0,1,0
668300,23,0,1,0,2,0
668400,17,0,0,0,1,0
668500,16,0,0,0,3,0
668600,9,0,2,0,4,0
668700,14,0,2,0,2,0
668800,23,0,1,0,0,0
668900,20,0,1,0,0,0
669000,20,0,1,0,1,0
669100,11,0,1,0,1,0
669200,13,0,0,0,1,0
669300,16,0,1,0,5,0
669400,21,0,2,0,2,0
669500,6,0,1,0,2,0
669600,18,0,1,0,0,0
669700,23,0,0,0,3,0
669800,15,0,2,0,1,0
669900,23,0,4,0,3,0
670000,11,0,1,0,2,0
670100,14,0,0,0,2,0
670200,14,0,1,0,2,0
670300,19,0,0,0,3,0
670400,10,0,0,0,2,0
670500,20,0,1,0,1,0
670600,11,0,0,0,2,0
670700,14,0,0,0,0,0
670800,19,0,2,0,1,0
670900,16,0,1,0,1,0
671000,18,0,0,0,1,0
671100,22,0,0,0,3,0
671200,15,0,0,0,1,0
671300,18,0,2,0,1,0
671400,15,0,0,0,3,0
671500,15,0,0,0,3,0
671600,13,0,1,0,4,0
671700,13,0,0,0,1,0
671800,18,0,1,0,2,0
671900,19,0,0,0,3,0
672000,16,0,1,0,2,0
672100,15,0,1,0,4,0
672200,13,0,3,0,2,0
672300,17,0,0,0,1,0
672400,14,0,0,0,1,0
672500,21,0,1,0,1,0
672600,13,0,0,0,2,0
672700,23,0,0,0,2,0
672800,20,0,0,0,2,0
672900,25,0,0,0,2,0
673000,11,0,1,0,2,0
673100,18,0,0,0,2,0
673200,15,0,0,0,1,0
673300,17,0,1,0,5,0
673400,13,0,2,0,5,0
673500,20,0,0,0,0,0
673600,19,0,0,0,1,0
673700,22,0,0,0,2,0
673800,18,0,1,0,0,0
673900,18,0,1,0,1,0
674000,9,0,1,0,5,0
674100,24,0,2,0,2,0
674200,19,0,0,0,1,0
674300,13,0,0,0,0,0
674400,28,0,0,0,2,0
674500,15,0,1,0,2,0
674600,17,0,1,0,2,0
674700,18,0,0,0,2,0
674800,25,0,0,0,1,0
674900,18,0,1,0,4,0
675000,22,0,0,0,2,0
675100,13,0,0,0,4,0
675200,20,0,0,0,0,0
675300,11,0,1,0,3,0
675400,17,0,0,0,1,0
675500,18,0,2,0,2,0
675600,16,0,1,0,1,0
675700,17,0,2,0,4,0
675800,16,0,0,0,0,0
675900,16,0,1,0,2,0
676000,18,0,0,0,2,0
676100,20,0,0,0,3,0
676200,23,0,1,0,3,0
676300,15,0,0,0,3,0
676400,20,0,0,0,4,0
676500,17,0,1,0,2,0
676600,10,0,1,0,1,0
676700,11,0,2,0,4,0
676800,11,0,2,0,2,0
676900,10,0,0,0,6,0
677000,25,0,0,0,2,0
677100,16,0,0,0,2,0
677200,17,0,1,0,1,0
677300,13,0,1,0,2,0
677400,10,0,1,0,0,0
677500,22,0,1,0,1,0
677600,12,0,1,0,2,0
677700,20,0,0,0,3,0
677800,12,0,0,0,0,0
677900,9,0,0,0,2,0
678000,17,0,1,0,1,0
678100,19,0,1,0,2,0
678200,16,0,0,0,0,0
678300,29,0,2,0,0,0
678400,18,0,0,0,3,0
678500,16,0,1,0,4,0
678600,17,0,0,0,1,0
678700,9,0,0,0,1,0
678800,17,0,0,0,1,0
678900,20,0,0,0,3,0
679000,15,0,1,0,2,0
679100,16,0,1,0,1,0
679200,24,0,0,0,3,0
679300,21,0,0,0,4,0
679400,13,0,4,0,1,0
679500,22,0,0,0,1,0
679600,17,0,1,0,3,0
679700,11,0,1,0,3,0
679800,16,0,2,0,2,0
679900,15,0,0,0,1,0
680000,17,0,0,0,2,0
680100,18,0,0,0,1,0
680200,13,0,0,0,3,0
680300,17,0,1,0,2,0
680400,22,0,0,0,1,0
680500,28,0,1,0,4,0
680600,19,0,0,0,0,0
680700,21,0,2,0,2,0
680800,22,0,0,0,1,0
680900,11,0,0,0,0,0
681000,25,0,1,0,3,0
681100,20,0,0,0,3,0
681200,15,0,1,0,1,0
681300,15,0,0,0,2,0
681400,17,0,0,0,6,0
681500,20,0,0,0,3,0
681600,16,0,1,0,5,0
681700,16,0,0,0,1,0
681800,16,0,0,0,3,0
681900,15,0,0,0,0,0
682000,10,0,0,0,2,0
682100,14,0,0,0,1,0
682200,20,0,1,0,0,0
682300,17,0,0,0,3,0
682400,29,0,0,0,2,0
682500,17,0,0,0,2,0
682600,19,0,0,0,1,0
682700,16,0,0,0,0,0
682800,12,0,0,0,1,0
682900,16,0,1,0,0,0
683000,18,0,1,0,1,0
683100,18,0,2,0,1,0
683200,19,0,0,0,3,0
683300,14,0,1,0,1,0
683400,17,0,0,0,1,0
683500,14,0,0,0,2,0
683600,17,0,0,0,2,0
683700,16,0,0,0,1,0
683800,12,0,1,0,2,0
683900,23,0,0,0,3,0
684000,20,0,0,0,2,0
684100,13,0,0,0,2,0
684200,25,0,1,0,2,0
684300,12,0,1,0,0,0
684400,13,0,0,0,0,0
684500,14,0,1,0,4,0
684600,15,0,1,0,1,0
684700,12,0,2,0,0,0
684800,19,0,1,0,1,0
684900,17,0,1,0,4,0
685000,12,0,1,0,1,0
685100,12,0,0,0,2,0
685200,17,0,0,0,0,0
685300,17,0,0,0,6,0
685400,20,0,0,0,2,0
685500,22,0,0,0,1,0
685600,16,0,1,0,2,0
685700,11,0,0,0,5,0
685800,17,0,0,0,0,0
685900,18,0,0,0,2,0
686000,22,0,1,0,1,0
686100,13,0,0,0,0,0
686200,18,0,0,0,2,0
686300,13,0,0,0,1,0
686400,14,0,1,0,0,0
686500,15,0,3,0,2,0
686600,13,0,1,0,2,0
686700,16,0,1,0,1,0
686800,12,0,0,0,3,0
686900,11,0,2,0,0,0
687000,12,0,0,0,1,0
687100,15,0,0,0,0,0
687200,18,0,1,0,2,0
687300,17,0,1,0,0,0
687400,13,0,0,0,3,0
687500,22,0,1,0,0,0
687600,25,0,0,0,0,0
687700,14,0,0,0,1,0
687800,14,0,2,0,1,0
687900,21,0,2,0,2,0
688000,8,0,1,0,0,0
688100,18,0,1,0,1,0
688200,26,0,1,0,3,0
688300,8,0,1,0,0,0
688400,16,0,0,0,1,0
688500,19,0,1,0,3,0
688600,17,0,0,0,2,0
688700,21,0,1,0,3,0
688800,12,0,1,0,0,0
688900,18,0,1,0,5,0
689000,28,0,0,0,0,0
689100,14,0,0,0,3,0
689200,16,0,1,0,2,0
689300,29,0,0,0,2,0
689400,9,0,0,0,1,0
689500,15,0,2,0,2,0
689600,15,0,2,0,1,0
689700,13,0,0,0,2,0
689800,28,0,1,0,2,0
689900,11,0,0,0,2,0
690000,19,0,1,0,0,0
690100,5,0,1,0,1,0
690200,28,0,2,0,1,0
690300,17,0,1,0,2,0
690400,17,0,2,0,0,0
690500,17,0,0,0,2,0
690600,18,0,1,0,3,0
690700,11,0,1,0,2,0
690800,13,0,0,0,2,0
690900,24,0,0,0,2,0
691000,13,0,1,0,3,0
691100,23,0,2,0,1,0
691200,15,0,0,0,1,0
691300,11,0,0,0,2,0
691400,29,0,0,0,1,0
691500,20,0,1,0,1,0
691600,15,0,0,0,2,0
691700,15,0,0,0,2,0
691800,22,0,0,0,3,0
691900,16,0,1,0,0,0
692000,21,0,0,0,2,0
692100,15,0,0,0,2,0
692200,25,0,0,0,1,0
692300,13,0,0,0,2,0
692400,15,0,1,0,1,0
692500,12,0,0,0,2,0
692600,7,0,0,0,2,0
692700,14,0,3,0,1,0
692800,14,0,0,0,4,0
692900,15,0,0,0,3,0
693000,16,0,0,0,2,0
693100,15,0,0,0,2,0
693200,17,0,0,0,1,0
693300,17,0,0,0,0,0
693400,15,0,0,0,3,0
693500,20,0,2,0,5,0
693600,20,0,1,0,0,0
693700,17,0,1,0,0,0
693800,15,0,1,0,0,0
693900,12,0,0,0,0,0
694000,13,0,1,0,2,0
694100,14,0,2,0,2,0
694200,12,0,0,0,2,0
694300,13,0,2,0,2,0
694400,18,0,2,0,5,0
694500,17,0,1,0,3,0
694600,17,0,1,0,2,0
694700,20,0,0,0,1,0
694800,17,0,0,0,3,0
694900,19,0,0,0,3,0
695000,8,0,0,0,0,0
695100,11,0,0,0,1,0
695200,13,0,2,0,1,0
695300,13,0,1,0,1,0
695400,11,0,0,0,2,0
695500,13,0,1,0,1,0
695600,25,0,1,0,3,0
695700,18,0,0,0,0,0
695800,21,0,2,0,0,0
695900,12,0,1,0,1,0
696000,21,0,0,0,5,0
696100,23,0,0,0,2,0
696200,16,0,0,0,0,0
696300,15,0,0,0,2,0
696400,21,0,1,0,3,0
696500,9,0,0,0,2,0
696600,12,0,0,0,1,0
696700,12,0,0,0,4,0
696800,17,0,0,0,0,0
696900,17,0,2,0,1,0
697000,20,0,3,0,2,0
697100,19,0,0,0,1,0
697200,13,0,1,0,1,0
697300,22,0,0,0,1,0
697400,18,0,1,0,1,0
697500,18,0,1,0,3,0
697600,21,0,0,0,1,0
697700,12,0,1,0,5,0
697800,19,0,0,0,1,0
697900,17,0,1,0,1,0
698000,17,0,0,0,1,0
698100,17,0,1,0,0,0
698200,17,0,0,0,2,0
698300,14,0,0,0,4,0
698400,19,0,2,0,6,0
698500,17,0,0,0,1,0
698600,16,0,1,0,2,0
698700,16,0,1,0,3,0
698800,16,0,0,0,3,0
698900,11,0,0,0,1,0
699000,14,0,2,0,1,0
699100,15,0,1,0,1,0
699200,26,0,0,0,2,0
699300,8,0,0,0,1,0
699400,11,0,1,0,2,0
699500,16,0,1,0,2,0
699600,17,0,0,0,0,0
699700,14,0,1,0,2,0
699800,17,0,0,0,0,0
699900,16,0,1,0,1,0
700000,19,0,1,0,0,0
700100,21,0,2,0,2,0
700200,14,0,0,0,3,0
700300,13,0,0,0,2,0
700400,7,0,0,0,0,0
700500,13,0,0,0,4,0
700600,25,0,0,0,1,0
700700,19,0,0,0,4,0
700800,4,0,0,0,1,0
700900,11,0,0,0,1,0
701000,10,0,0,0,1,0
701100,17,0,0,0,2,0
701200,12,0,1,0,4,0
701300,12,0,0,0,4,0
701400,10,0,0,0,2,0
701500,18,0,0,0,2,0
701600,18,0,0,0,0,0
701700,13,0,1,0,3,0
701800,10,0,1,0,2,0
701900,15,0,0,0,0,0
702000,14,0,0,0,3,0
702100,6,0,1,0,2,0
702200,7,0,0,0,1,0
702300,11,0,0,0,2,0
702400,24,0,0,0,3,0
702500,10,0,2,0,1,0
702600,13,0,0,0,0,0
702700,17,0,0,0,2,0
702800,10,0,0,0,1,0
702900,17,0,0,0,3,0
703000,15,0,0,0,5,0
703100,13,0,0,0,1,0
703200,10,0,1,0,3,0
703300,16,0,1,0,1,0
703400,14,0,1,0,1,0
703500,19,0,0,0,1,0
703600,16,0,1,0,0,0
703700,14,0,2,0,3,0
703800,8,0,0,0,1,0
703900,11,0,3,0,2,0
704000,16,0,0,0,1,0
704100,11,0,0,0,0,0
704200,13,0,0,0,0,0
704300,14,0,0,0,2,0
704400,12,0,1,0,2,0
704500,8,0,3,0,3,0
704600,17,0,1,0,0,0
704700,13,0,1,0,2,0
704800,11,0,0,0,0,0
704900,17,0,0,0,0,0
705000,15,0,3,0,0,0
705100,11,0,1,0,2,0
705200,11,0,0,0,1,0
705300,19,0,0,0,5,0
705400,18,0,1,0,0,0
705500,21,0,1,0,3,0
705600,19,0,1,0,3,0
705700,15,0,0,0,2,0
705800,12,0,0,0,2,0
705900,13,0,1,0,4,0
706000,11,0,2,0,4,0
706100,15,0,1,0,3,0
706200,18,0,1,0,2,0
706300,22,0,1,0,1,0
706400,12,0,1,0,0,0
706500,9,0,0,0,2,0
706600,17,0,1,0,1,0
706700,19,0,0,0,0,0
706800,16,0,0,0,1,0
706900,19,0,0,0,1,0
707000,10,0,1,0,2,0
707100,16,0,1,0,4,0
707200,18,0,2,0,7,0
707300,12,0,0,0,3,0
707400,20,0,0,0,0,0
707500,11,0,0,0,0,0
707600,20,0,1,0,0,0
707700,19,0,0,0,1,0
707800,24,0,6,0,1,0
707900,9,0,0,0,2,0
708000,22,0,1,0,3,0
708100,15,0,0,0,1,0
708200,23,0,0,0,1,0
708300,21,0,1,0,0,0
708400,16,0,0,0,1,0
708500,11,0,0,0,4,0
708600,16,0,2,0,2,0
708700,21,0,1,0,3,0
708800,9,0,1,0,3,0
708900,17,0,0,0,1,0
709000,20,0,1,0,2,0
709100,14,0,0,0,2,0
709200,19,0,0,0,2,0
709300,13,0,0,0,3,0
709400,8,0,1,0,3,0
709500,9,0,2,0,3,0
709600,17,0,1,0,4,0
709700,8,0,0,0,1,0
709800,9,0,1,0,1,0
709900,16,0,0,0,2,0
710000,15,0,1,0,2,0
710100,18,0,2,0,1,0
710200,15,0,0,0,3,0
710300,17,0,0,0,1,0
710400,14,0,0,0,2,0
710500,6,0,0,0,5,0
710600,16,0,2,0,1,0
710700,11,0,0,0,2,0
710800,19,0,1,0,0,0
710900,10,0,2,0,1,0
711000,20,0,1,0,4,0
711100,12,0,2,0,2,0
711200,20,0,1,0,0,0
711300,7,0,2,0,2,0
711400,15,0,1,0,2,0
711500,10,0,2,0,1,0
711600,17,0,1,0,2,0
711700,14,0,3,0,1,0
711800,18,0,2,0,3,0
711900,17,0,0,0,1,0
712000,16,0,2,0,0,0
712100,23,0,0,0,3,0
712200,15,0,0,0,1,0
712300,20,0,1,0,3,0
712400,18,0,0,0,1,0
712500,16,0,0,0,2,0
712600,11,0,2,0,1,0
712700,12,0,0,0,1,0
712800,8,0,0,0,5,0
712900,22,0,1,0,0,0
713000,14,0,0,0,2,0
713100,3,0,1,0,3,0
713200,14,0,1,0,2,0
713300,13,0,0,0,0,0
713400,15,0,0,0,0,0
713500,24,0,1,0,0,0
713600,20,0,2,0,3,0
713700,18,0,1,0,3,0
713800,17,0,0,0,3,0
713900,14,0,1,0,3,0
714000,14,0,0,0,2,0
714100,22,0,0,0,2,0
714200,16,0,0,0,4,0
714300,18,0,0,0,4,0
714400,17,0,0,0,3,0
714500,14,0,1,0,4,0
714600,14,0,1,0,1,0
714700,15,0,0,0,3,0
714800,15,0,0,0,2,0
714900,17,0,0,0,3,0
715000,13,0,1,0,3,0
715100,12,0,0,0,3,0
715200,17,0,0,0,3,0
715300,10,0,0,0,1,0
715400,17,0,1,0,0,0
715500,23,0,0,0,4,0
715600,9,0,0,0,1,0
715700,10,0,1,0,1,0
715800,6,0,1,0,3,0
715900,11,0,0,0,1,0
716000,15,0,2,0,0,0
716100,10,0,0,0,2,0
716200,24,0,0,0,1,0
716300,8,0,0,0,1,0
716400,13,0,1,0,1,0
716500,12,0,2,0,1,0
716600,12,0,0,0,4,0
716700,11,0,1,0,1,0
716800,11,0,0,0,2,0
716900,18,0,0,0,1,0
717000,18,0,2,0,3,0
717100,14,0,0,0,2,0
717200,13,0,2,0,2,0
717300,12,0,2,0,1,0
717400,21,0,1,0,0,0
717500,21,0,1,0,4,0
717600,19,0,0,0,0,0
717700,19,0,0,0,2,0
717800,13,0,0,0,4,0
717900,13,0,0,0,3,0
718000,15,0,0,0,3,0
718100,25,0,1,0,2,0
718200,15,0,0,0,1,0
718300,11,0,0,0,1,0
718400,18,0,2,0,2,0
718500,11,0,3,0,0,0
718600,6,0,1,0,2,0
718700,19,0,0,0,2,0
718800,14,0,0,0,2,0
718900,23,0,0,0,1,0
719000,15,0,0,0,0,0
719100,7,0,0,0,5,0
719200,13,0,0,0,1,0
719300,13,0,0,0,1,0
719400,20,0,0,0,3,0
719500,26,0,0,0,2,0
719600,9,0,0,0,0,0
719700,13,0,0,0,3,0
719800,18,0,0,0,0,0
719900,16,0,0,0,2,0
720000,8,0,1,0,2,0
720100,20,0,1,0,3,0
720200,15,0,0,0,0,0
720300,6,0,0,0,0,0
720400,16,0,1,0,1,0
720500,11,0,0,0,2,0
720600,12,0,1,0,3,0
720700,8,0,0,0,3,0
720800,19,0,0,0,4,0
720900,16,0,0,0,2,0
721000,9,0,3,0,4,0
721100,13,0,0,0,2,0
721200,18,0,1,0,1,0
721300,14,0,1,0,2,0
721400,15,0,0,0,3,0
721500,18,0,1,0,0,0
721600,9,0,0,0,1,0
721700,10,0,1,0,4,0
721800,15,0,0,0,0,0
721900,9,0,0,0,3,0
722000,15,0,0,0,3,0
722100,12,0,0,0,1,0
722200,20,0,0,0,1,0
722300,18,0,1,0,0,0
722400,15,0,1,0,1,0
722500,12,0,0,0,3,0
722600,11,0,3,0,4,0
722700,15,0,1,0,2,0
722800,20,0,0,0,0,0
722900,16,0,1,0,1,0
723000,15,0,0,0,1,0
723100,16,0,1,0,0,0
723200,11,0,1,0,1,0
723300,16,0,0,0,1,0
723400,24,0,1,0,0,0
723500,13,0,1,0,1,0
723600,16,0,0,0,1,0
723700,12,0,0,0,2,0
723800,18,0,0,0,3,0
723900,11,0,0,0,4,0
724000,13,0,0,0,3,0
724100,23,0,0,0,1,0
724200,14,0,0,0,2,0
724300,17,0,0,0,0,0
724400,12,0,0,0,4,0
724500,13,0,1,0,2,0
724600,16,0,0,0,0,0
724700,18,0,2,0,0,0
724800,25,0,1,0,3,0
724900,8,0,0,0,2,0
725000,24,0,2,0,2,0
725100,10,0,0,0,0,0
725200,16,0,2,0,1,0
725300,15,0,0,0,2,0
725400,17,0,1,0,4,0
725500,15,0,2,0,5,0
725600,15,0,1,0,3,0
725700,9,0,1,0,1,0
725800,15,0,1,0,4,0
725900,13,0,1,0,2,0
726000,13,0,0,0,1,0
726100,18,0,1,0,0,0
726200,11,0,0,0,3,0
726300,14,0,0,0,1,0
726400,12,0,0,0,0,0
726500,7,0,1,0,2,0
726600,18,0,1,0,1,0
726700,17,0,0,0,1,0
726800,14,0,1,0,1,0
726900,16,0,0,0,2,0
727000,15,0,1,0,3,0
727100,12,0,0,0,1,0
727200,15,0,0,0,3,0
727300,16,0,1,0,2,0
727400,6,0,1,0,2,0
727500,20,0,0,0,0,0
727600,11,0,0,0,0,0
727700,16,0,0,0,2,0
727800,12,0,0,0,4,0
727900,17,0,1,0,5,0
728000,11,0,0,0,0,0
728100,9,0,1,0,0,0
728200,14,0,0,0,0,0
728300,9,0,1,0,1,0
728400,13,0,0,0,0,0
728500,9,0,1,0,0,0
728600,16,0,0,0,1,0
728700,8,0,1,0,3,0
728800,11,0,0,0,2,0
728900,8,0,3,0,3,0
729000,14,0,0,0,2,0
729100,14,0,0,0,4,0
729200,17,0,0,0,5,0
729300,8,0,0,0,2,0
729400,15,0,1,0,1,0
729500,7,0,0,0,2,0
729600,10,0,0,0,0,0
729700,6,0,0,0,2,0
729800,15,0,0,0,3,0
729900,14,0,0,0,1,0
730000,15,0,0,0,0,0
730100,22,0,0,0,2,0
730200,8,0,1,0,1,0
730300,18,0,1,0,2,0
730400,15,0,2,0,2,0
730500,7,0,0,0,2,0
730600,15,0,0,0,1,0
730700,13,0,0,0,1,0
730800,15,0,1,0,2,0
730900,7,0,0,0,2,0
731000,12,0,1,0,4,0
731100,17,0,0,0,1,0
731200,16,0,1,0,1,0
731300,16,0,1,0,0,0
731400,8,0,2,0,2,0
731500,13,0,0,0,3,0
731600,17,0,0,0,1,0
731700,15,0,1,0,1,0
731800,15,0,1,0,2,0
731900,8,0,1,0,4,0
732000,9,0,0,0,6,0
732100,12,0,0,0,4,0
732200,12,0,1,0,1,0
732300,15,0,1,0,1,0
732400,11,0,0,0,2,0
732500,17,0,0,0,0,0
732600,12,0,1,0,1,0
732700,11,0,0,0,0,0
732800,23,0,0,0,2,0
732900,10,0,0,0,2,0
733000,7,0,0,0,4,0
733100,15,0,0,0,3,0
733200,15,0,1,0,0,0
733300,14,0,1,0,2,0
733400,10,0,0,0,0,0
733500,18,0,1,0,2,0
733600,8,0,0,0,1,0
733700,15,0,0,0,2,0
733800,13,0,0,0,0,0
733900,15,0,1,0,1,0
734000,7,0,0,0,2,0
734100,19,0,0,0,2,0
734200,10,0,2,0,2,0
734300,10,0,0,0,1,0
734400,9,0,0,0,3,0
734500,14,0,2,0,4,0
734600,14,0,0,0,1,0
734700,15,0,1,0,4,0
734800,17,0,1,0,1,0
734900,12,0,3,0,2,0
735000,13,0,4,0,2,0
735100,12,0,0,0,2,0
735200,10,0,1,0,3,0
735300,21,0,0,0,0,0
735400,10,0,1,0,0,0
735500,11,0,1,0,3,0
735600,12,0,0,0,3,0
735700,14,0,0,0,3,0
735800,9,0,1,0,1,0
735900,15,0,1,0,3,0
736000,18,0,1,0,0,0
736100,17,0,0,0,1,0
736200,21,0,0,0,1,0
736300,17,0,0,0,2,0
736400,8,0,1,0,1,0
736500,16,0,0,0,4,0
736600,4,0,0,0,0,0
736700,8,0,2,0,5,0
736800,19,0,0,0,2,0
736900,13,0,1,0,7,0
737000,12,0,1,0,2,0
737100,13,0,1,0,2,0
737200,20,0,3,0,3,0
737300,23,0,1,0,3,0
737400,17,0,1,0,1,0
737500,13,0,2,0,3,0
737600,17,0,0,0,1,0
737700,12,0,1,0,1,0
737800,19,0,0,0,2,0
737900,17,0,1,0,0,0
738000,12,0,0,0,4,0
738100,14,0,2,0,4,0
738200,19,0,0,0,3,0
738300,15,0,0,0,0,0
738400,9,0,1,0,1,0
738500,23,0,0,0,3,0
738600,11,0,0,0,0,0
738700,14,0,0,0,1,0
738800,10,0,1,0,2,0
738900,22,0,1,0,2,0
739000,9,0,0,0,1,0
739100,16,0,3,0,1,0
739200,19,0,1,0,0,0
739300,12,0,0,0,1,0
739400,11,0,0,0,4,0
739500,13,0,0,0,4,0
739600,13,0,0,0,1,0
739700,7,0,0,0,1,0
739800,16,0,0,0,2,0
739900,14,0,0,0,4,0
740000,13,0,1,0,4,0
740100,20,0,0,0,3,0
740200,18,0,0,0,0,0
740300,11,0,0,0,3,0
740400,11,0,0,0,3,0
740500,13,0,0,0,1,0
740600,7,0,0,0,0,0
740700,10,0,0,0,3,0
740800,17,0,0,0,2,0
740900,12,0,1,0,3,0
741000,15,0,0,0,0,0
741100,13,0,0,0,1,0
741200,8,0,0,0,2,0
741300,11,0,0,0,1,0
741400,14,0,0,0,2,0
741500,13,0,0,0,0,0
741600,12,0,0,0,4,0
741700,18,0,2,0,3,0
741800,9,0,0,0,2,0
741900,14,0,0,0,3,0
742000,19,0,0,0,3,0
742100,15,0,0,0,1,0
742200,15,0,1,0,4,0
742300,16,0,0,0,1,0
742400,13,0,0,0,3,0
742500,13,0,0,0,2,0
742600,11,0,0,0,0,0
742700,18,0,0,0,2,0
742800,15,0,0,0,3,0
742900,14,0,2,0,1,0
743000,7,0,0,0,1,0
743100,8,0,0,0,0,0
743200,8,0,0,0,0,0
743300,15,0,0,0,1,0
743400,9,0,0,0,0,0
743500,12,0,1,0,0,0
743600,13,0,1,0,3,0
743700,10,0,0,0,1,0
743800,8,0,0,0,3,0
743900,13,0,0,0,0,0
744000,10,0,1,0,1,0
744100,10,0,0,0,4,0
744200,11,0,0,0,1,0
744300,14,0,0,0,1,0
744400,13,0,0,0,3,0
744500,6,0,0,0,0,0
744600,8,0,2,0,1,0
744700,8,0,0,0,6,0
744800,10,0,0,0,2,0
744900,11,0,1,0,3,0
745000,12,0,1,0,3,0
745100,14,0,0,0,2,0
745200,15,0,0,0,5,0
745300,13,0,0,0,2,0
745400,10,0,0,0,2,0
745500,17,0,0,0,0,0
745600,6,0,1,0,0,0
745700,14,0,0,0,1,0
745800,6,0,1,0,0,0
745900,14,0,2,0,1,0
746000,8,0,1,0,1,0
746100,14,0,1,0,1,0
746200,20,0,0,0,0,0
746300,13,0,1,0,0,0
746400,11,0,0,0,3,0
746500,19,0,1,0,0,0
746600,12,0,1,0,0,0
746700,6,0,0,0,2,0
746800,10,0,2,0,0,0
746900,7,0,3,0,0,0
747000,19,0,1,0,2,0
747100,10,0,0,0,2,0
747200,17,0,1,0,2,0
747300,14,0,1,0,1,0
747400,13,0,0,0,0,0
747500,20,0,1,0,4,0
747600,14,0,3,0,0,0
747700,12,0,0,0,2,0
747800,13,0,1,0,0,0
747900,12,0,1,0,1,0
748000,17,0,0,0,4,0
748100,8,0,1,0,1,0
748200,12,0,1,0,1,0
748300,15,0,1,0,0,0
748400,8,0,0,0,2,0
748500,20,0,0,0,2,0
748600,19,0,0,0,2,0
748700,13,0,0,0,2,0
748800,7,0,0,0,1,0
748900,17,0,0,0,1,0
749000,6,0,3,0,1,0
749100,14,0,0,0,3,0
749200,13,0,0,0,0,0
749300,16,0,0,0,2,0
749400,15,0,1,0,2,0
749500,12,0,0,0,1,0
749600,14,0,2,0,4,0
749700,14,0,0,0,2,0
749800,19,0,1,0,2,0
749900,14,0,0,0,1,0
750000,21,0,0,0,2,0
750100,7,0,0,0,2,0
750200,29,0,1,0,1,0
750300,13,0,0,0,1,0
750400,6,0,0,0,2,0
750500,12,0,0,0,1,0
750600,17,0,0,0,1,0
750700,12,0,1,0,2,0
750800,10,0,1,0,0,0
750900,13,0,4,0,1,0
751000,11,0,1,0,4,0
751100,13,0,0,0,3,0
751200,14,0,0,0,2,0
751300,12,0,1,0,4,0
751400,15,0,3,0,2,0
751500,10,0,5,0,4,0
751600,13,0,1,0,0,0
751700,10,0,1,0,0,0
751800,18,0,0,0,3,0
751900,20,0,0,0,1,0
752000,14,0,1,0,2,0
752100,12,0,1,0,4,0
752200,11,0,1,0,2,0
752300,14,0,4,0,1,0
752400,7,0,2,0,1,0
752500,9,0,0,0,1,0
752600,20,0,0,0,1,0
752700,19,0,1,0,1,0
752800,15,0,1,0,3,0
752900,11,0,0,0,3,0
753000,18,0,0,0,1,0
753100,19,0,1,0,2,0
753200,13,0,1,0,1,0
753300,13,0,1,0,2,0
753400,19,0,0,0,1,0
753500,21,0,0,0,1,0
753600,17,0,1,0,2,0
753700,15,0,2,0,2,0
753800,14,0,1,0,4,0
753900,13,0,1,0,3,0
754000,18,0,0,0,1,0
754100,16,0,0,0,0,0
754200,13,0,2,0,0,0
754300,16,0,1,0,2,0
754400,11,0,0,0,2,0
754500,14,0,4,0,2,0
754600,12,0,0,0,2,0
754700,21,0,0,0,3,0
754800,8,0,0,0,2,0
754900,19,0,0,0,2,0
755000,14,0,0,0,2,0
755100,6,0,0,0,3,0
755200,18,0,1,0,2,0
755300,25,0,1,0,3,0
755400,18,0,1,0,2,0
755500,17,0,0,0,1,0
755600,14,0,0,0,4,0
755700,16,0,0,0,1,0
755800,17,0,1,0,1,0
755900,10,0,5,0,3,0
756000,18,0,0,0,3,0
756100,11,0,1,0,3,0
756200,13,0,0,0,3,0
756300,19,0,0,0,2,0
756400,15,0,1,0,4,0
756500,14,0,1,0,4,0
756600,17,0,0,0,0,0
756700,24,0,0,0,5,0
756800,7,0,0,0,1,0
756900,17,0,0,0,2,0
757000,17,0,1,0,0,0
757100,15,0,0,0,2,0
757200,7,0,0,0,2,0
757300,15,0,0,0,2,0
757400,15,0,1,0,0,0
757500,19,0,1,0,2,0
757600,11,0,0,0,0,0
757700,10,0,0,0,1,0
757800,13,0,0,0,0,0
757900,21,0,1,0,3,0
758000,19,0,0,0,2,0
758100,25,0,1,0,3,0
758200,13,0,1,0,2,0
758300,16,0,1,0,2,0
758400,20,0,0,0,2,0
758500,16,0,1,0,0,0
758600,16,0,1,0,3,0
758700,22,0,2,0,0,0
758800,18,0,0,0,0,0
758900,13,0,0,0,3,0
759000,12,0,0,0,2,0
759100,16,0,1,0,4,0
759200,19,0,0,0,0,0
759300,20,0,0,0,0,0
759400,17,0,0,0,6,0
759500,13,0,0,0,1,0
759600,8,0,0,0,2,0
759700,16,0,0,0,3,0
759800,17,0,0,0,0,0
759900,14,0,0,0,3,0
760000,21,0,0,0,3,0
760100,16,0,1,0,2,0
760200,19,0,0,0,1,0
760300,10,0,1,0,4,0
760400,9,0,1,0,0,0
760500,8,0,0,0,2,0
760600,11,0,0,0,1,0
760700,15,0,0,0,3,0
760800,8,0,1,0,2,0
760900,14,0,0,0,1,0
761000,12,0,0,0,2,0
761100,15,0,1,0,3,0
761200,17,0,0,0,0,0
761300,9,0,0,0,0,0
761400,14,0,0,0,2,0
761500,11,0,2,0,0,0
761600,11,0,0,0,1,0
761700,19,0,0,0,1,0
761800,12,0,0,0,1,0
761900,10,0,0,0,0,0
762000,14,0,1,0,3,0
762100,21,0,2,0,0,0
762200,12,0,0,0,5,0
762300,14,0,1,0,1,0
762400,15,0,2,0,0,0
762500,19,0,0,0,2,0
762600,15,0,0,0,1,0
762700,17,0,1,0,2,0
762800,19,0,0,0,3,0
762900,4,0,1,0,0,0
763000,22,0,1,0,0,0
763100,19,0,1,0,0,0
763200,10,0,2,0,1,0
763300,8,0,1,0,2,0
763400,20,0,0,0,1,0
763500,9,0,1,0,3,0
763600,16,0,2,0,1,0
763700,17,0,3,0,2,0
763800,22,0,1,0,2,0
763900,14,0,2,0,1,0
764000,7,0,0,0,3,0
764100,12,0,1,0,1,0
764200,11,0,1,0,0,0
764300,17,0,2,0,3,0
764400,15,0,3,0,4,0
764500,14,0,0,0,0,0
764600,13,0,2,0,5,0
764700,14,0,1,0,2,0
764800,20,0,0,0,0,0
764900,9,0,0,0,0,0
765000,8,0,0,0,5,0
765100,9,0,0,0,5,0
765200,14,0,1,0,1,0
765300,9,0,1,0,0,0
765400,10,0,0,0,2,0
765500,11,0,1,0,1,0
765600,24,0,0,0,0,0
765700,13,0,0,0,2,0
765800,17,0,0,0,6,0
765900,17,0,0,0,2,0
766000,19,0,1,0,1,0
766100,12,0,0,0,2,0
766200,16,0,1,0,1,0
766300,15,0,0,0,1,0
766400,14,0,0,0,3,0
766500,13,0,0,0,2,0
766600,21,0,2,0,0,0
766700,12,0,0,0,1,0
766800,16,0,0,0,1,0
766900,25,0,0,0,2,0
767000,9,0,0,0,3,0
767100,6,0,0,0,4,0
767200,19,0,0,0,1,0
767300,13,0,2,0,2,0
767400,13,0,0,0,4,0
767500,20,0,0,0,2,0
767600,9,0,1,0,2,0
767700,9,0,0,0,1,0
767800,14,0,1,0,3,0
767900,7,0,7,0,2,0
768000,9,0,2,0,0,0
768100,17,0,1,0,1,0
768200,17,0,1,0,0,0
768300,19,0,1,0,0,0
768400,15,0,0,0,1,0
768500,15,0,3,0,1,0
768600,11,0,0,0,1,0
768700,12,0,1,0,2,0
768800,12,0,1,0,3,0
768900,11,0,0,0,0,0
769000,6,0,0,0,4,0
769100,18,0,0,0,2,0
769200,13,0,1,0,5,0
769300,4,0,2,0,1,0
769400,12,0,0,0,4,0
769500,14,0,0,0,1,0
769600,14,0,0,0,4,0
769700,13,0,1,0,3,0
769800,21,0,3,0,3,0
769900,17,0,0,0,3,0
770000,14,0,0,0,2,0
770100,18,0,1,0,2,0
770200,16,0,0,0,3,0
770300,8,0,0,0,2,0
770400,17,0,0,0,0,0
770500,18,0,1,0,2,0
770600,9,0,1,0,0,0
770700,13,0,0,0,2,0
770800,14,0,0,0,3,0
770900,18,0,0,0,2,0
771000,18,0,2,0,2,0
771100,17,0,0,0,0,0
771200,13,0,0,0,4,0
771300,12,0,4,0,1,0
771400,10,0,2,0,3,0
771500,19,0,0,0,2,0
771600,18,0,1,0,1,0
771700,26,0,2,0,0,0
771800,11,0,1,0,1,0
771900,14,0,0,0,4,0
772000,11,0,0,0,2,0
772100,21,0,0,0,4,0
772200,17,0,1,0,3,0
772300,14,0,1,0,1,0
772400,20,0,0,0,0,0
772500,17,0,0,0,1,0
772600,21,0,0,0,1,0
772700,15,0,3,0,3,0
772800,9,0,1,0,3,0
772900,18,0,0,0,5,0
773000,18,0,1,0,3,0
773100,14,0,1,0,2,0
773200,13,0,0,0,2,0
773300,15,0,1,0,5,0
773400,17,0,0,0,1,0
773500,12,0,2,0,0,0
773600,13,0,0,0,3,0
773700,20,0,1,0,3,0
773800,16,0,0,0,2,0
773900,19,0,0,0,1,0
774000,16,0,0,0,1,0
774100,23,0,0,0,1,0
774200,21,0,0,0,2,0
774300,23,0,0,0,4,0
774400,15,0,0,0,3,0
774500,15,0,2,0,1,0
774600,25,0,0,0,5,0
774700,15,0,3,0,2,0
774800,10,0,0,0,3,0
774900,18,0,0,0,1,0
775000,17,0,0,0,2,0
775100,14,0,0,0,1,0
775200,14,0,0,0,3,0
775300,14,0,2,0,3,0
775400,16,0,0,0,0,0
775500,16,0,1,0,2,0
775600,9,0,0,0,1,0
775700,16,0,0,0,1,0
775800,11,0,4,0,3,0
775900,17,0,0,0,3,0
776000,15,0,0,0,3,0
776100,14,0,0,0,1,0
776200,14,0,1,0,2,0
776300,18,0,0,0,3,0
776400,6,0,1,0,1,0
776500,15,0,1,0,0,0
776600,14,0,1,0,4,0
776700,11,0,0,0,3,0
776800,7,0,1,0,2,0
776900,26,0,1,0,1,0
777000,13,0,0,0,0,0
777100,18,0,0,0,4,0
777200,16,0,1,0,4,0
777300,16,0,0,0,4,0
777400,16,0,0,0,2,0
777500,23,0,1,0,2,0
777600,11,0,2,0,3,0
777700,20,0,0,0,2,0
777800,17,0,0,0,1,0
777900,21,0,0,0,2,0
778000,19,0,0,0,1,0
778100,13,0,0,0,0,0
778200,18,0,2,0,6,0
778300,17,0,1,0,1,0
778400,22,0,0,0,3,0
778500,15,0,1,0,0,0
778600,8,0,2,0,6,0
778700,17,0,3,0,2,0
778800,16,0,3,0,3,0
778900,12,0,1,0,1,0
779000,14,0,2,0,4,0
779100,15,0,4,0,4,0
779200,6,0,4,0,1,0
779300,19,0,0,0,4,0
779400,28,0,1,0,1,0
779500,20,0,2,0,1,0
779600,12,0,0,0,3,0
779700,18,0,0,0,3,0
779800,12,0,1,0,3,0
779900,7,0,0,0,1,0
780000,21,0,0,0,3,0
780100,14,0,2,0,3,0
780200,14,0,1,0,2,0
780300,9,0,0,0,1,0
780400,14,0,0,0,3,0
780500,9,0,1,0,2,0
780600,11,0,1,0,1,0
780700,17,0,1,0,3,0
780800,11,0,2,0,0,0
780900,21,0,0,0,3,0
781000,17,0,0,0,2,0
781100,19,0,0,0,3,0
781200,10,0,1,0,0,0
781300,20,0,3,0,4,0
781400,17,0,2,0,2,0
781500,22,0,0,0,1,0
781600,25,0,1,0,1,0
781700,18,0,1,0,2,0
781800,21,0,1,0,3,0
781900,20,0,0,0,1,0
782000,11,0,0,0,2,0
782100,19,0,0,0,1,0
782200,16,0,1,0,2,0
782300,23,0,1,0,3,0
782400,16,0,0,0,4,0
782500,18,0,0,0,2,0
782600,18,0,2,0,3,0
782700,12,0,1,0,4,0
782800,18,0,0,0,1,0
782900,24,0,0,0,2,0
783000,22,0,0,0,0,0
783100,14,0,0,0,1,0
783200,12,0,1,0,2,0
783300,11,0,1,0,3,0
783400,14,0,2,0,1,0
783500,14,0,1,0,1,0
783600,20,0,2,0,0,0
783700,25,0,0,0,1,0
783800,13,0,2,0,5,0
783900,15,0,1,0,1,0
784000,16,0,3,0,2,0
784100,18,0,0,0,1,0
784200,11,0,0,0,2,0
784300,17,0,0,0,5,0
784400,23,0,1,0,1,0
784500,12,0,1,0,6,0
784600,12,0,0,0,1,0
784700,27,0,0,0,4,0
784800,15,0,0,0,1,0
784900,19,0,1,0,0,0
785000,18,0,0,0,0,0
785100,17,0,0,0,0,0
785200,21,0,1,0,3,0
785300,14,0,0,0,1,0
785400,13,0,0,0,2,0
785500,14,0,0,0,5,0
785600,25,0,2,0,1,0
785700,13,0,0,0,1,0
785800,16,0,1,0,4,0
785900,21,0,0,0,1,0
786000,23,0,0,0,2,0
786100,15,0,0,0,0,0
786200,13,0,1,0,0,0
786300,20,0,0,0,3,0
786400,20,0,0,0,3,0
786500,22,0,0,0,0,0
786600,17,0,1,0,3,0
786700,10,0,0,0,7,0
786800,14,0,1,0,2,0
786900,21,0,0,0,5,0
787000,22,0,0,0,0,0
787100,15,0,0,0,3,0
787200,17,0,2,0,2,0
787300,16,0,2,0,2,0
787400,13,0,0,0,1,0
787500,22,0,0,0,1,0
787600,22,0,3,0,0,0
787700,23,0,1,0,2,0
787800,13,0,0,0,2,0
787900,11,0,0,0,0,0
788000,16,0,1,0,5,0
788100,20,0,0,0,1,0
788200,21,0,0,0,1,0
788300,18,0,1,0,3,0
788400,11,0,0,0,1,0
788500,19,0,1,0,2,0
788600,19,0,0,0,0,0
788700,17,0,2,0,2,0
788800,16,0,1,0,1,0
788900,18,0,0,0,0,0
789000,17,0,0,0,2,0
789100,20,0,0,0,1,0
789200,14,0,0,0,0,0
789300,12,0,1,0,2,0
789400,11,0,0,0,2,0
789500,19,0,0,0,3,0
789600,16,0,0,0,3,0
789700,23,0,0,0,0,0
789800,24,0,2,0,3,0
789900,7,0,1,0,2,0
790000,15,0,2,0,3,0
790100,17,0,0,0,0,0
790200,15,0,1,0,5,0
790300,19,0,2,0,2,0
790400,22,0,0,0,0,0
790500,29,0,0,0,3,0
790600,8,0,0,0,2,0
790700,10,0,0,0,3,0
790800,13,0,0,0,1,0
790900,11,0,0,0,2,0
791000,16,0,2,0,2,0
791100,18,0,0,0,1,0
791200,16,0,0,0,3,0
791300,15,0,0,0,5,0
791400,2,0,0,0,2,0
791500,17,0,0,0,0,0
791600,19,0,2,0,1,0
791700,16,0,1,0,1,0
791800,19,0,0,0,2,0
791900,12,0,0,0,3,0
792000,13,0,0,0,1,0
792100,10,0,1,0,3,0
792200,12,0,1,0,0,0
792300,16,0,0,0,1,0
792400,25,0,1,0,1,0
792500,22,0,1,0,3,0
792600,11,0,0,0,1,0
792700,11,0,1,0,4,0
792800,7,0,2,0,5,0
792900,23,0,0,0,3,0
793000,17,0,1,0,2,0
793100,21,0,1,0,0,0
793200,22,0,0,0,3,0
793300,8,0,1,0,6,0
793400,13,0,0,0,1,0
793500,8,0,0,0,2,0
793600,17,0,1,0,2,0
793700,13,0,1,0,2,0
793800,22,0,6,0,4,0
793900,19,0,1,0,1,0
794000,10,0,0,0,0,0
794100,10,0,0,0,3,0
794200,18,0,0,0,4,0
794300,20,0,0,0,0,0
794400,18,0,0,0,0,0
794500,21,0,0,0,2,0
794600,28,0,0,0,1,0
794700,15,0,2,0,4,0
794800,15,0,1,0,2,0
794900,19,0,1,0,4,0
795000,14,0,1,0,2,0
795100,18,0,1,0,1,0
795200,24,0,0,0,3,0
795300,16,0,0,0,1,0
795400,17,0,2,0,5,0
795500,12,0,1,0,1,0
795600,14,0,0,0,1,0
795700,14,0,1,0,2,0
795800,15,0,1,0,4,0
795900,28,0,1,0,5,0
796000,15,0,1,0,2,0
796100,16,0,0,0,2,0
796200,14,0,1,0,4,0
796300,17,0,0,0,3,0
796400,18,0,2,0,1,0
796500,14,0,2,0,0,0
796600,29,0,0,0,1,0
796700,18,0,1,0,1,0
796800,17,0,2,0,0,0
796900,23,0,0,0,3,0
797000,13,0,0,0,0,0
797100,15,0,2,0,1,0
797200,13,0,1,0,0,0
797300,20,0,0,0,4,0
797400,13,0,0,0,0,0
797500,16,0,0,0,2,0
797600,30,0,0,0,2,0
797700,14,0,0,0,1,0
797800,17,0,0,0,0,0
797900,20,0,1,0,5,0
798000,23,0,0,0,3,0
798100,16,0,1,0,2,0
798200,20,0,1,0,1,0
798300,16,0,0,0,3,0
798400,22,0,1,0,1,0
798500,17,0,2,0,0,0
798600,19,0,0,0,1,0
798700,21,0,1,0,3,0
798800,13,0,0,0,1,0
798900,15,0,0,0,2,0
799000,17,0,0,0,0,0
799100,17,0,3,0,2,0
799200,19,0,1,0,1,0
799300,18,0,0,0,2,0
799400,18,0,0,0,0,0
799500,16,0,1,0,2,0
799600,14,0,1,0,3,0
799700,24,0,1,0,1,0
799800,19,0,1,0,4,0
799900,20,0,0,0,1,0
800000,13,0,3,0,1,0
800100,12,0,0,0,1,0
800200,15,0,0,0,6,0
800300,20,0,1,0,4,0
800400,19,0,2,0,4,0
800500,16,0,1,0,2,0
800600,20,0,0,0,1,0
800700,22,0,1,0,1,0
800800,11,0,4,0,5,0
800900,19,0,3,0,4,0
801000,12,0,1,0,3,0
801100,13,0,1,0,2,0
801200,22,0,1,0,2,0
801300,13,0,0,0,2,0
801400,22,0,1,0,2,0
801500,17,0,0,0,1,0
801600,10,0,1,0,0,0
801700,12,0,0,0,2,0
801800,17,0,0,0,2,0
801900,13,0,2,0,2,0
802000,23,0,0,0,1,0
802100,15,0,0,0,1,0
802200,19,0,1,0,2,0
802300,17,0,1,0,1,0
802400,18,0,0,0,3,0
802500,20,0,0,0,1,0
802600,22,0,1,0,2,0
802700,20,0,0,0,2,0
802800,19,0,1,0,4,0
802900,17,0,0,0,2,0
803000,24,0,1,0,1,0
803100,23,0,1,0,2,0
803200,22,0,3,0,2,0
803300,26,0,4,0,2,0
803400,21,0,3,0,2,0
803500,25,0,0,0,0,0
803600,19,0,1,0,1,0
803700,13,0,0,0,2,0
803800,21,0,1,0,4,0
803900,16,0,1,0,3,0
804000,21,0,1,0,5,0
804100,14,0,1,0,3,0
804200,15,0,2,0,5,0
804300,17,0,1,0,4,0
804400,16,0,0,0,4,0
804500,23,0,1,0,0,0
804600,22,0,1,0,3,0
804700,25,0,0,0,1,0
804800,22,0,2,0,2,0
804900,19,0,1,0,3,0
805000,10,0,4,0,3,0
805100,21,0,2,0,1,0
805200,18,0,0,0,2,0
805300,18,0,0,0,1,0
805400,19,0,1,0,1,0
805500,18,0,2,0,3,0
805600,20,0,1,0,2,0
805700,12,0,0,0,0,0
805800,13,0,2,0,0,0
805900,18,0,2,0,1,0
806000,19,0,0,0,1,0
806100,9,0,1,0,2,0
806200,20,0,1,0,4,0
806300,13,0,1,0,1,0
806400,12,0,1,0,3,0
806500,23,0,0,0,2,0
806600,24,0,0,0,2,0
806700,23,0,0,0,1,0
806800,16,0,0,0,1,0
806900,17,0,2,0,2,0
807000,16,0,0,0,2,0
807100,16,0,2,0,1,0
807200,17,0,1,0,2,0
807300,26,0,1,0,2,0
807400,27,0,0,0,2,0
807500,15,0,1,0,2,0
807600,23,0,2,0,3,0
807700,27,0,1,0,2,0
807800,21,0,0,0,1,0
807900,14,0,1,0,1,0
808000,29,0,0,0,3,0
808100,21,0,0,0,2,0
808200,22,0,1,0,3,0
808300,22,0,0,0,6,0
808400,17,0,0,0,4,0
808500,17,0,0,0,4,0
808600,18,0,1,0,4,0
808700,23,0,1,0,2,0
808800,16,0,0,0,0,0
808900,22,0,0,0,2,0
809000,28,0,0,0,2,0
809100,15,0,1,0,4,0
809200,15,0,2,0,1,0
809300,13,0,0,0,0,0
809400,15,0,0,0,3,0
809500,15,0,0,0,2,0
809600,19,0,1,0,2,0
809700,9,0,0,0,4,0
809800,17,0,0,0,2,0
809900,13,0,0,0,2,0
810000,29,0,1,0,2,0
810100,14,0,2,0,4,0
810200,23,0,1,0,1,0
810300,26,0,1,0,2,0
810400,14,0,2,0,1,0
810500,17,0,1,0,3,0
810600,15,0,0,0,1,0
810700,17,0,2,0,2,0
810800,28,0,2,0,5,0
810900,20,0,0,0,3,0
811000,21,0,1,0,0,0
811100,19,0,2,0,0,0
811200,10,0,2,0,1,0
811300,12,0,3,0,4,0
811400,24,0,0,0,1,0
811500,21,0,0,0,2,0
811600,23,0,0,0,0,0
811700,19,0,1,0,1,0
811800,23,0,0,0,3,0
811900,12,0,1,0,1,0
812000,15,0,2,0,3,0
812100,18,0,0,0,0,0
812200,22,0,0,0,4,0
812300,20,0,0,0,0,0
812400,28,0,3,0,2,0
812500,16,0,0,0,4,0
812600,14,0,1,0,2,0
812700,17,0,1,0,2,0
812800,16,0,1,0,3,0
812900,16,0,0,0,1,0
813000,20,0,1,0,1,0
813100,24,0,0,0,2,0
813200,10,0,0,0,3,0
813300,24,0,3,0,2,0
813400,18,0,1,0,0,0
813500,13,0,1,0,2,0
813600,10,0,0,0,2,0
813700,24,0,0,0,4,0
813800,26,0,0,0,2,0
813900,9,0,0,0,6,0
814000,17,0,1,0,0,0
814100,30,0,0,0,3,0
814200,18,0,1,0,1,0
814300,11,0,0,0,3,0
814400,15,0,1,0,3,0
814500,20,0,0,0,0,0
814600,23,0,0,0,3,0
814700,20,0,0,0,2,0
814800,18,0,0,0,5,0
814900,17,0,0,0,1,0
815000,18,0,1,0,2,0
815100,17,0,1,0,1,0
815200,21,0,0,0,2,0
815300,11,0,0,0,2,0
815400,19,0,0,0,2,0
815500,24,0,0,0,6,0
815600,13,0,0,0,1,0
815700,11,0,0,0,2,0
815800,13,0,1,0,5,0
815900,13,0,0,0,1,0
816000,11,0,1,0,0,0
816100,22,0,0,0,3,0
816200,16,0,0,0,1,0
816300,10,0,1,0,3,0
816400,8,0,2,0,2,0
816500,19,0,1,0,2,0
816600,13,0,0,0,2,0
816700,15,0,0,0,4,0
816800,22,0,0,0,3,0
816900,18,0,2,0,2,0
817000,17,0,0,0,1,0
817100,19,0,0,0,2,0
817200,18,0,1,0,4,0
817300,13,0,0,0,1,0
817400,12,0,0,0,1,0
817500,23,0,0,0,2,0
817600,22,0,0,0,3,0
817700,18,0,0,0,0,0
817800,11,0,0,0,3,0
817900,18,0,0,0,4,0
818000,17,0,1,0,0,0
818100,11,0,0,0,1,0
818200,17,0,0,0,1,0
818300,11,0,0,0,0,0
818400,22,0,1,0,1,0
818500,18,0,0,0,0,0
818600,18,0,3,0,1,0
818700,13,0,0,0,4,0
818800,15,0,0,0,3,0
818900,18,0,0,0,1,0
819000,19,0,0,0,0,0
819100,19,0,0,0,2,0
819200,16,0,0,0,1,0
819300,17,0,0,0,3,0
819400,10,0,1,0,2,0
819500,27,0,1,0,4,0
819600,14,0,1,0,0,0
819700,10,0,0,0,2,0
819800,17,0,0,0,1,0
819900,14,0,0,0,0,0
820000,14,0,0,0,2,0
820100,19,0,0,0,4,0
820200,13,0,1,0,6,0
820300,15,0,0,0,1,0
820400,9,0,0,0,2,0
820500,18,0,0,0,3,0
820600,15,0,1,0,0,0
820700,6,0,0,0,3,0
820800,9,0,0,0,3,0
820900,11,0,0,0,2,0
821000,12,0,2,0,1,0
821100,8,0,1,0,2,0
821200,24,0,0,0,2,0
821300,8,0,3,0,4,0
821400,25,0,1,0,6,0
821500,16,0,2,0,3,0
821600,12,0,0,0,2,0
821700,13,0,1,0,0,0
821800,25,0,0,0,1,0
821900,21,0,1,0,3,0
822000,12,0,0,0,1,0
822100,22,0,0,0,2,0
822200,13,0,0,0,1,0
822300,13,0,2,0,1,0
822400,15,0,1,0,2,0
822500,19,0,0,0,4,0
822600,22,0,1,0,1,0
822700,15,0,1,0,3,0
822800,17,0,0,0,3,0
822900,14,0,3,0,3,0
823000,17,0,1,0,1,0
823100,10,0,1,0,1,0
823200,13,0,0,0,1,0
823300,19,0,2,0,0,0
823400,11,0,0,0,1,0
823500,12,0,1,0,0,0
823600,15,0,1,0,1,0
823700,20,0,0,0,2,0
823800,14,0,1,0,0,0
823900,24,0,3,0,1,0
824000,21,0,1,0,1,0
824100,11,0,0,0,1,0
824200,16,0,0,0,3,0
824300,14,0,1,0,3,0
824400,20,0,1,0,0,0
824500,23,0,0,0,1,0
824600,22,0,1,0,1,0
824700,22,0,0,0,1,0
824800,21,0,1,0,2,0
824900,14,0,1,0,1,0
825000,10,0,0,0,2,0
825100,9,0,2,0,3,0
825200,21,0,2,0,1,0
825300,15,0,1,0,1,0
825400,17,0,1,0,2,0
825500,20,0,2,0,1,0
825600,14,0,0,0,3,0
825700,8,0,1,0,1,0
825800,11,0,1,0,2,0
825900,20,0,0,0,2,0
826000,18,0,1,0,1,0
826100,18,0,0,0,3,0
826200,10,0,0,0,2,0
826300,13,0,0,0,1,0
826400,19,0,0,0,0,0
826500,18,0,0,0,4,0
826600,16,0,1,0,3,0
826700,17,0,1,0,4,0
826800,18,0,0,0,3,0
826900,10,0,0,0,1,0
827000,6,0,1,0,2,0
827100,20,0,0,0,0,0
827200,20,0,0,0,3,0
827300,16,0,1,0,3,0
827400,18,0,4,0,1,0
827500,16,0,0,0,1,0
827600,3,0,1,0,0,0
827700,17,0,0,0,3,0
827800,18,0,0,0,3,0
827900,9,0,0,0,1,0
828000,17,0,0,0,0,0
828100,12,0,1,0,2,0
828200,15,0,0,0,4,0
828300,12,0,0,0,0,0
828400,17,0,0,0,0,0
828500,17,0,0,0,1,0
828600,12,0,0,0,1,0
828700,18,0,1,0,1,0
828800,12,0,0,0,0,0
828900,7,0,0,0,1,0
829000,23,0,0,0,3,0
829100,12,0,0,0,2,0
829200,16,0,0,0,1,0
829300,18,0,2,0,1,0
829400,15,0,0,0,3,0
829500,18,0,1,0,3,0
829600,10,0,0,0,2,0
829700,9,0,0,0,3,0
829800,19,0,0,0,1,0
829900,9,0,0,0,0,0
830000,13,0,1,0,4,0
830100,17,0,0,0,1,0
830200,22,0,0,0,1,0
830300,10,0,0,0,2,0
830400,12,0,0,0,1,0
830500,16,0,0,0,3,0
830600,13,0,0,0,2,0
830700,18,0,2,0,2,0
830800,13,0,0,0,3,0
830900,12,0,0,0,2,0
831000,12,0,3,0,1,0
831100,13,0,1,0,1,0
831200,16,0,1,0,1,0
831300,21,0,0,0,2,0
831400,18,0,2,0,1,0
831500,17,0,0,0,0,0
831600,16,0,1,0,2,0
831700,13,0,0,0,0,0
831800,17,0,1,0,1,0
831900,24,0,1,0,2,0
832000,12,0,2,0,3,0
832100,14,0,0,0,1,0
832200,19,0,1,0,2,0
832300,11,0,1,0,4,0
832400,14,0,0,0,2,0
832500,22,0,2,0,1,0
832600,16,0,0,0,1,0
832700,17,0,0,0,1,0
832800,19,0,0,0,2,0
832900,12,0,2,0,1,0
833000,16,0,0,0,0,0
833100,14,0,0,0,3,0
833200,9,0,0,0,1,0
833300,18,0,0,0,0,0
833400,18,0,0,0,3,0
833500,12,0,0,0,1,0
833600,12,0,0,0,3,0
833700,15,0,0,0,2,0
833800,11,0,0,0,1,0
833900,18,0,0,0,2,0
834000,13,0,0,0,2,0
834100,14,0,0,0,2,0
834200,12,0,2,0,1,0
834300,21,0,0,0,2,0
834400,12,0,0,0,1,0
834500,13,0,0,0,3,0
834600,11,0,1,0,3,0
834700,13,0,1,0,0,0
834800,15,0,0,0,4,0
834900,22,0,0,0,2,0
835000,10,0,2,0,2,0
835100,9,0,1,0,1,0
835200,19,0,0,0,1,0
835300,11,0,1,0,2,0
835400,27,0,1,0,4,0
835500,7,0,1,0,3,0
835600,11,0,0,0,2,0
835700,15,0,1,0,1,0
835800,11,0,1,0,1,0
835900,14,0,1,0,0,0
836000,20,0,1,0,4,0
836100,16,0,0,0,1,0
836200,21,0,1,0,0,0
836300,15,0,1,0,3,0
836400,13,0,1,0,0,0
836500,14,0,3,0,2,0
836600,14,0,2,0,2,0
836700,12,0,1,0,6,0
836800,22,0,0,0,4,0
836900,24,0,1,0,2,0
837000,11,0,1,0,2,0
837100,16,0,3,0,2,0
837200,11,0,4,0,3,0
837300,11,0,2,0,2,0
837400,15,0,1,0,1,0
837500,17,0,0,0,1,0
837600,8,0,0,0,1,0
837700,19,0,2,0,4,0
837800,17,0,2,0,3,0
837900,16,0,0,0,1,0
838000,14,0,0,0,3,0
838100,6,0,2,0,1,0
838200,20,0,0,0,1,0
838300,16,0,1,0,2,0
838400,11,0,0,0,2,0
838500,13,0,0,0,2,0
838600,13,0,1,0,0,0
838700,15,0,3,0,3,0
838800,24,0,4,0,1,0
838900,10,0,0,0,5,0
839000,11,0,1,0,2,0
839100,14,0,1,0,1,0
839200,21,0,1,0,4,0
839300,8,0,2,0,5,0
839400,12,0,1,0,1,0
839500,16,0,0,0,1,0
839600,23,0,1,0,0,0
839700,19,0,0,0,4,0
839800,14,0,1,0,1,0
839900,10,0,1,0,2,0
840000,22,0,0,0,0,0
840100,17,0,1,0,1,0
840200,16,0,1,0,1,0
840300,20,0,3,0,7,0
840400,10,0,0,0,3,0
840500,20,0,1,0,2,0
840600,17,0,1,0,2,0
840700,21,0,0,0,3,0
840800,14,0,1,0,1,0
840900,10,0,1,0,3,0
841000,15,0,0,0,3,0
841100,17,0,1,0,0,0
841200,16,0,3,0,4,0
841300,14,0,1,0,3,0
841400,12,0,0,0,1,0
841500,13,0,0,0,3,0
841600,19,0,0,0,0,0
841700,18,0,1,0,3,0
841800,21,0,1,0,0,0
841900,14,0,1,0,0,0
842000,22,0,0,0,1,0
842100,17,0,0,0,1,0
842200,12,0,1,0,0,0
842300,11,0,0,0,1,0
842400,13,0,0,0,4,0
842500,16,0,0,0,1,0
842600,12,0,0,0,1,0
842700,12,0,0,0,2,0
842800,18,0,0,0,1,0
842900,17,0,0,0,3,0
843000,12,0,0,0,0,0
843100,24,0,0,0,4,0
843200,12,0,1,0,2,0
843300,16,0,0,0,2,0
843400,13,0,1,0,5,0
843500,17,0,2,0,2,0
843600,20,0,0,0,1,0
843700,11,0,0,0,3,0
843800,15,0,0,0,2,0
843900,21,0,1,0,1,0
844000,18,0,0,0,2,0
844100,20,0,0,0,2,0
844200,17,0,1,0,1,0
844300,9,0,1,0,0,0
844400,18,0,0,0,1,0
844500,16,0,0,0,2,0
844600,25,0,0,0,1,0
844700,8,0,0,0,2,0
844800,15,0,1,0,4,0
844900,19,0,0,0,1,0
845000,11,0,0,0,0,0
845100,20,0,0,0,5,0
845200,18,0,1,0,1,0
845300,24,0,0,0,2,0
845400,16,0,0,0,1,0
845500,21,0,1,0,4,0
845600,16,0,3,0,3,0
845700,11,0,0,0,2,0
845800,14,0,3,0,0,0
845900,16,0,1,0,4,0
846000,15,0,0,0,1,0
846100,10,0,1,0,1,0
846200,17,0,0,0,0,0
846300,18,0,0,0,2,0
846400,9,0,0,0,1,0
846500,25,0,1,0,5,0
846600,22,0,0,0,1,0
846700,16,0,1,0,5,0
846800,16,0,0,0,2,0
846900,13,0,0,0,2,0
847000,8,0,0,0,1,0
847100,10,0,0,0,0,0
847200,15,0,1,0,1,0
847300,21,0,0,0,4,0
847400,20,0,1,0,1,0
847500,14,0,0,0,2,0
847600,17,0,1,0,3,0
847700,7,0,1,0,0,0
847800,17,0,0,0,0,0
847900,21,0,1,0,2,0
848000,17,0,0,0,0,0
848100,17,0,0,0,1,0
848200,16,0,1,0,1,0
848300,23,0,1,0,6,0
848400,16,0,1,0,1,0
848500,20,0,1,0,0,0
848600,19,0,0,0,4,0
848700,14,0,1,0,1,0
848800,9,0,0,0,2,0
848900,10,0,2,0,0,0
849000,14,0,0,0,1,0
849100,16,0,1,0,0,0
849200,16,0,0,0,2,0
849300,18,0,1,0,1,0
849400,16,0,1,0,3,0
849500,15,0,1,0,0,0
849600,9,0,1,0,2,0
849700,16,0,1,0,1,0
849800,13,0,0,0,1,0
849900,20,0,1,0,2,0
850000,13,0,0,0,2,0
850100,15,0,0,0,3,0
850200,9,0,1,0,0,0
850300,18,1,0,0,2,1
850400,9,0,2,0,2,0
850500,20,0,1,0,4,0
850600,16,0,0,0,3,0
850700,13,0,4,0,4,0
850800,14,0,1,0,0,0
850900,10,0,3,0,1,0
851000,13,0,0,0,2,0
851100,14,0,0,0,0,0
851200,18,0,2,0,1,0
851300,19,0,2,0,3,0
851400,15,0,0,0,0,0
851500,16,0,0,0,1,0
851600,18,0,1,0,0,0
851700,19,0,0,0,2,0
851800,13,0,0,0,1,0
851900,15,0,1,0,1,0
852000,11,0,0,0,3,0
852100,20,0,0,0,4,0
852200,13,0,1,0,3,0
852300,20,0,1,0,1,0
852400,16,0,0,0,1,0
852500,10,0,1,0,1,0
852600,14,0,3,0,2,0
852700,19,0,0,0,0,0
852800,19,0,0,0,0,0
852900,18,0,0,0,1,0
853000,18,0,1,0,3,0
853100,12,0,0,0,2,0
853200,18,0,1,0,2,0
853300,10,0,2,0,1,0
853400,8,0,1,0,2,0
853500,21,0,0,0,0,0
853600,15,0,1,0,0,0
853700,19,0,1,0,0,0
853800,19,0,1,0,3,0
853900,14,0,0,0,2,0
854000,12,0,0,0,2,0
854100,16,0,2,0,2,0
854200,21,0,2,0,1,0
854300,11,0,1,0,0,0
854400,17,0,1,0,2,0
854500,20,0,1,0,2,0
854600,5,0,0,0,0,0
854700,9,0,0,0,4,0
854800,13,0,0,0,4,0
854900,14,0,0,0,3,0
855000,10,0,0,0,1,0
855100,9,0,1,0,1,0
855200,15,0,1,0,3,0
855300,12,0,1,0,0,0
855400,11,0,0,0,3,0
855500,18,0,0,0,3,0
855600,13,0,1,0,0,0
855700,9,0,0,0,3,0
855800,16,0,0,0,3,0
855900,10,0,1,0,3,0
856000,13,0,1,0,2,0
856100,14,0,0,0,3,0
856200,16,0,0,0,1,0
856300,15,0,1,0,1,0
856400,16,0,0,0,2,0
856500,17,0,0,0,4,0
856600,15,0,2,0,4,0
856700,15,0,0,0,6,0
856800,18,0,6,0,3,0
856900,17,0,4,0,2,0
857000,15,0,0,0,5,0
857100,12,0,0,0,0,0
857200,11,0,0,0,2,0
857300,12,0,0,0,1,0
857400,19,0,1,0,1,0
857500,13,0,1,0,6,0
857600,18,0,1,0,4,0
857700,12,0,3,0,1,0
857800,10,0,0,0,3,0
857900,16,0,1,0,1,0
858000,24,0,0,0,0,0
858100,18,0,1,0,1,0
858200,13,0,1,0,4,0
858300,13,0,1,0,4,0
858400,9,0,0,0,2,0
858500,20,0,1,0,1,0
858600,13,0,0,0,2,0
858700,14,0,1,0,4,0
858800,15,0,1,0,1,0
858900,14,0,0,0,1,0
859000,11,0,1,0,0,0
859100,21,0,2,0,3,0
859200,14,0,0,0,0,0
859300,10,0,3,0,3,0
859400,14,0,1,0,2,0
859500,13,0,0,0,4,0
859600,18,0,0,0,6,0
859700,12,0,0,0,3,0
859800,19,0,0,0,2,0
859900,17,0,0,0,5,0
860000,13,0,0,0,0,0
860100,13,0,0,0,2,0
860200,17,0,0,0,2,0
860300,15,0,0,0,2,0
860400,18,0,1,0,3,0
860500,18,0,1,0,2,0
860600,12,0,1,0,2,0
860700,13,0,1,0,1,0
860800,18,0,1,0,2,0
860900,15,0,1,0,2,0
861000,13,0,2,0,1,0
861100,14,0,0,0,0,0
861200,12,0,0,0,0,0
861300,10,0,1,0,5,0
861400,16,0,1,0,1,0
861500,12,0,1,0,2,0
861600,14,0,0,0,2,0
861700,17,0,1,0,3,0
861800,23,0,1,0,4,0
861900,7,0,1,0,0,0
862000,10,0,2,0,2,0
862100,20,0,0,0,3,0
862200,11,0,1,0,1,0
862300,20,0,6,0,3,0
862400,20,0,5,0,2,0
862500,18,0,0,0,2,0
862600,11,0,0,0,4,0
862700,11,0,1,0,3,0
862800,20,0,0,0,2,0
862900,13,0,2,0,2,0
863000,18,0,0,0,1,0
863100,14,0,1,0,0,0
863200,21,0,0,0,4,0
863300,17,0,2,0,4,0
863400,15,0,0,0,3,0
863500,20,0,1,0,3,0
863600,16,0,1,0,1,0
863700,12,0,0,0,4,0
863800,7,0,2,0,1,0
863900,25,0,0,0,2,0
864000,12,0,3,0,3,0
864100,13,0,0,0,1,0
864200,20,0,1,0,1,0
864300,24,0,1,0,6,0
864400,16,0,1,0,1,0
864500,15,0,1,0,2,0
864600,17,0,0,0,3,0
864700,17,0,2,0,2,0
864800,16,0,0,0,1,0
864900,19,0,1,0,2,0
865000,18,0,0,0,3,0
865100,19,0,0,0,2,0
865200,23,0,2,0,1,0
865300,14,0,1,0,1,0
865400,15,0,1,0,2,0
865500,11,0,0,0,1,0
865600,18,0,0,0,1,0
865700,16,0,2,0,1,0
865800,18,0,1,0,2,0
865900,12,0,0,0,3,0
866000,10,0,2,0,1,0
866100,16,0,0,0,3,0
866200,11,0,2,0,1,0
866300,38,0,0,0,2,0
866400,15,0,1,0,3,0
866500,16,0,1,0,6,0
866600,22,0,0,0,0,0
866700,13,0,0,0,1,0
866800,22,0,0,0,2,0
866900,18,0,1,0,2,0
867000,8,0,0,0,2,0
867100,18,0,4,0,2,0
867200,22,0,1,0,2,0
867300,11,0,0,0,0,0
867400,16,0,1,0,3,0
867500,18,0,2,0,3,0
867600,19,0,1,0,3,0
867700,13,0,0,0,1,0
867800,17,0,1,0,7,0
867900,19,0,1,0,3,0
868000,16,0,0,0,5,0
868100,16,0,1,0,2,0
868200,22,0,0,0,2,0
868300,11,0,2,0,2,0
868400,23,0,0,0,2,0
868500,18,0,1,0,4,0
868600,16,0,0,0,1,0
868700,15,0,1,0,0,0
868800,16,0,1,0,3,0
868900,17,0,0,0,4,0
869000,16,0,0,0,2,0
869100,15,0,0,0,0,0
869200,15,0,1,0,2,0
869300,18,0,1,0,2,0
869400,19,0,0,0,3,0
869500,14,0,0,0,0,0
869600,20,0,1,0,0,0
869700,10,0,0,0,4,0
869800,17,0,0,0,0,0
869900,10,0,1,0,1,0
870000,14,0,0,0,1,0
870100,10,0,0,0,2,0
870200,19,0,0,0,3,0
870300,22,0,0,0,1,0
870400,15,0,0,0,3,0
870500,14,0,0,0,2,0
870600,13,0,0,0,1,0
870700,12,0,0,0,0,0
870800,14,0,1,0,4,0
870900,14,0,0,0,4,0
871000,9,0,1,0,0,0
871100,12,0,1,0,3,0
871200,14,0,0,0,0,0
871300,10,0,0,0,4,0
871400,16,0,1,0,2,0
871500,15,0,0,0,4,0
871600,17,0,1,0,4,0
871700,12,0,0,0,3,0
871800,18,0,2,0,1,0
871900,12,0,0,0,1,0
872000,16,0,0,0,0,0
872100,11,0,1,0,2,0
872200,18,0,1,0,1,0
872300,18,0,0,0,2,0
872400,23,0,2,0,1,0
872500,21,0,2,0,4,0
872600,16,0,1,0,4,0
872700,15,0,0,0,2,0
872800,21,0,0,0,6,0
872900,21,0,0,0,1,0
873000,24,0,0,0,2,0
873100,15,0,2,0,4,0
873200,24,0,0,0,3,0
873300,14,0,0,0,2,0
873400,9,0,1,0,2,0
873500,12,0,0,0,1,0
873600,17,0,0,0,2,0
873700,22,0,0,0,6,0
873800,9,0,0,0,1,0
873900,19,0,0,0,1,0
874000,12,0,0,0,0,0
874100,19,0,1,0,2,0
874200,12,0,0,0,0,0
874300,16,0,1,0,0,0
874400,19,0,0,0,4,0
874500,14,0,2,0,0,0
874600,13,0,1,0,2,0
874700,16,0,1,0,2,0
874800,18,0,1,0,3,0
874900,12,0,0,0,2,0
875000,18,0,0,0,1,0
875100,18,0,0,0,0,0
875200,12,0,1,0,1,0
875300,13,0,0,0,3,0
875400,14,0,0,0,3,0
875500,17,0,2,0,1,0
875600,19,0,0,0,1,0
875700,20,0,3,0,5,0
875800,11,0,1,0,2,0
875900,13,0,2,0,0,0
876000,15,0,0,0,0,0
876100,14,0,1,0,0,0
876200,18,0,5,0,4,0
876300,19,0,3,0,5,0
876400,22,0,3,0,3,0
876500,19,0,0,0,4,0
876600,20,0,1,0,2,0
876700,15,0,2,0,2,0
876800,18,0,0,0,2,0
876900,19,0,1,0,3,0
877000,19,0,0,0,2,0
877100,21,0,1,0,4,0
877200,16,0,0,0,3,0
877300,19,0,2,0,4,0
877400,16,1,1,0,2,1
877500,16,0,0,0,3,0
877600,24,0,0,0,3,0
877700,22,0,0,0,2,0
877800,18,0,1,0,1,0
877900,24,0,1,0,2,0
878000,22,0,1,0,0,0
878100,8,0,1,0,0,0
878200,8,0,0,0,2,0
878300,21,0,1,0,2,0
878400,13,0,2,0,2,0
878500,13,0,1,0,3,0
878600,26,0,1,0,2,0
878700,14,0,0,0,0,0
878800,18,0,1,0,3,0
878900,27,0,0,0,1,0
879000,22,0,0,0,2,0
879100,10,0,0,0,1,0
879200,18,0,0,0,2,0
879300,19,0,0,0,1,0
879400,17,0,1,0,3,0
879500,14,0,1,0,4,0
879600,22,0,0,0,2,0
879700,16,0,0,0,1,0
879800,15,0,1,0,2,0
879900,25,0,0,0,5,0
880000,19,0,0,0,2,0
880100,13,0,0,0,3,0
880200,18,0,1,0,1,0
880300,15,0,0,0,3,0
880400,7,0,0,0,0,0
880500,25,0,2,0,2,0
880600,14,0,0,0,1,0
880700,20,0,0,0,1,0
880800,22,0,0,0,3,0
880900,18,0,0,0,6,0
881000,12,0,1,0,6,0
881100,10,0,1,0,3,0
881200,19,0,0,0,3,0
881300,20,0,0,0,3,0
881400,9,0,1,0,1,0
881500,18,0,3,0,3,0
881600,12,0,2,0,2,0
881700,9,0,0,0,2,0
881800,19,0,0,0,1,0
881900,30,0,0,0,0,0
882000,16,0,0,0,1,0
882100,20,0,0,0,2,0
882200,21,0,0,0,2,0
882300,11,0,0,0,3,0
882400,18,0,0,0,6,0
882500,8,0,1,0,0,0
882600,20,0,0,0,2,0
882700,13,0,0,0,2,0
882800,19,0,2,0,3,0
882900,13,0,1,0,2,0
883000,13,0,2,0,1,0
883100,21,0,3,0,6,0
883200,12,0,2,0,0,0
883300,10,0,1,0,2,0
883400,16,0,4,0,0,0
883500,27,0,2,0,1,0
883600,18,0,3,0,4,0
883700,16,0,4,0,3,0
883800,25,0,0,0,2,0
883900,18,0,0,0,1,0
884000,15,0,0,0,2,0
884100,13,0,1,0,2,0
884200,19,0,0,0,0,0
884300,11,0,1,0,2,0
884400,18,0,1,0,0,0
884500,27,0,0,0,1,0
884600,16,0,0,0,2,0
884700,21,0,1,0,3,0
884800,24,0,0,0,4,0
884900,21,0,0,0,1,0
885000,20,0,0,0,0,0
885100,20,0,0,0,7,0
885200,21,0,2,0,0,0
885300,8,0,1,0,0,0
885400,16,0,1,0,2,0
885500,11,0,1,0,1,0
885600,19,0,0,0,6,0
885700,15,0,0,0,3,0
885800,23,0,2,0,3,0
885900,10,0,0,0,2,0
886000,20,0,0,0,0,0
886100,26,0,0,0,2,0
886200,20,0,0,0,4,0
886300,22,0,0,0,3,0
886400,18,0,0,0,1,0
886500,21,0,0,0,3,0
886600,20,0,0,0,4,0
886700,8,0,2,0,1,0
886800,23,0,1,0,3,0
886900,24,0,1,0,0,0
887000,27,0,0,0,0,0
887100,25,0,2,0,1,0
887200,20,0,1,0,4,0
887300,19,0,0,0,3,0
887400,17,0,0,0,0,0
887500,18,0,2,0,1,0
887600,18,0,1,0,7,0
887700,23,0,1,0,1,0
887800,15,0,0,0,2,0
887900,17,0,3,0,4,0
888000,11,0,1,0,1,0
888100,14,0,0,0,1,0
888200,20,0,1,0,2,0
888300,26,0,2,0,5,0
888400,19,0,2,0,3,0
888500,18,0,0,0,3,0
888600,25,0,0,0,5,0
888700,19,0,1,0,1,0
888800,21,0,0,0,5,0
888900,30,0,2,0,1,0
889000,17,0,0,0,0,0
889100,18,0,0,0,1,0
889200,23,0,2,0,3,0
889300,20,0,0,0,1,0
889400,24,0,1,0,2,0
889500,18,0,3,0,1,0
889600,21,0,1,0,2,0
889700,12,0,5,0,2,0
889800,17,0,3,0,3,0
889900,18,0,0,0,1,0
890000,22,0,0,0,1,0
890100,23,0,0,0,1,0
890200,22,0,1,0,0,0
890300,13,0,0,0,2,0
890400,18,0,0,0,2,0
890500,18,0,1,0,2,0
890600,14,0,1,0,0,0
890700,14,0,1,0,1,0
890800,30,0,2,0,5,0
890900,24,0,1,0,2,0
891000,19,0,0,0,1,0
891100,11,0,2,0,2,0
891200,18,0,0,0,4,0
891300,13,0,1,0,0,0
891400,15,0,0,0,1,0
891500,22,0,0,0,4,0
891600,27,0,3,0,2,0
891700,11,0,1,0,2,0
891800,16,0,0,0,7,0
891900,28,0,2,0,3,0
892000,26,0,0,0,1,0
892100,29,0,0,0,0,0
892200,29,0,0,0,1,0
892300,27,0,0,0,1,0
892400,9,0,0,0,1,0
892500,19,0,0,0,4,0
892600,21,0,0,0,4,0
892700,15,0,2,0,1,0
892800,21,0,0,0,1,0
892900,22,0,0,0,2,0
893000,31,0,0,0,1,0
893100,14,0,1,0,3,0
893200,21,0,1,0,0,0
893300,19,0,0,0,3,0
893400,11,0,2,0,3,0
893500,20,0,0,0,1,0
893600,19,0,2,0,3,0
893700,10,0,0,0,2,0
893800,17,0,0,0,2,0
893900,13,0,0,0,3,0
894000,13,0,0,0,0,0
894100,22,0,0,0,3,0
894200,10,0,1,0,0,0
894300,20,0,1,0,2,0
894400,13,0,1,0,2,0
894500,21,0,1,0,0,0
894600,11,0,0,0,2,0
894700,18,0,0,0,2,0
894800,14,0,1,0,2,0
894900,22,0,1,0,3,0
895000,19,0,4,0,1,0
895100,16,0,1,0,3,0
895200,11,0,1,0,3,0
895300,18,0,0,0,1,0
895400,20,0,1,0,2,0
895500,17,0,1,0,3,0
895600,18,0,0,0,2,0
895700,18,0,1,0,1,0
895800,22,0,0,0,3,0
895900,18,0,1,0,2,0
896000,20,0,0,0,1,0
896100,15,0,2,0,3,0
896200,22,0,1,0,3,0
896300,22,0,2,0,5,0
896400,15,0,1,0,2,0
896500,14,0,1,0,0,0
896600,24,0,0,0,2,0
896700,16,0,0,0,3,0
896800,10,0,3,0,1,0
896900,22,0,5,0,1,0
897000,23,0,1,0,2,0
897100,13,0,0,0,1,0
897200,15,0,0,0,2,0
897300,17,0,0,0,5,0
897400,19,0,0,0,1,0
897500,13,0,0,0,1,0
897600,21,0,0,0,2,0
897700,18,0,0,0,1,0
897800,18,0,0,0,0,0
897900,20,0,3,0,4,0
898000,18,0,0,0,2,0
898100,14,0,1,0,2,0
898200,20,0,1,0,1,0
898300,22,0,2,0,0,0
898400,15,0,0,0,5,0
898500,23,0,1,0,2,0
898600,18,0,1,0,0,0
898700,13,0,0,0,5,0
898800,15,0,2,0,0,0
898900,22,0,1,0,2,0
899000,19,0,2,0,4,0
899100,20,0,1,0,7,0
899200,9,0,3,0,1,0
899300,16,0,0,0,4,0
899400,13,0,1,0,3,0
899500,12,0,2,0,2,0
899600,35,0,0,0,3,0
899700,15,0,1,0,2,0
899800,15,0,1,0,3,0
899900,26,0,0,0,5,0
900000,17,0,0,0,1,0
900100,22,0,3,0,0,0
900200,20,0,0,0,3,0
900300,29,0,0,0,0,0
900400,12,0,2,0,1,0
900500,15,0,1,0,0,0
900600,13,0,0,0,3,0
900700,22,0,1,0,2,0
900800,10,0,0,0,1,0
900900,19,0,0,0,0,0
901000,23,0,1,0,3,0
901100,11,0,0,0,2,0
901200,19,0,0,0,3,0
901300,19,0,1,0,1,0
901400,13,0,0,0,1,0
901500,11,0,1,0,4,0
901600,21,0,0,0,2,0
901700,15,0,1,0,3,0
901800,19,0,0,0,1,0
901900,19,0,1,0,3,0
902000,13,0,1,0,1,0
902100,20,0,0,0,1,0
902200,20,0,0,0,3,0
902300,20,0,0,0,1,0
902400,21,0,2,0,3,0
902500,12,0,2,0,3,0
902600,36,0,0,0,2,0
902700,18,0,1,0,4,0
902800,18,0,0,0,4,0
902900,17,0,0,0,1,0
903000,13,0,1,0,3,0
903100,25,0,0,0,2,0
903200,18,0,2,0,4,0
903300,19,0,0,0,4,0
903400,17,0,0,0,2,0
903500,21,0,2,0,2,0
903600,24,0,1,0,1,0
903700,21,0,0,0,1,0
903800,17,0,0,0,1,0
903900,12,0,1,0,2,0
904000,24,0,1,0,3,0
904100,19,0,0,0,2,0
904200,18,0,0,0,3,0
904300,12,0,0,0,1,0
904400,12,0,0,0,2,0
904500,11,0,1,0,2,0
904600,17,0,0,0,0,0
904700,22,0,1,0,2,0
904800,15,0,1,0,1,0
904900,15,0,0,0,3,0
905000,15,0,3,0,1,0
905100,11,0,0,0,3,0
905200,22,0,0,0,1,0
905300,13,0,1,0,2,0
905400,23,0,0,0,2,0
905500,21,0,0,0,1,0
905600,18,0,0,0,2,0
905700,27,0,0,0,2,0
905800,14,0,0,0,5,0
905900,15,0,1,0,3,0
906000,21,0,1,0,1,0
906100,15,0,0,0,2,0
906200,18,0,0,0,0,0
906300,16,0,0,0,4,0
906400,10,0,0,0,1,0
906500,14,0,0,0,5,0
906600,26,0,1,0,3,0
906700,14,0,0,0,1,0
906800,15,0,1,0,2,0
906900,19,0,0,0,0,0
907000,20,0,2,0,2,0
907100,23,0,0,0,3,0
907200,13,0,1,0,1,0
907300,21,0,0,0,2,0
907400,18,0,2,0,1,0
907500,12,0,0,0,3,0
907600,13,0,1,0,1,0
907700,22,0,0,0,3,0
907800,9,0,0,0,1,0
907900,22,0,1,0,1,0
908000,23,0,0,0,1,0
908100,23,0,1,0,3,0
908200,12,0,0,0,1,0
908300,7,0,1,0,3,0
908400,12,0,7,0,3,0
908500,21,0,1,0,1,0
908600,10,0,1,0,4,0
908700,11,0,0,0,2,0
908800,18,0,1,0,2,0
908900,20,0,0,0,1,0
909000,12,0,1,0,1,0
909100,24,0,3,0,2,0
909200,8,0,9,0,5,0
909300,13,0,1,0,2,0
909400,10,0,0,0,2,0
909500,16,0,0,0,3,0
909600,17,0,0,0,2,0
909700,19,0,1,0,2,0
909800,12,0,0,0,2,0
909900,16,0,0,0,3,0
910000,11,0,0,0,6,0
910100,14,0,0,0,2,0
910200,20,0,1,0,2,0
910300,23,0,1,0,3,0
910400,16,0,1,0,1,0
910500,8,0,1,0,1,0
910600,8,0,3,0,2,0
910700,26,0,0,0,1,0
910800,14,0,0,0,2,0
910900,17,0,0,0,6,0
911000,20,0,2,0,4,0
911100,16,0,2,0,0,0
911200,11,0,0,0,0,0
911300,15,0,1,0,2,0
911400,29,0,2,0,4,0
911500,19,0,0,0,1,0
911600,11,0,0,0,3,0
911700,10,0,1,0,2,0
911800,20,0,1,0,2,0
911900,13,0,0,0,3,0
912000,21,0,1,0,2,0
912100,20,0,1,0,1,0
912200,17,0,0,0,6,0
912300,18,0,0,0,3,0
912400,13,0,2,0,2,0
912500,13,0,0,0,2,0
912600,12,0,0,0,0,0
912700,25,0,0,0,2,0
912800,13,0,0,0,1,0
912900,13,0,0,0,1,0
913000,25,0,0,0,3,0
913100,16,0,2,0,1,0
913200,15,0,0,0,0,0
913300,14,0,0,0,4,0
913400,23,0,0,0,3,0
913500,26,0,0,0,2,0
913600,10,0,0,0,0,0
913700,19,0,1,0,5,0
913800,16,0,2,0,5,0
913900,20,0,2,0,0,0
914000,12,0,1,0,1,0
914100,15,0,0,0,2,0
914200,22,0,2,0,2,0
914300,17,0,3,0,3,0
914400,19,0,4,0,1,0
914500,12,0,1,0,3,0
914600,17,0,1,0,2,0
914700,16,0,1,0,0,0
914800,15,0,2,0,1,0
914900,15,0,0,0,0,0
915000,20,0,1,0,2,0
915100,19,0,0,0,1,0
915200,20,0,1,0,1,0
915300,19,0,0,0,1,0
915400,17,0,0,0,2,0
915500,20,0,1,0,2,0
915600,22,0,1,0,1,0
915700,17,0,1,0,1,0
915800,21,0,0,0,3,0
915900,21,0,1,0,0,0
916000,15,0,1,0,6,0
916100,17,0,0,0,2,0
916200,26,0,1,0,0,0
916300,15,0,0,0,6,0
916400,18,0,2,0,3,0
916500,10,0,0,0,4,0
916600,16,0,3,0,0,0
916700,20,0,1,0,1,0
916800,16,0,0,0,4,0
916900,22,0,0,0,2,0
917000,20,0,0,0,1,0
917100,10,0,1,0,2,0
917200,15,0,0,0,1,0
917300,24,0,2,0,3,0
917400,20,0,0,0,3,0
917500,27,0,1,0,3,0
917600,17,0,0,0,0,0
917700,13,0,0,0,2,0
917800,21,0,0,0,1,0
917900,17,0,1,0,3,0
918000,23,0,0,0,1,0
918100,24,0,0,0,2,0
918200,14,0,0,0,0,0
918300,15,0,0,0,0,0
918400,11,0,0,0,3,0
918500,8,0,0,0,0,0
918600,12,0,2,0,2,0
918700,19,0,5,0,2,0
918800,23,0,0,0,0,0
918900,22,0,1,0,3,0
919000,15,0,1,0,3,0
919100,16,0,0,0,4,0
919200,14,0,0,0,2,0
919300,13,0,1,0,2,0
919400,11,0,1,0,1,0
919500,11,0,0,0,1,0
919600,19,0,1,0,1,0
919700,23,0,1,0,0,0
919800,19,0,0,0,0,0
919900,16,0,1,0,2,0
920000,16,0,0,0,0,0
920100,9,0,2,0,6,0
920200,24,0,0,0,3,0
920300,15,0,0,0,2,0
920400,15,0,1,0,2,0
920500,18,0,1,0,2,0
920600,14,0,3,0,0,0
920700,10,0,2,0,3,0
920800,25,0,4,0,2,0
920900,19,0,1,0,2,0
921000,25,0,1,0,0,0
921100,8,0,0,0,1,0
921200,21,0,1,0,5,0
921300,25,0,0,0,2,0
921400,12,0,0,0,6,0
921500,15,0,0,0,3,0
921600,22,0,1,0,3,0
921700,20,0,0,0,1,0
921800,14,0,0,0,2,0
921900,12,0,0,0,0,0
922000,19,0,1,0,0,0
922100,21,0,0,0,0,0
922200,17,0,1,0,0,0
922300,23,0,1,0,1,0
922400,14,0,0,0,2,0
922500,13,0,2,0,2,0
922600,12,0,0,0,0,0
922700,15,0,1,0,4,0
922800,23,0,0,0,1,0
922900,29,0,0,0,3,0
923000,13,0,0,0,5,0
923100,20,0,3,0,1,0
923200,11,0,3,0,3,0
923300,19,0,1,0,3,0
923400,21,0,0,0,1,0
923500,28,0,1,0,3,0
923600,24,0,1,0,1,0
923700,24,0,0,0,0,0
923800,24,0,1,0,2,0
923900,18,0,0,0,1,0
924000,11,0,0,0,2,0
924100,18,0,0,0,1,0
924200,20,0,0,0,3,0
924300,18,0,2,0,3,0
924400,25,0,0,0,1,0
924500,22,0,1,0,3,0
924600,18,0,2,0,2,0
924700,20,0,0,0,1,0
924800,13,0,1,0,4,0
924900,17,0,0,0,0,0
925000,20,0,0,0,1,0
925100,29,0,1,0,2,0
925200,22,0,0,0,1,0
925300,16,0,0,0,5,0
925400,25,0,0,0,4,0
925500,18,0,0,0,1,0
925600,17,0,0,0,0,0
925700,18,0,1,0,3,0
925800,25,0,1,0,2,0
925900,15,0,1,0,0,0
926000,15,0,1,0,0,0
926100,16,0,3,0,3,0
926200,21,0,3,0,1,0
926300,21,0,4,0,2,0
926400,22,0,1,0,4,0
926500,26,0,1,0,1,0
926600,15,0,0,0,2,0
926700,14,0,0,0,1,0
926800,19,0,0,0,2,0
926900,28,0,0,0,1,0
927000,16,0,0,0,0,0
927100,16,0,1,0,3,0
927200,29,0,0,0,2,0
927300,24,0,0,0,1,0
927400,17,0,0,0,3,0
927500,18,0,2,0,2,0
927600,25,0,0,0,1,0
927700,25,0,0,0,2,0
927800,20,0,0,0,5,0
927900,30,0,1,0,1,0
928000,15,0,0,0,3,0
928100,10,0,0,0,2,0
928200,41,0,2,0,2,0
928300,10,0,0,0,2,0
928400,24,0,0,0,0,0
928500,19,0,1,0,6,0
928600,19,0,1,0,4,0
928700,22,0,0,0,1,0
928800,23,0,1,0,5,0
928900,21,0,2,0,1,0
929000,18,0,1,0,1,0
929100,17,0,0,0,4,0
929200,21,0,1,0,5,0
929300,19,0,0,0,3,0
929400,30,0,1,0,3,0
929500,14,0,2,0,2,0
929600,26,0,0,0,1,0
929700,20,0,0,0,2,0
929800,25,0,1,0,3,0
929900,17,0,0,0,1,0
930000,18,0,0,0,2,0
930100,19,0,1,0,2,0
930200,15,0,1,0,0,0
930300,21,0,2,0,1,0
930400,26,0,0,0,0,0
930500,32,0,1,0,0,0
930600,19,0,0,0,2,0
930700,20,0,1,0,2,0
930800,10,0,0,0,3,0
930900,28,0,1,0,0,0
931000,21,0,1,0,0,0
931100,14,0,2,0,2,0
931200,20,0,4,0,2,0
931300,15,0,6,0,3,0
931400,17,0,0,0,6,0
931500,15,0,0,0,4,0
931600,18,0,0,0,3,0
931700,12,0,0,0,2,0
931800,23,0,0,0,7,0
931900,18,0,0,0,1,0
932000,22,0,0,0,3,0
932100,26,0,0,0,2,0
932200,16,0,0,0,1,0
932300,27,0,0,0,2,0
932400,23,0,0,0,3,0
932500,30,0,1,0,0,0
932600,17,0,1,0,1,0
932700,26,0,0,0,0,0
932800,24,0,0,0,3,0
932900,17,0,3,0,2,0
933000,18,0,0,0,1,0
933100,21,0,0,0,2,0
933200,28,0,0,0,4,0
933300,17,0,0,0,3,0
933400,23,0,0,0,4,0
933500,19,0,1,0,2,0
933600,22,0,0,0,2,0
933700,20,0,0,0,4,0
933800,16,0,1,0,4,0
933900,16,0,0,0,2,0
934000,27,0,0,0,1,0
934100,30,0,0,0,2,0
934200,26,0,0,0,3,0
934300,20,0,0,0,0,0
934400,22,0,1,0,2,0
934500,14,0,0,0,2,0
934600,15,0,1,0,7,0
934700,29,0,0,0,1,0
934800,26,0,0,0,1,0
934900,24,0,1,0,0,0
935000,20,0,2,0,6,0
935100,29,0,1,0,2,0
935200,16,0,0,0,1,0
935300,8,0,2,0,2,0
935400,19,0,1,0,1,0
935500,15,0,1,0,4,0
935600,24,0,0,0,2,0
935700,23,0,1,0,3,0
935800,19,0,0,0,0,0
935900,24,0,0,0,2,0
936000,13,0,0,0,1,0
936100,23,0,0,0,0,0
936200,32,0,1,0,2,0
936300,20,0,0,0,2,0
936400,15,0,1,0,2,0
936500,27,0,0,0,3,0
936600,20,0,0,0,1,0
936700,20,0,0,0,0,0
936800,20,0,0,0,2,0
936900,33,0,1,0,2,0
937000,14,0,1,0,2,0
937100,20,0,0,0,3,0
937200,22,0,3,0,2,0
937300,19,0,0,0,1,0
937400,11,0,0,0,1,0
937500,16,0,1,0,1,0
937600,20,0,0,0,1,0
937700,14,0,0,0,1,0
937800,27,0,1,0,5,0
937900,20,0,0,0,3,0
938000,23,0,1,0,0,0
938100,27,0,0,0,1,0
938200,21,0,0,0,2,0
938300,14,0,0,0,1,0
938400,17,0,0,0,2,0
938500,21,0,0,0,4,0
938600,27,0,2,0,3,0
938700,31,0,0,0,1,0
938800,21,0,1,0,1,0
938900,18,0,0,0,1,0
939000,17,0,3,0,1,0
939100,15,0,2,0,1,0
939200,16,0,0,0,3,0
939300,15,0,3,0,2,0
939400,24,0,0,0,1,0
939500,18,0,0,0,5,0
939600,23,0,0,0,5,0
939700,8,0,0,0,2,0
939800,15,0,3,0,1,0
939900,23,0,0,0,2,0
940000,33,0,0,0,0,0
940100,16,0,0,0,0,0
940200,17,0,1,0,1,0
940300,14,0,0,0,1,0
940400,21,0,0,0,1,0
940500,29,0,2,0,0,0
940600,33,0,1,0,2,0
940700,13,0,1,0,2,0
940800,28,0,2,0,5,0
940900,19,0,0,0,2,0
941000,15,0,0,0,1,0
941100,24,0,1,0,0,0
941200,23,0,1,0,0,0
941300,12,0,0,0,3,0
941400,16,0,2,0,2,0
941500,23,0,1,0,3,0
941600,15,0,3,0,1,0
941700,17,0,0,0,2,0
941800,23,0,1,0,5,0
941900,20,0,2,0,2,0
942000,25,0,1,0,2,0
942100,23,0,1,0,2,0
942200,17,0,0,0,1,0
942300,21,0,0,0,3,0
942400,22,0,0,0,2,0
942500,21,0,0,0,0,0
942600,19,0,0,0,2,0
942700,18,0,0,0,2,0
942800,22,0,1,0,0,0
942900,16,0,0,0,2,0
943000,11,0,0,0,1,0
943100,15,0,2,0,2,0
943200,25,0,1,0,1,0
943300,19,0,0,0,1,0
943400,20,0,0,0,0,0
943500,29,0,0,0,0,0
943600,31,0,0,0,0,0
943700,26,0,0,0,3,0
943800,17,0,0,0,2,0
943900,25,0,1,0,5,0
944000,17,0,1,0,0,0
944100,20,0,0,0,1,0
944200,31,0,1,0,3,0
944300,18,0,0,0,1,0
944400,14,0,0,0,4,0
944500,23,0,1,0,4,0
944600,24,0,0,0,2,0
944700,24,0,0,0,1,0
944800,18,0,1,0,4,0
944900,22,0,0,0,3,0
945000,22,0,0,0,2,0
945100,21,0,2,0,2,0
945200,22,0,0,0,1,0
945300,20,0,0,0,1,0
945400,13,0,2,0,2,0
945500,29,0,1,0,1,0
945600,18,0,1,0,1,0
945700,19,0,0,0,0,0
945800,18,0,1,0,4,0
945900,23,0,0,0,3,0
946000,24,0,0,0,1,0
946100,31,0,1,0,3,0
946200,23,0,2,0,4,0
946300,14,0,1,0,3,0
946400,19,0,1,0,1,0
946500,11,0,1,0,3,0
946600,19,0,1,0,2,0
946700,18,0,3,0,2,0
946800,24,0,3,0,0,0
946900,21,0,0,0,0,0
947000,26,0,0,0,0,0
947100,26,0,1,0,2,0
947200,22,0,0,0,4,0
947300,19,0,1,0,1,0
947400,16,0,0,0,4,0
947500,16,0,0,0,2,0
947600,12,0,1,0,1,0
947700,16,0,1,0,1,0
947800,23,0,0,0,2,0
947900,23,0,0,0,0,0
948000,14,0,0,0,5,0
948100,21,0,1,0,1,0
948200,16,0,2,0,3,0
948300,14,0,0,0,3,0
948400,20,0,0,0,2,0
948500,21,0,1,0,1,0
948600,19,0,0,0,0,0
948700,21,0,0,0,4,0
948800,17,0,0,0,1,0
948900,18,0,3,0,1,0
949000,18,0,0,0,6,0
949100,15,0,0,0,0,0
949200,16,0,0,0,3,0
949300,27,0,2,0,1,0
949400,23,0,0,0,0,0
949500,23,0,2,0,1,0
949600,15,0,1,0,4,0
949700,18,0,1,0,3,0
949800,22,0,2,0,3,0
949900,15,0,0,0,1,0
950000,30,0,0,0,1,0
950100,23,0,1,0,5,0
950200,21,0,0,0,2,0
950300,26,0,0,0,3,0
950400,29,0,0,0,2,0
950500,18,0,1,0,7,0
950600,25,0,0,0,3,0
950700,19,0,0,0,3,0
950800,16,0,0,0,1,0
950900,20,0,0,0,3,0
951000,24,0,1,0,1,0
951100,16,0,3,0,0,0
951200,20,0,1,0,1,0
951300,24,0,0,0,2,0
951400,14,0,0,0,0,0
951500,17,0,0,0,2,0
951600,19,0,1,0,0,0
951700,19,0,0,0,2,0
951800,26,0,2,0,1,0
951900,25,0,2,0,2,0
952000,29,0,0,0,4,0
952100,24,0,0,0,2,0
952200,19,0,1,0,2,0
952300,23,0,0,0,4,0
952400,19,0,1,0,2,0
952500,20,0,0,0,2,0
952600,20,0,2,0,2,0
952700,29,0,2,0,1,0
952800,18,0,3,0,1,0
952900,25,0,2,0,4,0
953000,13,0,1,0,2,0
953100,18,0,0,0,2,0
953200,17,0,1,0,1,0
953300,22,0,0,0,2,0
953400,30,0,0,0,4,0
953500,15,0,2,0,0,0
953600,28,0,0,0,1,0
953700,20,0,1,0,2,0
953800,27,0,1,0,3,0
953900,26,0,2,0,1,0
954000,22,0,0,0,1,0
954100,27,0,1,0,0,0
954200,26,0,0,0,1,0
954300,16,0,0,0,1,0
954400,14,0,0,0,4,0
954500,15,0,2,0,2,0
954600,28,0,0,0,1,0
954700,17,0,0,0,3,0
954800,15,0,1,0,3,0
954900,29,0,0,0,0,0
955000,21,0,0,0,7,0
955100,10,0,0,0,1,0
955200,17,0,0,0,2,0
955300,14,0,1,0,1,0
955400,24,0,0,0,3,0
955500,18,0,1,0,4,0
955600,25,0,2,0,0,0
955700,20,0,0,0,1,0
955800,16,0,1,0,2,0
955900,17,0,1,0,2,0
956000,23,0,1,0,2,0
956100,20,0,0,0,0,0
956200,19,0,1,0,6,0
956300,23,0,0,0,5,0
956400,18,0,0,0,0,0
956500,15,0,1,0,3,0
956600,22,0,1,0,4,0
956700,15,0,0,0,2,0
956800,26,0,3,0,0,0
956900,11,0,0,0,1,0
957000,20,0,0,0,0,0
957100,15,0,3,0,2,0
957200,9,0,0,0,1,0
957300,25,0,0,0,5,0
957400,19,0,0,0,4,0
957500,19,0,0,0,3,0
957600,18,0,0,0,2,0
957700,17,0,2,0,2,0
957800,16,0,1,0,2,0
957900,15,0,0,0,0,0
958000,14,0,1,0,2,0
958100,13,0,2,0,3,0
958200,13,0,0,0,0,0
958300,15,0,1,0,5,0
958400,15,0,0,0,4,0
958500,14,0,0,0,4,0
958600,28,0,0,0,3,0
958700,20,0,4,0,2,0
958800,24,0,0,0,3,0
958900,5,0,1,0,2,0
959000,11,0,0,0,2,0
959100,17,0,0,0,0,0
959200,18,0,1,0,1,0
959300,11,0,0,0,1,0
959400,24,0,1,0,3,0
959500,13,0,2,0,2,0
959600,14,0,0,0,1,0
959700,23,0,0,0,1,0
959800,16,0,0,0,2,0
959900,17,0,1,0,2,0
960000,14,0,0,0,0,0
960100,20,0,2,0,2,0
960200,16,0,0,0,0,0
960300,18,0,2,0,1,0
960400,17,0,1,0,2,0
960500,13,0,2,0,3,0
960600,18,0,0,0,4,0
960700,23,0,1,0,2,0
960800,18,0,0,0,2,0
960900,12,0,0,0,3,0
961000,10,0,0,0,4,0
961100,15,0,2,0,3,0
961200,16,0,0,0,3,0
961300,18,0,0,0,1,0
961400,11,0,0,0,1,0
961500,7,0,0,0,2,0
961600,18,0,2,0,4,0
961700,18,0,0,0,3,0
961800,21,0,0,0,4,0
961900,15,0,0,0,4,0
962000,12,0,1,0,2,0
962100,9,0,1,0,0,0
962200,12,0,0,0,1,0
962300,22,0,1,0,1,0
962400,14,0,0,0,1,0
962500,15,0,0,0,2,0
962600,18,0,2,0,0,0
962700,13,0,0,0,6,0
962800,7,0,0,0,1,0
962900,10,0,2,0,1,0
963000,9,0,0,0,1,0
963100,23,0,0,0,3,0
963200,19,0,0,0,3,0
963300,16,0,0,0,2,0
963400,14,0,3,0,5,0
963500,17,0,1,0,6,0
963600,18,0,2,0,1,0
963700,15,0,0,0,2,0
963800,19,0,0,0,1,0
963900,16,0,0,0,3,0
964000,11,0,2,0,2,0
964100,15,0,0,0,0,0
964200,13,0,0,0,2,0
964300,16,0,0,0,2,0
964400,16,0,0,0,2,0
964500,12,0,0,0,3,0
964600,19,0,0,0,1,0
964700,14,0,1,0,1,0
964800,17,0,0,0,1,0
964900,8,0,0,0,1,0
965000,10,0,1,0,4,0
965100,12,0,2,0,4,0
965200,14,0,3,0,2,0
965300,13,0,0,0,1,0
965400,21,0,2,0,1,0
965500,11,0,0,0,1,0
965600,18,0,1,0,1,0
965700,23,0,0,0,0,0
965800,21,0,0,0,2,0
965900,17,0,2,0,3,0
966000,12,0,0,0,0,0
966100,22,0,0,0,2,0
966200,16,0,0,0,3,0
966300,19,0,0,0,2,0
966400,14,0,0,0,0,0
966500,13,0,0,0,3,0
966600,14,0,2,0,2,0
966700,21,0,1,0,2,0
966800,16,0,2,0,4,0
966900,11,0,0,0,4,0
967000,20,0,0,0,2,0
967100,20,0,0,0,0,0
967200,16,0,0,0,2,0
967300,16,0,3,0,2,0
967400,12,0,0,0,0,0
967500,10,0,1,0,1,0
967600,6,0,0,0,3,0
967700,20,0,1,0,0,0
967800,18,0,0,0,3,0
967900,13,0,2,0,3,0
968000,10,0,0,0,1,0
968100,10,0,1,0,1,0
968200,8,0,0,0,1,0
968300,22,0,0,0,1,0
968400,15,0,0,0,1,0
968500,8,0,1,0,4,0
968600,19,0,2,0,2,0
968700,12,0,1,0,2,0
968800,12,0,0,0,2,0
968900,23,0,1,0,4,0
969000,18,0,0,0,2,0
969100,11,0,0,0,2,0
969200,14,0,1,0,0,0
969300,12,0,0,0,4,0
969400,15,0,1,0,1,0
969500,20,0,1,0,3,0
969600,12,0,0,0,3,0
969700,19,0,2,0,2,0
969800,10,0,3,0,2,0
969900,12,0,1,0,2,0
970000,15,0,1,0,1,0
970100,16,0,1,0,0,0
970200,8,0,2,0,1,0
970300,14,0,0,0,2,0
970400,21,0,1,0,2,0
970500,16,0,0,0,3,0
970600,15,0,1,0,1,0
970700,18,0,0,0,1,0
970800,21,0,0,0,1,0
970900,16,0,1,0,3,0
971000,15,0,0,0,1,0
971100,13,0,0,0,0,0
971200,14,0,1,0,2,0
971300,15,0,1,0,1,0
971400,14,0,0,0,0,0
971500,21,0,1,0,1,0
971600,19,0,1,0,1,0
971700,13,0,0,0,3,0
971800,9,0,0,0,1,0
971900,14,0,0,0,2,0
972000,18,0,1,0,3,0
972100,17,0,0,0,3,0
972200,15,0,0,0,1,0
972300,15,0,1,0,1,0
972400,18,0,2,0,4,0
972500,8,0,2,0,4,0
972600,10,0,0,0,0,0
972700,15,0,0,0,3,0
972800,11,0,1,0,3,0
972900,14,0,0,0,2,0
973000,10,0,1,0,2,0
973100,13,0,1,0,3,0
973200,20,0,0,0,0,0
973300,23,0,0,0,3,0
973400,14,0,0,0,2,0
973500,16,0,1,0,0,0
973600,9,0,1,0,4,0
973700,14,0,1,0,2,0
973800,14,0,1,0,0,0
973900,12,0,1,0,2,0
974000,12,0,0,0,3,0
974100,18,0,0,0,2,0
974200,15,0,0,0,2,0
974300,11,0,1,0,1,0
974400,9,0,0,0,0,0
974500,16,0,2,0,2,0
974600,11,0,1,0,3,0
974700,10,0,1,0,2,0
974800,11,0,0,0,2,0
974900,12,0,0,0,1,0
975000,15,0,0,0,0,0
975100,9,0,0,0,3,0
975200,17,0,0,0,0,0
975300,12,0,0,0,2,0
975400,14,0,0,0,3,0
975500,16,0,1,0,0,0
975600,12,0,0,0,1,0
975700,11,0,1,0,4,0
975800,14,0,1,0,1,0
975900,14,0,1,0,4,0
976000,13,0,1,0,3,0
976100,9,0,0,0,0,0
976200,13,0,0,0,0,0
976300,10,0,0,0,2,0
976400,11,0,0,0,2,0
976500,17,0,1,0,1,0
976600,7,0,0,0,2,0
976700,16,0,1,0,6,0
976800,14,0,0,0,2,0
976900,8,0,0,0,2,0
977000,24,0,2,0,2,0
977100,20,0,1,0,1,0
977200,17,0,1,0,3,0
977300,7,0,1,0,4,0
977400,17,0,0,0,3,0
977500,16,0,0,0,3,0
977600,9,0,0,0,2,0
977700,20,0,1,0,2,0
977800,17,0,1,0,1,0
977900,13,0,2,0,1,0
978000,12,0,0,0,2,0
978100,11,0,0,0,2,0
978200,18,0,0,0,0,0
978300,12,0,0,0,1,0
978400,21,0,1,0,2,0
978500,15,0,1,0,0,0
978600,9,0,0,0,2,0
978700,12,0,3,0,2,0
978800,10,0,0,0,1,0
978900,18,0,0,0,1,0
979000,11,0,0,0,3,0
979100,14,0,1,0,2,0
979200,15,0,2,0,1,0
979300,10,0,2,0,2,0
979400,12,0,0,0,1,0
979500,27,0,0,0,2,0
979600,8,0,0,0,2,0
979700,9,0,4,0,3,0
979800,9,0,0,0,2,0
979900,11,0,1,0,1,0
980000,22,0,0,0,0,0
980100,9,0,1,0,1,0
980200,13,0,0,0,1,0
980300,17,0,1,0,5,0
980400,12,0,1,0,2,0
980500,15,0,1,0,3,0
980600,14,0,1,0,2,0
980700,20,0,0,0,1,0
980800,16,0,0,0,2,0
980900,12,0,0,0,4,0
981000,10,0,0,0,2,0
981100,7,0,2,0,2,0
981200,12,0,2,0,4,0
981300,13,0,0,0,1,0
981400,17,0,1,0,1,0
981500,14,0,1,0,0,0
981600,19,0,1,0,2,0
981700,15,0,0,0,1,0
981800,9,0,0,0,0,0
981900,14,0,0,0,3,0
982000,15,0,0,0,3,0
982100,14,0,0,0,3,0
982200,16,0,1,0,1,0
982300,13,0,0,0,2,0
982400,12,0,0,0,0,0
982500,7,0,1,0,2,0
982600,16,0,1,0,3,0
982700,14,0,1,0,0,0
982800,14,0,2,0,5,0
982900,8,0,0,0,3,0
983000,21,0,0,0,2,0
983100,26,0,1,0,2,0
983200,16,0,1,0,0,0
983300,15,0,0,0,2,0
983400,12,0,1,0,4,0
983500,14,0,0,0,0,0
983600,13,0,1,0,3,0
983700,12,0,1,0,1,0
983800,19,0,0,0,1,0
983900,7,0,1,0,1,0
984000,12,0,1,0,1,0
984100,15,0,1,0,2,0
984200,13,0,0,0,0,0
984300,10,0,1,0,9,0
984400,23,0,0,0,3,0
984500,7,0,0,0,0,0
984600,10,0,0,0,1,0
984700,13,0,0,0,1,0
984800,12,0,0,0,1,0
984900,17,0,0,0,2,0
985000,8,0,1,0,2,0
985100,15,0,0,0,0,0
985200,12,0,0,0,2,0
985300,12,0,0,0,0,0
985400,14,0,0,0,3,0
985500,13,0,0,0,2,0
985600,13,0,0,0,0,0
985700,11,0,0,0,3,0
985800,13,0,1,0,2,0
985900,15,0,1,0,2,0
986000,17,0,0,0,2,0
986100,13,0,0,0,3,0
986200,12,0,0,0,3,0
986300,11,0,1,0,0,0
986400,14,0,1,0,5,0
986500,14,0,1,0,5,0
986600,16,0,0,0,3,0
986700,14,0,0,0,4,0
986800,6,0,4,0,2,0
986900,13,0,8,0,3,0
987000,11,0,3,0,2,0
987100,18,0,1,0,1,0
987200,9,0,1,0,1,0
987300,21,0,0,0,1,0
987400,21,0,0,0,3,0
987500,11,0,0,0,0,0
987600,9,0,0,0,2,0
987700,9,0,1,0,3,0
987800,10,0,1,0,2,0
987900,15,0,1,0,2,0
988000,7,0,1,0,3,0
988100,12,0,0,0,1,0
988200,9,0,0,0,2,0
988300,12,0,3,0,2,0
988400,16,0,1,0,1,0
988500,17,0,0,0,2,0
988600,9,0,0,0,2,0
988700,13,0,1,0,1,0
988800,14,0,0,0,1,0
988900,20,0,0,0,1,0
989000,17,0,0,0,0,0
989100,18,0,3,0,3,0
989200,15,0,0,0,3,0
989300,9,0,0,0,2,0
989400,11,0,0,0,2,0
989500,21,0,1,0,3,0
989600,12,0,0,0,4,0
989700,12,0,0,0,3,0
989800,13,0,0,0,1,0
989900,16,0,0,0,2,0
990000,13,0,0,0,2,0
990100,16,0,0,0,0,0
990200,14,0,3,0,2,0
990300,8,0,0,0,2,0
990400,16,0,1,0,2,0
990500,4,0,1,0,3,0
990600,16,0,0,0,2,0
990700,15,0,0,0,0,0
990800,15,0,0,0,0,0
990900,17,0,0,0,2,0
991000,16,0,1,0,1,0
991100,9,0,0,0,3,0
991200,15,0,1,0,1,0
991300,12,0,0,0,2,0
991400,16,0,1,0,1,0
991500,11,0,0,0,0,0
991600,10,0,1,0,1,0
991700,15,0,0,0,2,0
991800,10,0,0,0,1,0
991900,13,0,1,0,3,0
992000,19,0,1,0,1,0
992100,12,0,0,0,2,0
992200,13,0,0,0,3,0
992300,9,0,0,0,0,0
992400,14,0,3,0,0,0
992500,16,0,0,0,4,0
992600,19,0,0,0,2,0
992700,18,0,0,0,4,0
992800,15,0,1,0,1,0
992900,16,0,0,0,2,0
993000,16,0,1,0,1,0
993100,9,0,1,0,1,0
993200,19,0,0,0,2,0
993300,8,0,2,0,1,0
993400,16,0,1,0,3,0
993500,11,0,0,0,0,0
993600,18,0,1,0,2,0
993700,10,0,2,0,2,0
993800,24,0,0,0,0,0
993900,13,0,0,0,0,0
994000,12,0,1,0,2,0
994100,19,0,0,0,1,0
994200,14,0,0,0,2,0
994300,18,0,0,0,0,0
994400,11,0,1,0,2,0
994500,19,0,0,0,1,0
994600,24,0,0,0,1,0
994700,14,0,0,0,2,0
994800,23,0,1,0,8,0
994900,15,0,1,0,2,0
995000,16,0,0,0,1,0
995100,17,0,1,0,3,0
995200,19,0,2,0,1,0
995300,16,0,0,0,2,0
995400,14,0,0,0,0,0
995500,15,0,0,0,4,0
995600,15,0,1,0,0,0
995700,14,0,0,0,1,0
995800,16,0,0,0,0,0
995900,14,0,0,0,2,0
996000,16,0,1,0,2,0
996100,10,0,0,0,1,0
996200,11,0,2,0,1,0
996300,18,0,1,0,2,0
996400,15,0,1,0,3,0
996500,9,0,2,0,1,0
996600,16,0,0,0,0,0
996700,14,0,1,0,3,0
996800,13,0,1,0,3,0
996900,20,0,0,0,0,0
997000,21,0,0,0,1,0
997100,18,0,2,0,5,0
997200,15,0,1,0,2,0
997300,12,0,0,0,0,0
997400,13,0,0,0,3,0
997500,15,0,0,0,2,0
997600,19,0,0,0,0,0
997700,12,0,0,0,2,0
997800,9,0,0,0,1,0
997900,16,0,0,0,3,0
998000,19,0,0,0,0,0
998100,18,0,0,0,1,0
998200,18,0,0,0,1,0
998300,11,0,0,0,2,0
998400,8,0,0,0,0,0
998500,15,0,1,0,0,0
998600,20,0,0,0,2,0
998700,17,0,1,0,3,0
998800,19,0,0,0,3,0
998900,20,0,0,0,0,0
999000,11,0,1,0,1,0
999100,19,0,2,0,1,0
999200,14,0,0,0,3,0
999300,12,0,0,0,1,0
999400,23,0,3,0,3,0
999500,15,0,0,0,2,0
999600,13,0,0,0,2,0
999700,17,0,1,0,2,0
999800,12,0,2,0,2,0
999900,14,0,1,0,1,0
