Cycle,Area(mm^2),PeakDynamic(W),SubthresholdLeakage(W),GateLeakage(W),RunTimeDynamic(W)
100,0.7779,0.306348,0.002724,0.000334,0.183809
200,0.7779,0.306348,0.002724,0.000334,0.183809
300,0.7779,0.306348,0.002724,0.000334,0.183809
400,0.7779,0.306348,0.002724,0.000334,0.183809
500,0.7779,0.306348,0.002724,0.000334,0.183809
600,0.7779,0.306348,0.002724,0.000334,0.183809
700,0.7779,0.306348,0.002724,0.000334,0.183809
800,0.7779,0.306348,0.002724,0.000334,0.183809
900,0.7779,0.306348,0.002724,0.000334,0.183809
1000,0.7779,0.306348,0.002724,0.000334,0.183809
1100,0.7779,0.306348,0.002724,0.000334,0.183809
1200,0.7779,0.306348,0.002724,0.000334,0.183809
1300,0.7779,0.306348,0.002724,0.000334,0.183809
1400,0.7779,0.306348,0.002724,0.000334,0.183809
1500,0.7779,0.306348,0.002724,0.000334,0.183809
1600,0.7779,0.306348,0.002724,0.000334,0.183809
1700,0.7779,0.306348,0.002724,0.000334,0.183809
1800,0.7779,0.306348,0.002724,0.000334,0.183809
1900,0.7779,0.306348,0.002724,0.000334,0.183809
2000,0.7779,0.306348,0.002724,0.000334,0.183809
2100,0.7779,0.306348,0.002724,0.000334,0.183809
2200,0.7779,0.306348,0.002724,0.000334,0.183809
2300,0.7779,0.306348,0.002724,0.000334,0.183809
2400,0.7779,0.306348,0.002724,0.000334,0.183809
2500,0.7779,0.306348,0.002724,0.000334,0.183809
2600,0.7779,0.306348,0.002724,0.000334,0.183809
2700,0.7779,0.306348,0.002724,0.000334,0.183809
2800,0.7779,0.306348,0.002724,0.000334,0.183809
2900,0.7779,0.306348,0.002724,0.000334,0.183809
3000,0.7779,0.306348,0.002724,0.000334,0.183809
3100,0.7779,0.306348,0.002724,0.000334,0.183809
3200,0.7779,0.306348,0.002724,0.000334,0.183809
3300,0.7779,0.306348,0.002724,0.000334,0.183809
3400,0.7779,0.306348,0.002724,0.000334,0.183809
3500,0.7779,0.306348,0.002724,0.000334,0.183809
3600,0.7779,0.306348,0.002724,0.000334,0.183809
3700,0.7779,0.306348,0.002724,0.000334,0.183809
3800,0.7779,0.306348,0.002724,0.000334,0.183809
3900,0.7779,0.306348,0.002724,0.000334,0.183809
4000,0.7779,0.306348,0.002724,0.000334,0.183809
4100,0.7779,0.306348,0.002724,0.000334,0.183809
4200,0.7779,0.306348,0.002724,0.000334,0.183809
4300,0.7779,0.306348,0.002724,0.000334,0.183809
4400,0.7779,0.306348,0.002724,0.000334,0.183809
4500,0.7779,0.306348,0.002724,0.000334,0.183809
4600,0.7779,0.306348,0.002724,0.000334,0.183809
4700,0.7779,0.306348,0.002724,0.000334,0.183809
4800,0.7779,0.306348,0.002724,0.000334,0.183809
4900,0.7779,0.306348,0.002724,0.000334,0.183809
5000,0.7779,0.306348,0.002724,0.000334,0.183809
5100,0.7779,0.306348,0.002724,0.000334,0.183809
5200,0.7779,0.306348,0.002724,0.000334,0.183809
5300,0.7779,0.306348,0.002724,0.000334,0.183809
5400,0.7779,0.306348,0.002724,0.000334,0.183809
5500,0.7779,0.306348,0.002724,0.000334,0.183809
5600,0.7779,0.306348,0.002724,0.000334,0.183809
5700,0.7779,0.306348,0.002724,0.000334,0.183809
5800,0.7779,0.306348,0.002724,0.000334,0.183809
5900,0.7779,0.306348,0.002724,0.000334,0.183809
6000,0.7779,0.306348,0.002724,0.000334,0.262935
6100,0.7779,0.306348,0.002724,0.000334,0.364133
6200,0.7779,0.306348,0.002724,0.000334,0.364603
6300,0.7779,0.306348,0.002724,0.000334,0.353098
6400,0.7779,0.306348,0.002724,0.000334,0.286180
6500,0.7779,0.306348,0.002724,0.000334,0.206819
6600,0.7779,0.306348,0.002724,0.000334,0.191322
6700,0.7779,0.306348,0.002724,0.000334,0.184748
6800,0.7779,0.306348,0.002724,0.000334,0.192496
6900,0.7779,0.306348,0.002724,0.000334,0.223959
7000,0.7779,0.306348,0.002724,0.000334,0.255892
7100,0.7779,0.306348,0.002724,0.000334,0.250491
7200,0.7779,0.306348,0.002724,0.000334,0.234525
7300,0.7779,0.306348,0.002724,0.000334,0.238047
7400,0.7779,0.306348,0.002724,0.000334,0.235934
7500,0.7779,0.306348,0.002724,0.000334,0.203532
7600,0.7779,0.306348,0.002724,0.000334,0.184513
7700,0.7779,0.306348,0.002724,0.000334,0.185687
7800,0.7779,0.306348,0.002724,0.000334,0.186391
7900,0.7779,0.306348,0.002724,0.000334,0.191557
8000,0.7779,0.306348,0.002724,0.000334,0.186626
8100,0.7779,0.306348,0.002724,0.000334,0.188739
8200,0.7779,0.306348,0.002724,0.000334,0.186157
8300,0.7779,0.306348,0.002724,0.000334,0.184748
8400,0.7779,0.306348,0.002724,0.000334,0.187331
8500,0.7779,0.306348,0.002724,0.000334,0.188035
8600,0.7779,0.306348,0.002724,0.000334,0.188974
8700,0.7779,0.306348,0.002724,0.000334,0.187096
8800,0.7779,0.306348,0.002724,0.000334,0.192496
8900,0.7779,0.306348,0.002724,0.000334,0.195079
9000,0.7779,0.306348,0.002724,0.000334,0.194140
9100,0.7779,0.306348,0.002724,0.000334,0.198601
9200,0.7779,0.306348,0.002724,0.000334,0.198601
9300,0.7779,0.306348,0.002724,0.000334,0.197427
9400,0.7779,0.306348,0.002724,0.000334,0.190853
9500,0.7779,0.306348,0.002724,0.000334,0.190383
9600,0.7779,0.306348,0.002724,0.000334,0.186391
9700,0.7779,0.306348,0.002724,0.000334,0.189913
9800,0.7779,0.306348,0.002724,0.000334,0.187565
9900,0.7779,0.306348,0.002724,0.000334,0.191322
10000,0.7779,0.306348,0.002724,0.000334,0.191322
10100,0.7779,0.306348,0.002724,0.000334,0.193905
10200,0.7779,0.306348,0.002724,0.000334,0.203062
10300,0.7779,0.306348,0.002724,0.000334,0.206584
10400,0.7779,0.306348,0.002724,0.000334,0.197192
10500,0.7779,0.306348,0.002724,0.000334,0.197897
10600,0.7779,0.306348,0.002724,0.000334,0.200010
10700,0.7779,0.306348,0.002724,0.000334,0.205410
10800,0.7779,0.306348,0.002724,0.000334,0.199071
10900,0.7779,0.306348,0.002724,0.000334,0.202123
11000,0.7779,0.306348,0.002724,0.000334,0.194609
11100,0.7779,0.306348,0.002724,0.000334,0.199540
11200,0.7779,0.306348,0.002724,0.000334,0.193905
11300,0.7779,0.306348,0.002724,0.000334,0.189444
11400,0.7779,0.306348,0.002724,0.000334,0.191557
11500,0.7779,0.306348,0.002724,0.000334,0.194140
11600,0.7779,0.306348,0.002724,0.000334,0.193670
11700,0.7779,0.306348,0.002724,0.000334,0.190618
11800,0.7779,0.306348,0.002724,0.000334,0.196018
11900,0.7779,0.306348,0.002724,0.000334,0.192966
12000,0.7779,0.306348,0.002724,0.000334,0.193435
12100,0.7779,0.306348,0.002724,0.000334,0.194609
12200,0.7779,0.306348,0.002724,0.000334,0.191322
12300,0.7779,0.306348,0.002724,0.000334,0.194609
12400,0.7779,0.306348,0.002724,0.000334,0.188270
12500,0.7779,0.306348,0.002724,0.000334,0.194609
12600,0.7779,0.306348,0.002724,0.000334,0.189209
12700,0.7779,0.306348,0.002724,0.000334,0.186626
12800,0.7779,0.306348,0.002724,0.000334,0.188035
12900,0.7779,0.306348,0.002724,0.000334,0.191557
13000,0.7779,0.306348,0.002724,0.000334,0.192731
13100,0.7779,0.306348,0.002724,0.000334,0.188035
13200,0.7779,0.306348,0.002724,0.000334,0.190618
13300,0.7779,0.306348,0.002724,0.000334,0.190148
13400,0.7779,0.306348,0.002724,0.000334,0.190853
13500,0.7779,0.306348,0.002724,0.000334,0.191087
13600,0.7779,0.306348,0.002724,0.000334,0.191557
13700,0.7779,0.306348,0.002724,0.000334,0.191557
13800,0.7779,0.306348,0.002724,0.000334,0.191087
13900,0.7779,0.306348,0.002724,0.000334,0.192731
14000,0.7779,0.306348,0.002724,0.000334,0.189444
14100,0.7779,0.306348,0.002724,0.000334,0.189209
14200,0.7779,0.306348,0.002724,0.000334,0.190618
14300,0.7779,0.306348,0.002724,0.000334,0.191792
14400,0.7779,0.306348,0.002724,0.000334,0.190853
14500,0.7779,0.306348,0.002724,0.000334,0.190383
14600,0.7779,0.306348,0.002724,0.000334,0.193201
14700,0.7779,0.306348,0.002724,0.000334,0.192027
14800,0.7779,0.306348,0.002724,0.000334,0.189444
14900,0.7779,0.306348,0.002724,0.000334,0.192027
15000,0.7779,0.306348,0.002724,0.000334,0.197897
15100,0.7779,0.306348,0.002724,0.000334,0.190383
15200,0.7779,0.306348,0.002724,0.000334,0.193201
15300,0.7779,0.306348,0.002724,0.000334,0.193670
15400,0.7779,0.306348,0.002724,0.000334,0.196723
15500,0.7779,0.306348,0.002724,0.000334,0.197662
15600,0.7779,0.306348,0.002724,0.000334,0.191792
15700,0.7779,0.306348,0.002724,0.000334,0.192027
15800,0.7779,0.306348,0.002724,0.000334,0.194140
15900,0.7779,0.306348,0.002724,0.000334,0.196723
16000,0.7779,0.306348,0.002724,0.000334,0.192731
16100,0.7779,0.306348,0.002724,0.000334,0.187331
16200,0.7779,0.306348,0.002724,0.000334,0.192496
16300,0.7779,0.306348,0.002724,0.000334,0.194140
16400,0.7779,0.306348,0.002724,0.000334,0.192261
16500,0.7779,0.306348,0.002724,0.000334,0.194609
16600,0.7779,0.306348,0.002724,0.000334,0.192496
16700,0.7779,0.306348,0.002724,0.000334,0.201184
16800,0.7779,0.306348,0.002724,0.000334,0.197427
16900,0.7779,0.306348,0.002724,0.000334,0.193670
17000,0.7779,0.306348,0.002724,0.000334,0.192731
17100,0.7779,0.306348,0.002724,0.000334,0.197897
17200,0.7779,0.306348,0.002724,0.000334,0.199540
17300,0.7779,0.306348,0.002724,0.000334,0.195783
17400,0.7779,0.306348,0.002724,0.000334,0.193435
17500,0.7779,0.306348,0.002724,0.000334,0.194844
17600,0.7779,0.306348,0.002724,0.000334,0.191792
17700,0.7779,0.306348,0.002724,0.000334,0.189679
17800,0.7779,0.306348,0.002724,0.000334,0.192027
17900,0.7779,0.306348,0.002724,0.000334,0.188505
18000,0.7779,0.306348,0.002724,0.000334,0.188974
18100,0.7779,0.306348,0.002724,0.000334,0.188270
18200,0.7779,0.306348,0.002724,0.000334,0.191322
18300,0.7779,0.306348,0.002724,0.000334,0.190383
18400,0.7779,0.306348,0.002724,0.000334,0.194140
18500,0.7779,0.306348,0.002724,0.000334,0.191557
18600,0.7779,0.306348,0.002724,0.000334,0.192731
18700,0.7779,0.306348,0.002724,0.000334,0.189913
18800,0.7779,0.306348,0.002724,0.000334,0.190618
18900,0.7779,0.306348,0.002724,0.000334,0.189679
19000,0.7779,0.306348,0.002724,0.000334,0.193905
19100,0.7779,0.306348,0.002724,0.000334,0.188739
19200,0.7779,0.306348,0.002724,0.000334,0.191087
19300,0.7779,0.306348,0.002724,0.000334,0.191087
19400,0.7779,0.306348,0.002724,0.000334,0.191792
19500,0.7779,0.306348,0.002724,0.000334,0.190853
19600,0.7779,0.306348,0.002724,0.000334,0.188739
19700,0.7779,0.306348,0.002724,0.000334,0.190148
19800,0.7779,0.306348,0.002724,0.000334,0.189444
19900,0.7779,0.306348,0.002724,0.000334,0.189913
20000,0.7779,0.306348,0.002724,0.000334,0.194140
20100,0.7779,0.306348,0.002724,0.000334,0.193435
20200,0.7779,0.306348,0.002724,0.000334,0.188505
20300,0.7779,0.306348,0.002724,0.000334,0.190383
20400,0.7779,0.306348,0.002724,0.000334,0.193435
20500,0.7779,0.306348,0.002724,0.000334,0.190383
20600,0.7779,0.306348,0.002724,0.000334,0.189444
20700,0.7779,0.306348,0.002724,0.000334,0.190148
20800,0.7779,0.306348,0.002724,0.000334,0.190148
20900,0.7779,0.306348,0.002724,0.000334,0.193905
21000,0.7779,0.306348,0.002724,0.000334,0.191087
21100,0.7779,0.306348,0.002724,0.000334,0.192496
21200,0.7779,0.306348,0.002724,0.000334,0.189679
21300,0.7779,0.306348,0.002724,0.000334,0.192966
21400,0.7779,0.306348,0.002724,0.000334,0.189913
21500,0.7779,0.306348,0.002724,0.000334,0.188270
21600,0.7779,0.306348,0.002724,0.000334,0.193435
21700,0.7779,0.306348,0.002724,0.000334,0.194844
21800,0.7779,0.306348,0.002724,0.000334,0.192261
21900,0.7779,0.306348,0.002724,0.000334,0.192731
22000,0.7779,0.306348,0.002724,0.000334,0.196488
22100,0.7779,0.306348,0.002724,0.000334,0.191792
22200,0.7779,0.306348,0.002724,0.000334,0.192261
22300,0.7779,0.306348,0.002724,0.000334,0.192261
22400,0.7779,0.306348,0.002724,0.000334,0.192966
22500,0.7779,0.306348,0.002724,0.000334,0.189679
22600,0.7779,0.306348,0.002724,0.000334,0.189209
22700,0.7779,0.306348,0.002724,0.000334,0.189209
22800,0.7779,0.306348,0.002724,0.000334,0.194140
22900,0.7779,0.306348,0.002724,0.000334,0.189444
23000,0.7779,0.306348,0.002724,0.000334,0.189913
23100,0.7779,0.306348,0.002724,0.000334,0.189913
23200,0.7779,0.306348,0.002724,0.000334,0.188739
23300,0.7779,0.306348,0.002724,0.000334,0.192731
23400,0.7779,0.306348,0.002724,0.000334,0.190853
23500,0.7779,0.306348,0.002724,0.000334,0.194609
23600,0.7779,0.306348,0.002724,0.000334,0.193905
23700,0.7779,0.306348,0.002724,0.000334,0.194140
23800,0.7779,0.306348,0.002724,0.000334,0.193201
23900,0.7779,0.306348,0.002724,0.000334,0.190383
24000,0.7779,0.306348,0.002724,0.000334,0.191557
24100,0.7779,0.306348,0.002724,0.000334,0.191557
24200,0.7779,0.306348,0.002724,0.000334,0.191087
24300,0.7779,0.306348,0.002724,0.000334,0.189679
24400,0.7779,0.306348,0.002724,0.000334,0.192027
24500,0.7779,0.306348,0.002724,0.000334,0.188035
24600,0.7779,0.306348,0.002724,0.000334,0.186861
24700,0.7779,0.306348,0.002724,0.000334,0.189444
24800,0.7779,0.306348,0.002724,0.000334,0.188974
24900,0.7779,0.306348,0.002724,0.000334,0.189679
25000,0.7779,0.306348,0.002724,0.000334,0.190148
25100,0.7779,0.306348,0.002724,0.000334,0.191792
25200,0.7779,0.306348,0.002724,0.000334,0.190148
25300,0.7779,0.306348,0.002724,0.000334,0.190148
25400,0.7779,0.306348,0.002724,0.000334,0.190383
25500,0.7779,0.306348,0.002724,0.000334,0.192261
25600,0.7779,0.306348,0.002724,0.000334,0.189209
25700,0.7779,0.306348,0.002724,0.000334,0.188505
25800,0.7779,0.306348,0.002724,0.000334,0.190383
25900,0.7779,0.306348,0.002724,0.000334,0.187800
26000,0.7779,0.306348,0.002724,0.000334,0.191557
26100,0.7779,0.306348,0.002724,0.000334,0.188035
26200,0.7779,0.306348,0.002724,0.000334,0.192027
26300,0.7779,0.306348,0.002724,0.000334,0.188974
26400,0.7779,0.306348,0.002724,0.000334,0.189679
26500,0.7779,0.306348,0.002724,0.000334,0.189444
26600,0.7779,0.306348,0.002724,0.000334,0.187800
26700,0.7779,0.306348,0.002724,0.000334,0.190618
26800,0.7779,0.306348,0.002724,0.000334,0.188270
26900,0.7779,0.306348,0.002724,0.000334,0.191792
27000,0.7779,0.306348,0.002724,0.000334,0.192966
27100,0.7779,0.306348,0.002724,0.000334,0.190148
27200,0.7779,0.306348,0.002724,0.000334,0.192261
27300,0.7779,0.306348,0.002724,0.000334,0.193201
27400,0.7779,0.306348,0.002724,0.000334,0.191557
27500,0.7779,0.306348,0.002724,0.000334,0.189679
27600,0.7779,0.306348,0.002724,0.000334,0.186391
27700,0.7779,0.306348,0.002724,0.000334,0.188270
27800,0.7779,0.306348,0.002724,0.000334,0.190383
27900,0.7779,0.306348,0.002724,0.000334,0.188270
28000,0.7779,0.306348,0.002724,0.000334,0.188505
28100,0.7779,0.306348,0.002724,0.000334,0.188505
28200,0.7779,0.306348,0.002724,0.000334,0.191322
28300,0.7779,0.306348,0.002724,0.000334,0.189209
28400,0.7779,0.306348,0.002724,0.000334,0.190618
28500,0.7779,0.306348,0.002724,0.000334,0.190618
28600,0.7779,0.306348,0.002724,0.000334,0.192261
28700,0.7779,0.306348,0.002724,0.000334,0.188505
28800,0.7779,0.306348,0.002724,0.000334,0.192496
28900,0.7779,0.306348,0.002724,0.000334,0.192731
29000,0.7779,0.306348,0.002724,0.000334,0.189444
29100,0.7779,0.306348,0.002724,0.000334,0.188035
29200,0.7779,0.306348,0.002724,0.000334,0.189679
29300,0.7779,0.306348,0.002724,0.000334,0.188505
29400,0.7779,0.306348,0.002724,0.000334,0.191322
29500,0.7779,0.306348,0.002724,0.000334,0.187565
29600,0.7779,0.306348,0.002724,0.000334,0.189444
29700,0.7779,0.306348,0.002724,0.000334,0.187800
29800,0.7779,0.306348,0.002724,0.000334,0.188505
29900,0.7779,0.306348,0.002724,0.000334,0.188505
30000,0.7779,0.306348,0.002724,0.000334,0.187565
30100,0.7779,0.306348,0.002724,0.000334,0.188739
30200,0.7779,0.306348,0.002724,0.000334,0.192966
30300,0.7779,0.306348,0.002724,0.000334,0.193435
30400,0.7779,0.306348,0.002724,0.000334,0.190148
30500,0.7779,0.306348,0.002724,0.000334,0.192496
30600,0.7779,0.306348,0.002724,0.000334,0.189209
30700,0.7779,0.306348,0.002724,0.000334,0.191087
30800,0.7779,0.306348,0.002724,0.000334,0.189444
30900,0.7779,0.306348,0.002724,0.000334,0.190383
31000,0.7779,0.306348,0.002724,0.000334,0.189913
31100,0.7779,0.306348,0.002724,0.000334,0.187331
31200,0.7779,0.306348,0.002724,0.000334,0.188035
31300,0.7779,0.306348,0.002724,0.000334,0.187800
31400,0.7779,0.306348,0.002724,0.000334,0.187096
31500,0.7779,0.306348,0.002724,0.000334,0.188974
31600,0.7779,0.306348,0.002724,0.000334,0.188035
31700,0.7779,0.306348,0.002724,0.000334,0.187800
31800,0.7779,0.306348,0.002724,0.000334,0.190383
31900,0.7779,0.306348,0.002724,0.000334,0.193201
32000,0.7779,0.306348,0.002724,0.000334,0.191557
32100,0.7779,0.306348,0.002724,0.000334,0.188739
32200,0.7779,0.306348,0.002724,0.000334,0.192261
32300,0.7779,0.306348,0.002724,0.000334,0.188739
32400,0.7779,0.306348,0.002724,0.000334,0.186391
32500,0.7779,0.306348,0.002724,0.000334,0.191557
32600,0.7779,0.306348,0.002724,0.000334,0.189209
32700,0.7779,0.306348,0.002724,0.000334,0.190618
32800,0.7779,0.306348,0.002724,0.000334,0.188739
32900,0.7779,0.306348,0.002724,0.000334,0.188739
33000,0.7779,0.306348,0.002724,0.000334,0.186861
33100,0.7779,0.306348,0.002724,0.000334,0.190618
33200,0.7779,0.306348,0.002724,0.000334,0.189209
33300,0.7779,0.306348,0.002724,0.000334,0.189913
33400,0.7779,0.306348,0.002724,0.000334,0.187565
33500,0.7779,0.306348,0.002724,0.000334,0.188974
33600,0.7779,0.306348,0.002724,0.000334,0.190853
33700,0.7779,0.306348,0.002724,0.000334,0.188270
33800,0.7779,0.306348,0.002724,0.000334,0.189913
33900,0.7779,0.306348,0.002724,0.000334,0.189913
34000,0.7779,0.306348,0.002724,0.000334,0.191792
34100,0.7779,0.306348,0.002724,0.000334,0.191792
34200,0.7779,0.306348,0.002724,0.000334,0.190383
34300,0.7779,0.306348,0.002724,0.000334,0.186157
34400,0.7779,0.306348,0.002724,0.000334,0.190618
34500,0.7779,0.306348,0.002724,0.000334,0.190853
34600,0.7779,0.306348,0.002724,0.000334,0.190618
34700,0.7779,0.306348,0.002724,0.000334,0.186861
34800,0.7779,0.306348,0.002724,0.000334,0.190148
34900,0.7779,0.306348,0.002724,0.000334,0.188974
35000,0.7779,0.306348,0.002724,0.000334,0.187331
35100,0.7779,0.306348,0.002724,0.000334,0.189913
35200,0.7779,0.306348,0.002724,0.000334,0.189209
35300,0.7779,0.306348,0.002724,0.000334,0.190383
35400,0.7779,0.306348,0.002724,0.000334,0.188974
35500,0.7779,0.306348,0.002724,0.000334,0.188739
35600,0.7779,0.306348,0.002724,0.000334,0.188974
35700,0.7779,0.306348,0.002724,0.000334,0.189913
35800,0.7779,0.306348,0.002724,0.000334,0.189209
35900,0.7779,0.306348,0.002724,0.000334,0.188035
36000,0.7779,0.306348,0.002724,0.000334,0.189444
36100,0.7779,0.306348,0.002724,0.000334,0.185687
36200,0.7779,0.306348,0.002724,0.000334,0.187331
36300,0.7779,0.306348,0.002724,0.000334,0.189913
36400,0.7779,0.306348,0.002724,0.000334,0.189444
36500,0.7779,0.306348,0.002724,0.000334,0.189913
36600,0.7779,0.306348,0.002724,0.000334,0.187331
36700,0.7779,0.306348,0.002724,0.000334,0.188270
36800,0.7779,0.306348,0.002724,0.000334,0.185922
36900,0.7779,0.306348,0.002724,0.000334,0.186391
37000,0.7779,0.306348,0.002724,0.000334,0.188505
37100,0.7779,0.306348,0.002724,0.000334,0.188505
37200,0.7779,0.306348,0.002724,0.000334,0.189679
37300,0.7779,0.306348,0.002724,0.000334,0.191087
37400,0.7779,0.306348,0.002724,0.000334,0.188035
37500,0.7779,0.306348,0.002724,0.000334,0.191322
37600,0.7779,0.306348,0.002724,0.000334,0.188270
37700,0.7779,0.306348,0.002724,0.000334,0.188035
37800,0.7779,0.306348,0.002724,0.000334,0.195079
37900,0.7779,0.306348,0.002724,0.000334,0.187565
38000,0.7779,0.306348,0.002724,0.000334,0.188270
38100,0.7779,0.306348,0.002724,0.000334,0.186157
38200,0.7779,0.306348,0.002724,0.000334,0.188739
38300,0.7779,0.306348,0.002724,0.000334,0.187565
38400,0.7779,0.306348,0.002724,0.000334,0.190853
38500,0.7779,0.306348,0.002724,0.000334,0.188035
38600,0.7779,0.306348,0.002724,0.000334,0.186391
38700,0.7779,0.306348,0.002724,0.000334,0.188270
38800,0.7779,0.306348,0.002724,0.000334,0.190383
38900,0.7779,0.306348,0.002724,0.000334,0.188739
39000,0.7779,0.306348,0.002724,0.000334,0.189209
39100,0.7779,0.306348,0.002724,0.000334,0.191087
39200,0.7779,0.306348,0.002724,0.000334,0.189913
39300,0.7779,0.306348,0.002724,0.000334,0.189913
39400,0.7779,0.306348,0.002724,0.000334,0.189913
39500,0.7779,0.306348,0.002724,0.000334,0.186391
39600,0.7779,0.306348,0.002724,0.000334,0.186391
39700,0.7779,0.306348,0.002724,0.000334,0.191087
39800,0.7779,0.306348,0.002724,0.000334,0.187096
39900,0.7779,0.306348,0.002724,0.000334,0.187096
40000,0.7779,0.306348,0.002724,0.000334,0.186626
40100,0.7779,0.306348,0.002724,0.000334,0.187096
40200,0.7779,0.306348,0.002724,0.000334,0.188270
40300,0.7779,0.306348,0.002724,0.000334,0.187331
40400,0.7779,0.306348,0.002724,0.000334,0.192027
40500,0.7779,0.306348,0.002724,0.000334,0.192261
40600,0.7779,0.306348,0.002724,0.000334,0.186861
40700,0.7779,0.306348,0.002724,0.000334,0.187565
40800,0.7779,0.306348,0.002724,0.000334,0.189679
40900,0.7779,0.306348,0.002724,0.000334,0.191087
41000,0.7779,0.306348,0.002724,0.000334,0.188270
41100,0.7779,0.306348,0.002724,0.000334,0.189913
41200,0.7779,0.306348,0.002724,0.000334,0.188974
41300,0.7779,0.306348,0.002724,0.000334,0.187331
41400,0.7779,0.306348,0.002724,0.000334,0.188270
41500,0.7779,0.306348,0.002724,0.000334,0.187565
41600,0.7779,0.306348,0.002724,0.000334,0.187331
41700,0.7779,0.306348,0.002724,0.000334,0.186861
41800,0.7779,0.306348,0.002724,0.000334,0.185687
41900,0.7779,0.306348,0.002724,0.000334,0.186861
42000,0.7779,0.306348,0.002724,0.000334,0.190148
42100,0.7779,0.306348,0.002724,0.000334,0.190618
42200,0.7779,0.306348,0.002724,0.000334,0.189209
42300,0.7779,0.306348,0.002724,0.000334,0.187565
42400,0.7779,0.306348,0.002724,0.000334,0.190618
42500,0.7779,0.306348,0.002724,0.000334,0.188739
42600,0.7779,0.306348,0.002724,0.000334,0.191557
42700,0.7779,0.306348,0.002724,0.000334,0.190148
42800,0.7779,0.306348,0.002724,0.000334,0.187565
42900,0.7779,0.306348,0.002724,0.000334,0.188974
43000,0.7779,0.306348,0.002724,0.000334,0.187331
43100,0.7779,0.306348,0.002724,0.000334,0.187565
43200,0.7779,0.306348,0.002724,0.000334,0.187096
43300,0.7779,0.306348,0.002724,0.000334,0.188974
43400,0.7779,0.306348,0.002724,0.000334,0.189209
43500,0.7779,0.306348,0.002724,0.000334,0.187800
43600,0.7779,0.306348,0.002724,0.000334,0.188035
43700,0.7779,0.306348,0.002724,0.000334,0.189913
43800,0.7779,0.306348,0.002724,0.000334,0.193905
43900,0.7779,0.306348,0.002724,0.000334,0.191087
44000,0.7779,0.306348,0.002724,0.000334,0.186861
44100,0.7779,0.306348,0.002724,0.000334,0.186626
44200,0.7779,0.306348,0.002724,0.000334,0.187800
44300,0.7779,0.306348,0.002724,0.000334,0.189209
44400,0.7779,0.306348,0.002724,0.000334,0.188739
44500,0.7779,0.306348,0.002724,0.000334,0.190148
44600,0.7779,0.306348,0.002724,0.000334,0.190148
44700,0.7779,0.306348,0.002724,0.000334,0.186861
44800,0.7779,0.306348,0.002724,0.000334,0.187800
44900,0.7779,0.306348,0.002724,0.000334,0.186626
45000,0.7779,0.306348,0.002724,0.000334,0.190853
45100,0.7779,0.306348,0.002724,0.000334,0.188270
45200,0.7779,0.306348,0.002724,0.000334,0.189679
45300,0.7779,0.306348,0.002724,0.000334,0.188739
45400,0.7779,0.306348,0.002724,0.000334,0.188974
45500,0.7779,0.306348,0.002724,0.000334,0.189679
45600,0.7779,0.306348,0.002724,0.000334,0.189444
45700,0.7779,0.306348,0.002724,0.000334,0.190148
45800,0.7779,0.306348,0.002724,0.000334,0.186626
45900,0.7779,0.306348,0.002724,0.000334,0.188974
46000,0.7779,0.306348,0.002724,0.000334,0.192496
46100,0.7779,0.306348,0.002724,0.000334,0.190618
46200,0.7779,0.306348,0.002724,0.000334,0.188505
46300,0.7779,0.306348,0.002724,0.000334,0.188270
46400,0.7779,0.306348,0.002724,0.000334,0.188270
46500,0.7779,0.306348,0.002724,0.000334,0.189209
46600,0.7779,0.306348,0.002724,0.000334,0.188505
46700,0.7779,0.306348,0.002724,0.000334,0.188270
46800,0.7779,0.306348,0.002724,0.000334,0.188974
46900,0.7779,0.306348,0.002724,0.000334,0.190618
47000,0.7779,0.306348,0.002724,0.000334,0.188505
47100,0.7779,0.306348,0.002724,0.000334,0.188270
47200,0.7779,0.306348,0.002724,0.000334,0.189444
47300,0.7779,0.306348,0.002724,0.000334,0.187800
47400,0.7779,0.306348,0.002724,0.000334,0.187096
47500,0.7779,0.306348,0.002724,0.000334,0.190853
47600,0.7779,0.306348,0.002724,0.000334,0.187800
47700,0.7779,0.306348,0.002724,0.000334,0.191557
47800,0.7779,0.306348,0.002724,0.000334,0.189679
47900,0.7779,0.306348,0.002724,0.000334,0.185922
48000,0.7779,0.306348,0.002724,0.000334,0.188035
48100,0.7779,0.306348,0.002724,0.000334,0.190618
48200,0.7779,0.306348,0.002724,0.000334,0.187096
48300,0.7779,0.306348,0.002724,0.000334,0.189444
48400,0.7779,0.306348,0.002724,0.000334,0.189444
48500,0.7779,0.306348,0.002724,0.000334,0.187800
48600,0.7779,0.306348,0.002724,0.000334,0.189913
48700,0.7779,0.306348,0.002724,0.000334,0.188505
48800,0.7779,0.306348,0.002724,0.000334,0.188270
48900,0.7779,0.306348,0.002724,0.000334,0.187331
49000,0.7779,0.306348,0.002724,0.000334,0.187800
49100,0.7779,0.306348,0.002724,0.000334,0.186626
49200,0.7779,0.306348,0.002724,0.000334,0.187565
49300,0.7779,0.306348,0.002724,0.000334,0.190148
49400,0.7779,0.306348,0.002724,0.000334,0.187096
49500,0.7779,0.306348,0.002724,0.000334,0.189913
49600,0.7779,0.306348,0.002724,0.000334,0.188505
49700,0.7779,0.306348,0.002724,0.000334,0.189444
49800,0.7779,0.306348,0.002724,0.000334,0.188505
49900,0.7779,0.306348,0.002724,0.000334,0.187800
50000,0.7779,0.306348,0.002724,0.000334,0.188974
50100,0.7779,0.306348,0.002724,0.000334,0.188505
50200,0.7779,0.306348,0.002724,0.000334,0.186391
50300,0.7779,0.306348,0.002724,0.000334,0.189444
50400,0.7779,0.306348,0.002724,0.000334,0.191557
50500,0.7779,0.306348,0.002724,0.000334,0.187096
50600,0.7779,0.306348,0.002724,0.000334,0.188739
50700,0.7779,0.306348,0.002724,0.000334,0.188974
50800,0.7779,0.306348,0.002724,0.000334,0.186626
50900,0.7779,0.306348,0.002724,0.000334,0.188739
51000,0.7779,0.306348,0.002724,0.000334,0.187565
51100,0.7779,0.306348,0.002724,0.000334,0.187800
51200,0.7779,0.306348,0.002724,0.000334,0.186861
51300,0.7779,0.306348,0.002724,0.000334,0.188739
51400,0.7779,0.306348,0.002724,0.000334,0.186626
51500,0.7779,0.306348,0.002724,0.000334,0.190618
51600,0.7779,0.306348,0.002724,0.000334,0.189209
51700,0.7779,0.306348,0.002724,0.000334,0.192261
51800,0.7779,0.306348,0.002724,0.000334,0.186626
51900,0.7779,0.306348,0.002724,0.000334,0.187565
52000,0.7779,0.306348,0.002724,0.000334,0.187800
52100,0.7779,0.306348,0.002724,0.000334,0.186861
52200,0.7779,0.306348,0.002724,0.000334,0.187096
52300,0.7779,0.306348,0.002724,0.000334,0.186626
52400,0.7779,0.306348,0.002724,0.000334,0.190383
52500,0.7779,0.306348,0.002724,0.000334,0.188505
52600,0.7779,0.306348,0.002724,0.000334,0.188270
52700,0.7779,0.306348,0.002724,0.000334,0.188270
52800,0.7779,0.306348,0.002724,0.000334,0.186391
52900,0.7779,0.306348,0.002724,0.000334,0.189209
53000,0.7779,0.306348,0.002724,0.000334,0.190383
53100,0.7779,0.306348,0.002724,0.000334,0.187565
53200,0.7779,0.306348,0.002724,0.000334,0.188270
53300,0.7779,0.306348,0.002724,0.000334,0.191792
53400,0.7779,0.306348,0.002724,0.000334,0.190383
53500,0.7779,0.306348,0.002724,0.000334,0.187331
53600,0.7779,0.306348,0.002724,0.000334,0.187096
53700,0.7779,0.306348,0.002724,0.000334,0.190383
53800,0.7779,0.306348,0.002724,0.000334,0.188739
53900,0.7779,0.306348,0.002724,0.000334,0.189913
54000,0.7779,0.306348,0.002724,0.000334,0.186626
54100,0.7779,0.306348,0.002724,0.000334,0.190853
54200,0.7779,0.306348,0.002724,0.000334,0.187565
54300,0.7779,0.306348,0.002724,0.000334,0.187800
54400,0.7779,0.306348,0.002724,0.000334,0.188974
54500,0.7779,0.306348,0.002724,0.000334,0.188270
54600,0.7779,0.306348,0.002724,0.000334,0.188739
54700,0.7779,0.306348,0.002724,0.000334,0.188739
54800,0.7779,0.306348,0.002724,0.000334,0.188505
54900,0.7779,0.306348,0.002724,0.000334,0.187096
55000,0.7779,0.306348,0.002724,0.000334,0.187331
55100,0.7779,0.306348,0.002724,0.000334,0.189444
55200,0.7779,0.306348,0.002724,0.000334,0.186861
55300,0.7779,0.306348,0.002724,0.000334,0.189679
55400,0.7779,0.306348,0.002724,0.000334,0.189679
55500,0.7779,0.306348,0.002724,0.000334,0.189679
55600,0.7779,0.306348,0.002724,0.000334,0.190383
55700,0.7779,0.306348,0.002724,0.000334,0.188035
55800,0.7779,0.306348,0.002724,0.000334,0.188505
55900,0.7779,0.306348,0.002724,0.000334,0.189679
56000,0.7779,0.306348,0.002724,0.000334,0.187096
56100,0.7779,0.306348,0.002724,0.000334,0.189209
56200,0.7779,0.306348,0.002724,0.000334,0.187096
56300,0.7779,0.306348,0.002724,0.000334,0.189444
56400,0.7779,0.306348,0.002724,0.000334,0.189679
56500,0.7779,0.306348,0.002724,0.000334,0.187331
56600,0.7779,0.306348,0.002724,0.000334,0.192966
56700,0.7779,0.306348,0.002724,0.000334,0.187096
56800,0.7779,0.306348,0.002724,0.000334,0.191087
56900,0.7779,0.306348,0.002724,0.000334,0.189679
57000,0.7779,0.306348,0.002724,0.000334,0.189209
57100,0.7779,0.306348,0.002724,0.000334,0.187565
57200,0.7779,0.306348,0.002724,0.000334,0.188270
57300,0.7779,0.306348,0.002724,0.000334,0.187331
57400,0.7779,0.306348,0.002724,0.000334,0.187800
57500,0.7779,0.306348,0.002724,0.000334,0.188270
57600,0.7779,0.306348,0.002724,0.000334,0.189209
57700,0.7779,0.306348,0.002724,0.000334,0.187565
57800,0.7779,0.306348,0.002724,0.000334,0.188974
57900,0.7779,0.306348,0.002724,0.000334,0.192027
58000,0.7779,0.306348,0.002724,0.000334,0.189679
58100,0.7779,0.306348,0.002724,0.000334,0.188739
58200,0.7779,0.306348,0.002724,0.000334,0.189444
58300,0.7779,0.306348,0.002724,0.000334,0.193165
58400,0.7779,0.306348,0.002724,0.000334,0.189209
58500,0.7779,0.306348,0.002724,0.000334,0.186626
58600,0.7779,0.306348,0.002724,0.000334,0.188505
58700,0.7779,0.306348,0.002724,0.000334,0.187096
58800,0.7779,0.306348,0.002724,0.000334,0.190618
58900,0.7779,0.306348,0.002724,0.000334,0.185687
59000,0.7779,0.306348,0.002724,0.000334,0.187096
59100,0.7779,0.306348,0.002724,0.000334,0.186861
59200,0.7779,0.306348,0.002724,0.000334,0.190618
59300,0.7779,0.306348,0.002724,0.000334,0.186157
59400,0.7779,0.306348,0.002724,0.000334,0.187331
59500,0.7779,0.306348,0.002724,0.000334,0.190618
59600,0.7779,0.306348,0.002724,0.000334,0.188505
59700,0.7779,0.306348,0.002724,0.000334,0.187565
59800,0.7779,0.306348,0.002724,0.000334,0.186157
59900,0.7779,0.306348,0.002724,0.000334,0.186391
60000,0.7779,0.306348,0.002724,0.000334,0.188270
60100,0.7779,0.306348,0.002724,0.000334,0.187800
60200,0.7779,0.306348,0.002724,0.000334,0.187800
60300,0.7779,0.306348,0.002724,0.000334,0.187331
60400,0.7779,0.306348,0.002724,0.000334,0.188739
60500,0.7779,0.306348,0.002724,0.000334,0.188974
60600,0.7779,0.306348,0.002724,0.000334,0.187800
60700,0.7779,0.306348,0.002724,0.000334,0.191792
60800,0.7779,0.306348,0.002724,0.000334,0.191322
60900,0.7779,0.306348,0.002724,0.000334,0.188974
61000,0.7779,0.306348,0.002724,0.000334,0.188974
61100,0.7779,0.306348,0.002724,0.000334,0.186157
61200,0.7779,0.306348,0.002724,0.000334,0.186626
61300,0.7779,0.306348,0.002724,0.000334,0.189913
61400,0.7779,0.306348,0.002724,0.000334,0.188505
61500,0.7779,0.306348,0.002724,0.000334,0.184983
61600,0.7779,0.306348,0.002724,0.000334,0.189444
61700,0.7779,0.306348,0.002724,0.000334,0.189679
61800,0.7779,0.306348,0.002724,0.000334,0.187800
61900,0.7779,0.306348,0.002724,0.000334,0.188035
62000,0.7779,0.306348,0.002724,0.000334,0.186626
62100,0.7779,0.306348,0.002724,0.000334,0.187096
62200,0.7779,0.306348,0.002724,0.000334,0.188739
62300,0.7779,0.306348,0.002724,0.000334,0.191087
62400,0.7779,0.306348,0.002724,0.000334,0.190618
62500,0.7779,0.306348,0.002724,0.000334,0.187096
62600,0.7779,0.306348,0.002724,0.000334,0.187800
62700,0.7779,0.306348,0.002724,0.000334,0.187096
62800,0.7779,0.306348,0.002724,0.000334,0.188739
62900,0.7779,0.306348,0.002724,0.000334,0.188974
63000,0.7779,0.306348,0.002724,0.000334,0.187096
63100,0.7779,0.306348,0.002724,0.000334,0.191322
63200,0.7779,0.306348,0.002724,0.000334,0.186391
63300,0.7779,0.306348,0.002724,0.000334,0.185687
63400,0.7779,0.306348,0.002724,0.000334,0.187331
63500,0.7779,0.306348,0.002724,0.000334,0.188739
63600,0.7779,0.306348,0.002724,0.000334,0.190618
63700,0.7779,0.306348,0.002724,0.000334,0.187800
63800,0.7779,0.306348,0.002724,0.000334,0.188035
63900,0.7779,0.306348,0.002724,0.000334,0.190383
64000,0.7779,0.306348,0.002724,0.000334,0.186391
64100,0.7779,0.306348,0.002724,0.000334,0.188270
64200,0.7779,0.306348,0.002724,0.000334,0.187800
64300,0.7779,0.306348,0.002724,0.000334,0.189913
64400,0.7779,0.306348,0.002724,0.000334,0.188505
64500,0.7779,0.306348,0.002724,0.000334,0.187800
64600,0.7779,0.306348,0.002724,0.000334,0.188035
64700,0.7779,0.306348,0.002724,0.000334,0.185922
64800,0.7779,0.306348,0.002724,0.000334,0.188035
64900,0.7779,0.306348,0.002724,0.000334,0.189209
65000,0.7779,0.306348,0.002724,0.000334,0.189444
65100,0.7779,0.306348,0.002724,0.000334,0.186626
65200,0.7779,0.306348,0.002724,0.000334,0.193435
65300,0.7779,0.306348,0.002724,0.000334,0.189444
65400,0.7779,0.306348,0.002724,0.000334,0.187565
65500,0.7779,0.306348,0.002724,0.000334,0.189209
65600,0.7779,0.306348,0.002724,0.000334,0.188505
65700,0.7779,0.306348,0.002724,0.000334,0.188974
65800,0.7779,0.306348,0.002724,0.000334,0.189209
65900,0.7779,0.306348,0.002724,0.000334,0.186626
66000,0.7779,0.306348,0.002724,0.000334,0.187331
66100,0.7779,0.306348,0.002724,0.000334,0.190148
66200,0.7779,0.306348,0.002724,0.000334,0.187331
66300,0.7779,0.306348,0.002724,0.000334,0.191792
66400,0.7779,0.306348,0.002724,0.000334,0.188974
66500,0.7779,0.306348,0.002724,0.000334,0.190148
66600,0.7779,0.306348,0.002724,0.000334,0.191792
66700,0.7779,0.306348,0.002724,0.000334,0.186157
66800,0.7779,0.306348,0.002724,0.000334,0.188739
66900,0.7779,0.306348,0.002724,0.000334,0.186861
67000,0.7779,0.306348,0.002724,0.000334,0.188035
67100,0.7779,0.306348,0.002724,0.000334,0.187800
67200,0.7779,0.306348,0.002724,0.000334,0.188270
67300,0.7779,0.306348,0.002724,0.000334,0.189444
67400,0.7779,0.306348,0.002724,0.000334,0.188270
67500,0.7779,0.306348,0.002724,0.000334,0.189444
67600,0.7779,0.306348,0.002724,0.000334,0.189209
67700,0.7779,0.306348,0.002724,0.000334,0.187565
67800,0.7779,0.306348,0.002724,0.000334,0.190148
67900,0.7779,0.306348,0.002724,0.000334,0.188270
68000,0.7779,0.306348,0.002724,0.000334,0.188505
68100,0.7779,0.306348,0.002724,0.000334,0.187565
68200,0.7779,0.306348,0.002724,0.000334,0.188505
68300,0.7779,0.306348,0.002724,0.000334,0.187096
68400,0.7779,0.306348,0.002724,0.000334,0.185922
68500,0.7779,0.306348,0.002724,0.000334,0.189679
68600,0.7779,0.306348,0.002724,0.000334,0.188505
68700,0.7779,0.306348,0.002724,0.000334,0.188035
68800,0.7779,0.306348,0.002724,0.000334,0.186861
68900,0.7779,0.306348,0.002724,0.000334,0.189209
69000,0.7779,0.306348,0.002724,0.000334,0.189209
69100,0.7779,0.306348,0.002724,0.000334,0.185922
69200,0.7779,0.306348,0.002724,0.000334,0.187331
69300,0.7779,0.306348,0.002724,0.000334,0.190148
69400,0.7779,0.306348,0.002724,0.000334,0.188974
69500,0.7779,0.306348,0.002724,0.000334,0.189444
69600,0.7779,0.306348,0.002724,0.000334,0.188974
69700,0.7779,0.306348,0.002724,0.000334,0.188739
69800,0.7779,0.306348,0.002724,0.000334,0.186157
69900,0.7779,0.306348,0.002724,0.000334,0.188035
70000,0.7779,0.306348,0.002724,0.000334,0.189679
70100,0.7779,0.306348,0.002724,0.000334,0.188270
70200,0.7779,0.306348,0.002724,0.000334,0.188974
70300,0.7779,0.306348,0.002724,0.000334,0.188505
70400,0.7779,0.306348,0.002724,0.000334,0.187096
70500,0.7779,0.306348,0.002724,0.000334,0.186626
70600,0.7779,0.306348,0.002724,0.000334,0.187565
70700,0.7779,0.306348,0.002724,0.000334,0.189679
70800,0.7779,0.306348,0.002724,0.000334,0.187565
70900,0.7779,0.306348,0.002724,0.000334,0.186861
71000,0.7779,0.306348,0.002724,0.000334,0.188035
71100,0.7779,0.306348,0.002724,0.000334,0.188974
71200,0.7779,0.306348,0.002724,0.000334,0.189679
71300,0.7779,0.306348,0.002724,0.000334,0.187800
71400,0.7779,0.306348,0.002724,0.000334,0.189209
71500,0.7779,0.306348,0.002724,0.000334,0.185452
71600,0.7779,0.306348,0.002724,0.000334,0.186157
71700,0.7779,0.306348,0.002724,0.000334,0.185687
71800,0.7779,0.306348,0.002724,0.000334,0.188974
71900,0.7779,0.306348,0.002724,0.000334,0.188035
72000,0.7779,0.306348,0.002724,0.000334,0.187096
72100,0.7779,0.306348,0.002724,0.000334,0.187331
72200,0.7779,0.306348,0.002724,0.000334,0.188035
72300,0.7779,0.306348,0.002724,0.000334,0.188505
72400,0.7779,0.306348,0.002724,0.000334,0.188505
72500,0.7779,0.306348,0.002724,0.000334,0.187331
72600,0.7779,0.306348,0.002724,0.000334,0.188270
72700,0.7779,0.306348,0.002724,0.000334,0.190817
72800,0.7779,0.306348,0.002724,0.000334,0.191087
72900,0.7779,0.306348,0.002724,0.000334,0.187565
73000,0.7779,0.306348,0.002724,0.000334,0.187096
73100,0.7779,0.306348,0.002724,0.000334,0.186626
73200,0.7779,0.306348,0.002724,0.000334,0.186157
73300,0.7779,0.306348,0.002724,0.000334,0.186626
73400,0.7779,0.306348,0.002724,0.000334,0.187096
73500,0.7779,0.306348,0.002724,0.000334,0.190383
73600,0.7779,0.306348,0.002724,0.000334,0.190148
73700,0.7779,0.306348,0.002724,0.000334,0.187565
73800,0.7779,0.306348,0.002724,0.000334,0.188270
73900,0.7779,0.306348,0.002724,0.000334,0.187565
74000,0.7779,0.306348,0.002724,0.000334,0.188974
74100,0.7779,0.306348,0.002724,0.000334,0.188739
74200,0.7779,0.306348,0.002724,0.000334,0.188739
74300,0.7779,0.306348,0.002724,0.000334,0.188035
74400,0.7779,0.306348,0.002724,0.000334,0.188974
74500,0.7779,0.306348,0.002724,0.000334,0.187331
74600,0.7779,0.306348,0.002724,0.000334,0.189679
74700,0.7779,0.306348,0.002724,0.000334,0.188270
74800,0.7779,0.306348,0.002724,0.000334,0.185452
74900,0.7779,0.306348,0.002724,0.000334,0.186861
75000,0.7779,0.306348,0.002724,0.000334,0.186626
75100,0.7779,0.306348,0.002724,0.000334,0.186861
75200,0.7779,0.306348,0.002724,0.000334,0.189444
75300,0.7779,0.306348,0.002724,0.000334,0.190618
75400,0.7779,0.306348,0.002724,0.000334,0.189444
75500,0.7779,0.306348,0.002724,0.000334,0.187096
75600,0.7779,0.306348,0.002724,0.000334,0.189679
75700,0.7779,0.306348,0.002724,0.000334,0.188035
75800,0.7779,0.306348,0.002724,0.000334,0.190618
75900,0.7779,0.306348,0.002724,0.000334,0.188974
76000,0.7779,0.306348,0.002724,0.000334,0.189444
76100,0.7779,0.306348,0.002724,0.000334,0.187800
76200,0.7779,0.306348,0.002724,0.000334,0.186626
76300,0.7779,0.306348,0.002724,0.000334,0.187096
76400,0.7779,0.306348,0.002724,0.000334,0.190148
76500,0.7779,0.306348,0.002724,0.000334,0.188505
76600,0.7779,0.306348,0.002724,0.000334,0.189679
76700,0.7779,0.306348,0.002724,0.000334,0.186391
76800,0.7779,0.306348,0.002724,0.000334,0.188270
76900,0.7779,0.306348,0.002724,0.000334,0.189209
77000,0.7779,0.306348,0.002724,0.000334,0.189444
77100,0.7779,0.306348,0.002724,0.000334,0.189679
77200,0.7779,0.306348,0.002724,0.000334,0.186391
77300,0.7779,0.306348,0.002724,0.000334,0.187331
77400,0.7779,0.306348,0.002724,0.000334,0.190148
77500,0.7779,0.306348,0.002724,0.000334,0.188739
77600,0.7779,0.306348,0.002724,0.000334,0.187096
77700,0.7779,0.306348,0.002724,0.000334,0.188035
77800,0.7779,0.306348,0.002724,0.000334,0.187096
77900,0.7779,0.306348,0.002724,0.000334,0.188974
78000,0.7779,0.306348,0.002724,0.000334,0.188974
78100,0.7779,0.306348,0.002724,0.000334,0.186861
78200,0.7779,0.306348,0.002724,0.000334,0.188035
78300,0.7779,0.306348,0.002724,0.000334,0.189209
78400,0.7779,0.306348,0.002724,0.000334,0.186861
78500,0.7779,0.306348,0.002724,0.000334,0.190618
78600,0.7779,0.306348,0.002724,0.000334,0.188035
78700,0.7779,0.306348,0.002724,0.000334,0.185452
78800,0.7779,0.306348,0.002724,0.000334,0.186391
78900,0.7779,0.306348,0.002724,0.000334,0.190148
79000,0.7779,0.306348,0.002724,0.000334,0.188270
79100,0.7779,0.306348,0.002724,0.000334,0.188974
79200,0.7779,0.306348,0.002724,0.000334,0.187565
79300,0.7779,0.306348,0.002724,0.000334,0.186861
79400,0.7779,0.306348,0.002724,0.000334,0.186626
79500,0.7779,0.306348,0.002724,0.000334,0.188739
79600,0.7779,0.306348,0.002724,0.000334,0.189444
79700,0.7779,0.306348,0.002724,0.000334,0.187331
79800,0.7779,0.306348,0.002724,0.000334,0.187331
79900,0.7779,0.306348,0.002724,0.000334,0.186157
80000,0.7779,0.306348,0.002724,0.000334,0.190383
80100,0.7779,0.306348,0.002724,0.000334,0.189209
80200,0.7779,0.306348,0.002724,0.000334,0.187565
80300,0.7779,0.306348,0.002724,0.000334,0.189209
80400,0.7779,0.306348,0.002724,0.000334,0.187331
80500,0.7779,0.306348,0.002724,0.000334,0.186391
80600,0.7779,0.306348,0.002724,0.000334,0.190148
80700,0.7779,0.306348,0.002724,0.000334,0.188739
80800,0.7779,0.306348,0.002724,0.000334,0.188270
80900,0.7779,0.306348,0.002724,0.000334,0.186157
81000,0.7779,0.306348,0.002724,0.000334,0.186861
81100,0.7779,0.306348,0.002724,0.000334,0.186861
81200,0.7779,0.306348,0.002724,0.000334,0.188974
81300,0.7779,0.306348,0.002724,0.000334,0.188739
81400,0.7779,0.306348,0.002724,0.000334,0.189444
81500,0.7779,0.306348,0.002724,0.000334,0.188974
81600,0.7779,0.306348,0.002724,0.000334,0.188270
81700,0.7779,0.306348,0.002724,0.000334,0.188739
81800,0.7779,0.306348,0.002724,0.000334,0.188035
81900,0.7779,0.306348,0.002724,0.000334,0.188270
82000,0.7779,0.306348,0.002724,0.000334,0.189209
82100,0.7779,0.306348,0.002724,0.000334,0.187096
82200,0.7779,0.306348,0.002724,0.000334,0.192027
82300,0.7779,0.306348,0.002724,0.000334,0.187565
82400,0.7779,0.306348,0.002724,0.000334,0.187800
82500,0.7779,0.306348,0.002724,0.000334,0.188035
82600,0.7779,0.306348,0.002724,0.000334,0.186157
82700,0.7779,0.306348,0.002724,0.000334,0.185687
82800,0.7779,0.306348,0.002724,0.000334,0.187565
82900,0.7779,0.306348,0.002724,0.000334,0.189679
83000,0.7779,0.306348,0.002724,0.000334,0.188974
83100,0.7779,0.306348,0.002724,0.000334,0.190618
83200,0.7779,0.306348,0.002724,0.000334,0.187565
83300,0.7779,0.306348,0.002724,0.000334,0.186626
83400,0.7779,0.306348,0.002724,0.000334,0.189444
83500,0.7779,0.306348,0.002724,0.000334,0.188739
83600,0.7779,0.306348,0.002724,0.000334,0.190347
83700,0.7779,0.306348,0.002724,0.000334,0.187331
83800,0.7779,0.306348,0.002724,0.000334,0.187331
83900,0.7779,0.306348,0.002724,0.000334,0.188270
84000,0.7779,0.306348,0.002724,0.000334,0.187565
84100,0.7779,0.306348,0.002724,0.000334,0.187565
84200,0.7779,0.306348,0.002724,0.000334,0.187096
84300,0.7779,0.306348,0.002724,0.000334,0.186391
84400,0.7779,0.306348,0.002724,0.000334,0.188739
84500,0.7779,0.306348,0.002724,0.000334,0.187800
84600,0.7779,0.306348,0.002724,0.000334,0.187096
84700,0.7779,0.306348,0.002724,0.000334,0.187565
84800,0.7779,0.306348,0.002724,0.000334,0.186391
84900,0.7779,0.306348,0.002724,0.000334,0.186391
85000,0.7779,0.306348,0.002724,0.000334,0.187331
85100,0.7779,0.306348,0.002724,0.000334,0.192261
85200,0.7779,0.306348,0.002724,0.000334,0.186861
85300,0.7779,0.306348,0.002724,0.000334,0.187565
85400,0.7779,0.306348,0.002724,0.000334,0.187096
85500,0.7779,0.306348,0.002724,0.000334,0.189679
85600,0.7779,0.306348,0.002724,0.000334,0.186861
85700,0.7779,0.306348,0.002724,0.000334,0.188505
85800,0.7779,0.306348,0.002724,0.000334,0.185687
85900,0.7779,0.306348,0.002724,0.000334,0.188035
86000,0.7779,0.306348,0.002724,0.000334,0.190148
86100,0.7779,0.306348,0.002724,0.000334,0.188270
86200,0.7779,0.306348,0.002724,0.000334,0.187331
86300,0.7779,0.306348,0.002724,0.000334,0.189679
86400,0.7779,0.306348,0.002724,0.000334,0.188035
86500,0.7779,0.306348,0.002724,0.000334,0.186626
86600,0.7779,0.306348,0.002724,0.000334,0.191087
86700,0.7779,0.306348,0.002724,0.000334,0.188739
86800,0.7779,0.306348,0.002724,0.000334,0.187565
86900,0.7779,0.306348,0.002724,0.000334,0.185922
87000,0.7779,0.306348,0.002724,0.000334,0.188974
87100,0.7779,0.306348,0.002724,0.000334,0.187565
87200,0.7779,0.306348,0.002724,0.000334,0.187331
87300,0.7779,0.306348,0.002724,0.000334,0.185922
87400,0.7779,0.306348,0.002724,0.000334,0.188974
87500,0.7779,0.306348,0.002724,0.000334,0.190618
87600,0.7779,0.306348,0.002724,0.000334,0.188505
87700,0.7779,0.306348,0.002724,0.000334,0.187800
87800,0.7779,0.306348,0.002724,0.000334,0.187331
87900,0.7779,0.306348,0.002724,0.000334,0.188505
88000,0.7779,0.306348,0.002724,0.000334,0.187331
88100,0.7779,0.306348,0.002724,0.000334,0.187096
88200,0.7779,0.306348,0.002724,0.000334,0.186861
88300,0.7779,0.306348,0.002724,0.000334,0.188739
88400,0.7779,0.306348,0.002724,0.000334,0.185218
88500,0.7779,0.306348,0.002724,0.000334,0.190148
88600,0.7779,0.306348,0.002724,0.000334,0.186391
88700,0.7779,0.306348,0.002724,0.000334,0.189209
88800,0.7779,0.306348,0.002724,0.000334,0.188270
88900,0.7779,0.306348,0.002724,0.000334,0.186391
89000,0.7779,0.306348,0.002724,0.000334,0.187800
89100,0.7779,0.306348,0.002724,0.000334,0.189913
89200,0.7779,0.306348,0.002724,0.000334,0.188035
89300,0.7779,0.306348,0.002724,0.000334,0.188035
89400,0.7779,0.306348,0.002724,0.000334,0.188270
89500,0.7779,0.306348,0.002724,0.000334,0.189913
89600,0.7779,0.306348,0.002724,0.000334,0.187096
89700,0.7779,0.306348,0.002724,0.000334,0.187800
89800,0.7779,0.306348,0.002724,0.000334,0.186157
89900,0.7779,0.306348,0.002724,0.000334,0.188505
90000,0.7779,0.306348,0.002724,0.000334,0.188270
90100,0.7779,0.306348,0.002724,0.000334,0.186626
90200,0.7779,0.306348,0.002724,0.000334,0.188739
90300,0.7779,0.306348,0.002724,0.000334,0.187331
90400,0.7779,0.306348,0.002724,0.000334,0.186391
90500,0.7779,0.306348,0.002724,0.000334,0.188505
90600,0.7779,0.306348,0.002724,0.000334,0.187096
90700,0.7779,0.306348,0.002724,0.000334,0.187565
90800,0.7779,0.306348,0.002724,0.000334,0.190148
90900,0.7779,0.306348,0.002724,0.000334,0.187096
91000,0.7779,0.306348,0.002724,0.000334,0.188270
91100,0.7779,0.306348,0.002724,0.000334,0.188035
91200,0.7779,0.306348,0.002724,0.000334,0.189173
91300,0.7779,0.306348,0.002724,0.000334,0.188739
91400,0.7779,0.306348,0.002724,0.000334,0.188270
91500,0.7779,0.306348,0.002724,0.000334,0.187331
91600,0.7779,0.306348,0.002724,0.000334,0.184748
91700,0.7779,0.306348,0.002724,0.000334,0.190383
91800,0.7779,0.306348,0.002724,0.000334,0.188974
91900,0.7779,0.306348,0.002724,0.000334,0.188739
92000,0.7779,0.306348,0.002724,0.000334,0.189209
92100,0.7779,0.306348,0.002724,0.000334,0.187565
92200,0.7779,0.306348,0.002724,0.000334,0.190383
92300,0.7779,0.306348,0.002724,0.000334,0.187331
92400,0.7779,0.306348,0.002724,0.000334,0.188270
92500,0.7779,0.306348,0.002724,0.000334,0.189679
92600,0.7779,0.306348,0.002724,0.000334,0.185922
92700,0.7779,0.306348,0.002724,0.000334,0.187331
92800,0.7779,0.306348,0.002724,0.000334,0.189444
92900,0.7779,0.306348,0.002724,0.000334,0.188974
93000,0.7779,0.306348,0.002724,0.000334,0.188739
93100,0.7779,0.306348,0.002724,0.000334,0.188270
93200,0.7779,0.306348,0.002724,0.000334,0.188035
93300,0.7779,0.306348,0.002724,0.000334,0.187096
93400,0.7779,0.306348,0.002724,0.000334,0.187331
93500,0.7779,0.306348,0.002724,0.000334,0.186861
93600,0.7779,0.306348,0.002724,0.000334,0.187800
93700,0.7779,0.306348,0.002724,0.000334,0.188270
93800,0.7779,0.306348,0.002724,0.000334,0.186861
93900,0.7779,0.306348,0.002724,0.000334,0.186861
94000,0.7779,0.306348,0.002724,0.000334,0.190618
94100,0.7779,0.306348,0.002724,0.000334,0.189444
94200,0.7779,0.306348,0.002724,0.000334,0.186626
94300,0.7779,0.306348,0.002724,0.000334,0.186391
94400,0.7779,0.306348,0.002724,0.000334,0.188739
94500,0.7779,0.306348,0.002724,0.000334,0.186391
94600,0.7779,0.306348,0.002724,0.000334,0.187565
94700,0.7779,0.306348,0.002724,0.000334,0.186861
94800,0.7779,0.306348,0.002724,0.000334,0.187096
94900,0.7779,0.306348,0.002724,0.000334,0.187096
95000,0.7779,0.306348,0.002724,0.000334,0.186861
95100,0.7779,0.306348,0.002724,0.000334,0.189679
95200,0.7779,0.306348,0.002724,0.000334,0.186626
95300,0.7779,0.306348,0.002724,0.000334,0.187096
95400,0.7779,0.306348,0.002724,0.000334,0.187331
95500,0.7779,0.306348,0.002724,0.000334,0.188739
95600,0.7779,0.306348,0.002724,0.000334,0.187096
95700,0.7779,0.306348,0.002724,0.000334,0.188035
95800,0.7779,0.306348,0.002724,0.000334,0.187800
95900,0.7779,0.306348,0.002724,0.000334,0.188270
96000,0.7779,0.306348,0.002724,0.000334,0.187565
96100,0.7779,0.306348,0.002724,0.000334,0.188505
96200,0.7779,0.306348,0.002724,0.000334,0.186626
96300,0.7779,0.306348,0.002724,0.000334,0.186391
96400,0.7779,0.306348,0.002724,0.000334,0.187565
96500,0.7779,0.306348,0.002724,0.000334,0.188035
96600,0.7779,0.306348,0.002724,0.000334,0.186391
96700,0.7779,0.306348,0.002724,0.000334,0.186391
96800,0.7779,0.306348,0.002724,0.000334,0.186626
96900,0.7779,0.306348,0.002724,0.000334,0.187096
97000,0.7779,0.306348,0.002724,0.000334,0.189913
97100,0.7779,0.306348,0.002724,0.000334,0.185922
97200,0.7779,0.306348,0.002724,0.000334,0.185922
97300,0.7779,0.306348,0.002724,0.000334,0.187800
97400,0.7779,0.306348,0.002724,0.000334,0.191792
97500,0.7779,0.306348,0.002724,0.000334,0.188505
97600,0.7779,0.306348,0.002724,0.000334,0.187096
97700,0.7779,0.306348,0.002724,0.000334,0.187096
97800,0.7779,0.306348,0.002724,0.000334,0.187331
97900,0.7779,0.306348,0.002724,0.000334,0.186861
98000,0.7779,0.306348,0.002724,0.000334,0.186626
98100,0.7779,0.306348,0.002724,0.000334,0.187800
98200,0.7779,0.306348,0.002724,0.000334,0.189209
98300,0.7779,0.306348,0.002724,0.000334,0.186157
98400,0.7779,0.306348,0.002724,0.000334,0.189679
98500,0.7779,0.306348,0.002724,0.000334,0.187096
98600,0.7779,0.306348,0.002724,0.000334,0.189913
98700,0.7779,0.306348,0.002724,0.000334,0.188505
98800,0.7779,0.306348,0.002724,0.000334,0.188270
98900,0.7779,0.306348,0.002724,0.000334,0.186626
99000,0.7779,0.306348,0.002724,0.000334,0.189913
99100,0.7779,0.306348,0.002724,0.000334,0.188505
99200,0.7779,0.306348,0.002724,0.000334,0.185452
99300,0.7779,0.306348,0.002724,0.000334,0.188505
99400,0.7779,0.306348,0.002724,0.000334,0.186626
99500,0.7779,0.306348,0.002724,0.000334,0.189444
99600,0.7779,0.306348,0.002724,0.000334,0.187096
99700,0.7779,0.306348,0.002724,0.000334,0.188739
99800,0.7779,0.306348,0.002724,0.000334,0.189444
99900,0.7779,0.306348,0.002724,0.000334,0.186861
100000,0.7779,0.306348,0.002724,0.000334,0.188035
100100,0.7779,0.306348,0.002724,0.000334,0.186391
100200,0.7779,0.306348,0.002724,0.000334,0.186391
100300,0.7779,0.306348,0.002724,0.000334,0.190148
100400,0.7779,0.306348,0.002724,0.000334,0.188035
100500,0.7779,0.306348,0.002724,0.000334,0.188035
100600,0.7779,0.306348,0.002724,0.000334,0.186861
100700,0.7779,0.306348,0.002724,0.000334,0.189679
100800,0.7779,0.306348,0.002724,0.000334,0.187331
100900,0.7779,0.306348,0.002724,0.000334,0.186157
101000,0.7779,0.306348,0.002724,0.000334,0.190148
101100,0.7779,0.306348,0.002724,0.000334,0.187096
101200,0.7779,0.306348,0.002724,0.000334,0.188035
101300,0.7779,0.306348,0.002724,0.000334,0.186391
101400,0.7779,0.306348,0.002724,0.000334,0.188739
101500,0.7779,0.306348,0.002724,0.000334,0.189679
101600,0.7779,0.306348,0.002724,0.000334,0.186861
101700,0.7779,0.306348,0.002724,0.000334,0.186391
101800,0.7779,0.306348,0.002724,0.000334,0.186626
101900,0.7779,0.306348,0.002724,0.000334,0.188270
102000,0.7779,0.306348,0.002724,0.000334,0.185687
102100,0.7779,0.306348,0.002724,0.000334,0.185218
102200,0.7779,0.306348,0.002724,0.000334,0.187331
102300,0.7779,0.306348,0.002724,0.000334,0.190383
102400,0.7779,0.306348,0.002724,0.000334,0.186861
102500,0.7779,0.306348,0.002724,0.000334,0.188974
102600,0.7779,0.306348,0.002724,0.000334,0.186626
102700,0.7779,0.306348,0.002724,0.000334,0.190383
102800,0.7779,0.306348,0.002724,0.000334,0.186391
102900,0.7779,0.306348,0.002724,0.000334,0.187331
103000,0.7779,0.306348,0.002724,0.000334,0.186626
103100,0.7779,0.306348,0.002724,0.000334,0.188035
103200,0.7779,0.306348,0.002724,0.000334,0.188505
103300,0.7779,0.306348,0.002724,0.000334,0.189209
103400,0.7779,0.306348,0.002724,0.000334,0.187800
103500,0.7779,0.306348,0.002724,0.000334,0.187800
103600,0.7779,0.306348,0.002724,0.000334,0.187331
103700,0.7779,0.306348,0.002724,0.000334,0.185452
103800,0.7779,0.306348,0.002724,0.000334,0.188035
103900,0.7779,0.306348,0.002724,0.000334,0.187096
104000,0.7779,0.306348,0.002724,0.000334,0.190148
104100,0.7779,0.306348,0.002724,0.000334,0.186861
104200,0.7779,0.306348,0.002724,0.000334,0.187331
104300,0.7779,0.306348,0.002724,0.000334,0.186861
104400,0.7779,0.306348,0.002724,0.000334,0.188035
104500,0.7779,0.306348,0.002724,0.000334,0.188505
104600,0.7779,0.306348,0.002724,0.000334,0.187331
104700,0.7779,0.306348,0.002724,0.000334,0.187096
104800,0.7779,0.306348,0.002724,0.000334,0.187096
104900,0.7779,0.306348,0.002724,0.000334,0.187331
105000,0.7779,0.306348,0.002724,0.000334,0.187565
105100,0.7779,0.306348,0.002724,0.000334,0.186391
105200,0.7779,0.306348,0.002724,0.000334,0.187096
105300,0.7779,0.306348,0.002724,0.000334,0.188035
105400,0.7779,0.306348,0.002724,0.000334,0.186626
105500,0.7779,0.306348,0.002724,0.000334,0.187800
105600,0.7779,0.306348,0.002724,0.000334,0.187096
105700,0.7779,0.306348,0.002724,0.000334,0.186391
105800,0.7779,0.306348,0.002724,0.000334,0.186157
105900,0.7779,0.306348,0.002724,0.000334,0.187096
106000,0.7779,0.306348,0.002724,0.000334,0.186157
106100,0.7779,0.306348,0.002724,0.000334,0.187331
106200,0.7779,0.306348,0.002724,0.000334,0.185922
106300,0.7779,0.306348,0.002724,0.000334,0.189209
106400,0.7779,0.306348,0.002724,0.000334,0.189444
106500,0.7779,0.306348,0.002724,0.000334,0.188739
106600,0.7779,0.306348,0.002724,0.000334,0.186626
106700,0.7779,0.306348,0.002724,0.000334,0.189444
106800,0.7779,0.306348,0.002724,0.000334,0.185687
106900,0.7779,0.306348,0.002724,0.000334,0.188270
107000,0.7779,0.306348,0.002724,0.000334,0.187096
107100,0.7779,0.306348,0.002724,0.000334,0.185922
107200,0.7779,0.306348,0.002724,0.000334,0.187096
107300,0.7779,0.306348,0.002724,0.000334,0.187800
107400,0.7779,0.306348,0.002724,0.000334,0.185452
107500,0.7779,0.306348,0.002724,0.000334,0.186861
107600,0.7779,0.306348,0.002724,0.000334,0.187331
107700,0.7779,0.306348,0.002724,0.000334,0.187565
107800,0.7779,0.306348,0.002724,0.000334,0.186861
107900,0.7779,0.306348,0.002724,0.000334,0.186391
108000,0.7779,0.306348,0.002724,0.000334,0.185922
108100,0.7779,0.306348,0.002724,0.000334,0.188035
108200,0.7779,0.306348,0.002724,0.000334,0.188035
108300,0.7779,0.306348,0.002724,0.000334,0.187800
108400,0.7779,0.306348,0.002724,0.000334,0.185922
108500,0.7779,0.306348,0.002724,0.000334,0.188270
108600,0.7779,0.306348,0.002724,0.000334,0.188739
108700,0.7779,0.306348,0.002724,0.000334,0.187331
108800,0.7779,0.306348,0.002724,0.000334,0.188739
108900,0.7779,0.306348,0.002724,0.000334,0.187800
109000,0.7779,0.306348,0.002724,0.000334,0.190148
109100,0.7779,0.306348,0.002724,0.000334,0.185452
109200,0.7779,0.306348,0.002724,0.000334,0.189444
109300,0.7779,0.306348,0.002724,0.000334,0.185922
109400,0.7779,0.306348,0.002724,0.000334,0.188270
109500,0.7779,0.306348,0.002724,0.000334,0.188035
109600,0.7779,0.306348,0.002724,0.000334,0.187800
109700,0.7779,0.306348,0.002724,0.000334,0.189444
109800,0.7779,0.306348,0.002724,0.000334,0.185922
109900,0.7779,0.306348,0.002724,0.000334,0.188739
110000,0.7779,0.306348,0.002724,0.000334,0.189913
110100,0.7779,0.306348,0.002724,0.000334,0.186626
110200,0.7779,0.306348,0.002724,0.000334,0.185922
110300,0.7779,0.306348,0.002724,0.000334,0.187565
110400,0.7779,0.306348,0.002724,0.000334,0.187331
110500,0.7779,0.306348,0.002724,0.000334,0.188270
110600,0.7779,0.306348,0.002724,0.000334,0.186626
110700,0.7779,0.306348,0.002724,0.000334,0.188035
110800,0.7779,0.306348,0.002724,0.000334,0.188035
110900,0.7779,0.306348,0.002724,0.000334,0.188270
111000,0.7779,0.306348,0.002724,0.000334,0.187331
111100,0.7779,0.306348,0.002724,0.000334,0.187565
111200,0.7779,0.306348,0.002724,0.000334,0.185218
111300,0.7779,0.306348,0.002724,0.000334,0.186391
111400,0.7779,0.306348,0.002724,0.000334,0.187331
111500,0.7779,0.306348,0.002724,0.000334,0.187331
111600,0.7779,0.306348,0.002724,0.000334,0.187331
111700,0.7779,0.306348,0.002724,0.000334,0.186861
111800,0.7779,0.306348,0.002724,0.000334,0.187565
111900,0.7779,0.306348,0.002724,0.000334,0.190148
112000,0.7779,0.306348,0.002724,0.000334,0.188739
112100,0.7779,0.306348,0.002724,0.000334,0.188974
112200,0.7779,0.306348,0.002724,0.000334,0.186391
112300,0.7779,0.306348,0.002724,0.000334,0.187565
112400,0.7779,0.306348,0.002724,0.000334,0.187565
112500,0.7779,0.306348,0.002724,0.000334,0.185452
112600,0.7779,0.306348,0.002724,0.000334,0.188035
112700,0.7779,0.306348,0.002724,0.000334,0.186626
112800,0.7779,0.306348,0.002724,0.000334,0.188505
112900,0.7779,0.306348,0.002724,0.000334,0.187096
113000,0.7779,0.306348,0.002724,0.000334,0.186861
113100,0.7779,0.306348,0.002724,0.000334,0.185687
113200,0.7779,0.306348,0.002724,0.000334,0.188739
113300,0.7779,0.306348,0.002724,0.000334,0.187331
113400,0.7779,0.306348,0.002724,0.000334,0.185687
113500,0.7779,0.306348,0.002724,0.000334,0.188035
113600,0.7779,0.306348,0.002724,0.000334,0.188270
113700,0.7779,0.306348,0.002724,0.000334,0.187565
113800,0.7779,0.306348,0.002724,0.000334,0.185687
113900,0.7779,0.306348,0.002724,0.000334,0.188035
114000,0.7779,0.306348,0.002724,0.000334,0.188035
114100,0.7779,0.306348,0.002724,0.000334,0.189209
114200,0.7779,0.306348,0.002724,0.000334,0.186391
114300,0.7779,0.306348,0.002724,0.000334,0.186157
114400,0.7779,0.306348,0.002724,0.000334,0.187565
114500,0.7779,0.306348,0.002724,0.000334,0.186157
114600,0.7779,0.306348,0.002724,0.000334,0.186626
114700,0.7779,0.306348,0.002724,0.000334,0.187565
114800,0.7779,0.306348,0.002724,0.000334,0.185452
114900,0.7779,0.306348,0.002724,0.000334,0.187331
115000,0.7779,0.306348,0.002724,0.000334,0.187800
115100,0.7779,0.306348,0.002724,0.000334,0.187565
115200,0.7779,0.306348,0.002724,0.000334,0.188035
115300,0.7779,0.306348,0.002724,0.000334,0.188270
115400,0.7779,0.306348,0.002724,0.000334,0.186157
115500,0.7779,0.306348,0.002724,0.000334,0.186626
115600,0.7779,0.306348,0.002724,0.000334,0.186391
115700,0.7779,0.306348,0.002724,0.000334,0.187096
115800,0.7779,0.306348,0.002724,0.000334,0.187800
115900,0.7779,0.306348,0.002724,0.000334,0.186626
116000,0.7779,0.306348,0.002724,0.000334,0.186626
116100,0.7779,0.306348,0.002724,0.000334,0.189444
116200,0.7779,0.306348,0.002724,0.000334,0.186626
116300,0.7779,0.306348,0.002724,0.000334,0.186157
116400,0.7779,0.306348,0.002724,0.000334,0.188974
116500,0.7779,0.306348,0.002724,0.000334,0.186157
116600,0.7779,0.306348,0.002724,0.000334,0.187096
116700,0.7779,0.306348,0.002724,0.000334,0.185687
116800,0.7779,0.306348,0.002724,0.000334,0.186157
116900,0.7779,0.306348,0.002724,0.000334,0.188974
117000,0.7779,0.306348,0.002724,0.000334,0.189444
117100,0.7779,0.306348,0.002724,0.000334,0.186861
117200,0.7779,0.306348,0.002724,0.000334,0.190618
117300,0.7779,0.306348,0.002724,0.000334,0.187800
117400,0.7779,0.306348,0.002724,0.000334,0.186626
117500,0.7779,0.306348,0.002724,0.000334,0.186861
117600,0.7779,0.306348,0.002724,0.000334,0.185452
117700,0.7779,0.306348,0.002724,0.000334,0.186861
117800,0.7779,0.306348,0.002724,0.000334,0.186626
117900,0.7779,0.306348,0.002724,0.000334,0.188035
118000,0.7779,0.306348,0.002724,0.000334,0.187565
118100,0.7779,0.306348,0.002724,0.000334,0.189209
118200,0.7779,0.306348,0.002724,0.000334,0.186391
118300,0.7779,0.306348,0.002724,0.000334,0.186626
118400,0.7779,0.306348,0.002724,0.000334,0.189643
118500,0.7779,0.306348,0.002724,0.000334,0.187331
118600,0.7779,0.306348,0.002724,0.000334,0.186157
118700,0.7779,0.306348,0.002724,0.000334,0.188434
118800,0.7779,0.306348,0.002724,0.000334,0.188505
118900,0.7779,0.306348,0.002724,0.000334,0.188974
119000,0.7779,0.306348,0.002724,0.000334,0.188739
119100,0.7779,0.306348,0.002724,0.000334,0.185452
119200,0.7779,0.306348,0.002724,0.000334,0.188739
119300,0.7779,0.306348,0.002724,0.000334,0.185922
119400,0.7779,0.306348,0.002724,0.000334,0.187331
119500,0.7779,0.306348,0.002724,0.000334,0.186861
119600,0.7779,0.306348,0.002724,0.000334,0.187565
119700,0.7779,0.306348,0.002724,0.000334,0.186861
119800,0.7779,0.306348,0.002724,0.000334,0.189913
119900,0.7779,0.306348,0.002724,0.000334,0.187800
120000,0.7779,0.306348,0.002724,0.000334,0.188035
120100,0.7779,0.306348,0.002724,0.000334,0.186391
120200,0.7779,0.306348,0.002724,0.000334,0.188505
120300,0.7779,0.306348,0.002724,0.000334,0.186157
120400,0.7779,0.306348,0.002724,0.000334,0.188270
120500,0.7779,0.306348,0.002724,0.000334,0.185452
120600,0.7779,0.306348,0.002724,0.000334,0.186861
120700,0.7779,0.306348,0.002724,0.000334,0.187096
120800,0.7779,0.306348,0.002724,0.000334,0.187800
120900,0.7779,0.306348,0.002724,0.000334,0.187331
121000,0.7779,0.306348,0.002724,0.000334,0.185922
121100,0.7779,0.306348,0.002724,0.000334,0.185452
121200,0.7779,0.306348,0.002724,0.000334,0.187565
121300,0.7779,0.306348,0.002724,0.000334,0.187096
121400,0.7779,0.306348,0.002724,0.000334,0.185922
121500,0.7779,0.306348,0.002724,0.000334,0.188505
121600,0.7779,0.306348,0.002724,0.000334,0.186861
121700,0.7779,0.306348,0.002724,0.000334,0.186391
121800,0.7779,0.306348,0.002724,0.000334,0.189679
121900,0.7779,0.306348,0.002724,0.000334,0.187096
122000,0.7779,0.306348,0.002724,0.000334,0.186626
122100,0.7779,0.306348,0.002724,0.000334,0.188505
122200,0.7779,0.306348,0.002724,0.000334,0.185452
122300,0.7779,0.306348,0.002724,0.000334,0.186861
122400,0.7779,0.306348,0.002724,0.000334,0.188739
122500,0.7779,0.306348,0.002724,0.000334,0.187530
122600,0.7779,0.306348,0.002724,0.000334,0.184983
122700,0.7779,0.306348,0.002724,0.000334,0.185922
122800,0.7779,0.306348,0.002724,0.000334,0.187331
122900,0.7779,0.306348,0.002724,0.000334,0.186391
123000,0.7779,0.306348,0.002724,0.000334,0.188469
123100,0.7779,0.306348,0.002724,0.000334,0.187565
123200,0.7779,0.306348,0.002724,0.000334,0.186591
123300,0.7779,0.306348,0.002724,0.000334,0.187331
123400,0.7779,0.306348,0.002724,0.000334,0.188739
123500,0.7779,0.306348,0.002724,0.000334,0.187331
123600,0.7779,0.306348,0.002724,0.000334,0.186626
123700,0.7779,0.306348,0.002724,0.000334,0.187331
123800,0.7779,0.306348,0.002724,0.000334,0.188739
123900,0.7779,0.306348,0.002724,0.000334,0.185687
124000,0.7779,0.306348,0.002724,0.000334,0.185687
124100,0.7779,0.306348,0.002724,0.000334,0.186157
124200,0.7779,0.306348,0.002724,0.000334,0.186626
124300,0.7779,0.306348,0.002724,0.000334,0.186391
124400,0.7779,0.306348,0.002724,0.000334,0.189209
124500,0.7779,0.306348,0.002724,0.000334,0.187096
124600,0.7779,0.306348,0.002724,0.000334,0.188270
124700,0.7779,0.306348,0.002724,0.000334,0.186626
124800,0.7779,0.306348,0.002724,0.000334,0.187800
124900,0.7779,0.306348,0.002724,0.000334,0.186157
125000,0.7779,0.306348,0.002724,0.000334,0.187565
125100,0.7779,0.306348,0.002724,0.000334,0.186157
125200,0.7779,0.306348,0.002724,0.000334,0.187096
125300,0.7779,0.306348,0.002724,0.000334,0.185922
125400,0.7779,0.306348,0.002724,0.000334,0.187565
125500,0.7779,0.306348,0.002724,0.000334,0.188739
125600,0.7779,0.306348,0.002724,0.000334,0.185922
125700,0.7779,0.306348,0.002724,0.000334,0.188035
125800,0.7779,0.306348,0.002724,0.000334,0.187565
125900,0.7779,0.306348,0.002724,0.000334,0.187096
126000,0.7779,0.306348,0.002724,0.000334,0.186626
126100,0.7779,0.306348,0.002724,0.000334,0.185922
126200,0.7779,0.306348,0.002724,0.000334,0.185922
126300,0.7779,0.306348,0.002724,0.000334,0.188270
126400,0.7779,0.306348,0.002724,0.000334,0.188035
126500,0.7779,0.306348,0.002724,0.000334,0.185687
126600,0.7779,0.306348,0.002724,0.000334,0.190853
126700,0.7779,0.306348,0.002724,0.000334,0.188035
126800,0.7779,0.306348,0.002724,0.000334,0.187096
126900,0.7779,0.306348,0.002724,0.000334,0.186626
127000,0.7779,0.306348,0.002724,0.000334,0.188270
127100,0.7779,0.306348,0.002724,0.000334,0.185218
127200,0.7779,0.306348,0.002724,0.000334,0.187331
127300,0.7779,0.306348,0.002724,0.000334,0.186391
127400,0.7779,0.306348,0.002724,0.000334,0.188974
127500,0.7779,0.306348,0.002724,0.000334,0.185687
127600,0.7779,0.306348,0.002724,0.000334,0.185452
127700,0.7779,0.306348,0.002724,0.000334,0.187565
127800,0.7779,0.306348,0.002724,0.000334,0.188270
127900,0.7779,0.306348,0.002724,0.000334,0.186861
128000,0.7779,0.306348,0.002724,0.000334,0.188469
128100,0.7779,0.306348,0.002724,0.000334,0.188035
128200,0.7779,0.306348,0.002724,0.000334,0.187565
128300,0.7779,0.306348,0.002724,0.000334,0.186157
128400,0.7779,0.306348,0.002724,0.000334,0.188505
128500,0.7779,0.306348,0.002724,0.000334,0.186391
128600,0.7779,0.306348,0.002724,0.000334,0.186391
128700,0.7779,0.306348,0.002724,0.000334,0.186157
128800,0.7779,0.306348,0.002724,0.000334,0.186391
128900,0.7779,0.306348,0.002724,0.000334,0.188035
129000,0.7779,0.306348,0.002724,0.000334,0.187530
129100,0.7779,0.306348,0.002724,0.000334,0.185922
129200,0.7779,0.306348,0.002724,0.000334,0.186157
129300,0.7779,0.306348,0.002724,0.000334,0.185922
129400,0.7779,0.306348,0.002724,0.000334,0.186157
129500,0.7779,0.306348,0.002724,0.000334,0.188270
129600,0.7779,0.306348,0.002724,0.000334,0.188939
129700,0.7779,0.306348,0.002724,0.000334,0.189913
129800,0.7779,0.306348,0.002724,0.000334,0.185687
129900,0.7779,0.306348,0.002724,0.000334,0.186157
130000,0.7779,0.306348,0.002724,0.000334,0.185922
130100,0.7779,0.306348,0.002724,0.000334,0.187565
130200,0.7779,0.306348,0.002724,0.000334,0.185922
130300,0.7779,0.306348,0.002724,0.000334,0.186861
130400,0.7779,0.306348,0.002724,0.000334,0.187331
130500,0.7779,0.306348,0.002724,0.000334,0.187331
130600,0.7779,0.306348,0.002724,0.000334,0.186391
130700,0.7779,0.306348,0.002724,0.000334,0.186391
130800,0.7779,0.306348,0.002724,0.000334,0.187096
130900,0.7779,0.306348,0.002724,0.000334,0.187800
131000,0.7779,0.306348,0.002724,0.000334,0.185922
131100,0.7779,0.306348,0.002724,0.000334,0.185218
131200,0.7779,0.306348,0.002724,0.000334,0.188739
131300,0.7779,0.306348,0.002724,0.000334,0.186861
131400,0.7779,0.306348,0.002724,0.000334,0.184748
131500,0.7779,0.306348,0.002724,0.000334,0.184983
131600,0.7779,0.306348,0.002724,0.000334,0.184983
131700,0.7779,0.306348,0.002724,0.000334,0.186626
131800,0.7779,0.306348,0.002724,0.000334,0.187331
131900,0.7779,0.306348,0.002724,0.000334,0.186391
132000,0.7779,0.306348,0.002724,0.000334,0.189679
132100,0.7779,0.306348,0.002724,0.000334,0.187800
132200,0.7779,0.306348,0.002724,0.000334,0.187565
132300,0.7779,0.306348,0.002724,0.000334,0.186626
132400,0.7779,0.306348,0.002724,0.000334,0.186861
132500,0.7779,0.306348,0.002724,0.000334,0.186157
132600,0.7779,0.306348,0.002724,0.000334,0.185452
132700,0.7779,0.306348,0.002724,0.000334,0.186626
132800,0.7779,0.306348,0.002724,0.000334,0.186157
132900,0.7779,0.306348,0.002724,0.000334,0.187096
133000,0.7779,0.306348,0.002724,0.000334,0.185687
133100,0.7779,0.306348,0.002724,0.000334,0.186391
133200,0.7779,0.306348,0.002724,0.000334,0.187565
133300,0.7779,0.306348,0.002724,0.000334,0.188035
133400,0.7779,0.306348,0.002724,0.000334,0.187096
133500,0.7779,0.306348,0.002724,0.000334,0.187565
133600,0.7779,0.306348,0.002724,0.000334,0.188270
133700,0.7779,0.306348,0.002724,0.000334,0.186861
133800,0.7779,0.306348,0.002724,0.000334,0.186626
133900,0.7779,0.306348,0.002724,0.000334,0.187096
134000,0.7779,0.306348,0.002724,0.000334,0.188270
134100,0.7779,0.306348,0.002724,0.000334,0.186861
134200,0.7779,0.306348,0.002724,0.000334,0.188270
134300,0.7779,0.306348,0.002724,0.000334,0.187096
134400,0.7779,0.306348,0.002724,0.000334,0.186861
134500,0.7779,0.306348,0.002724,0.000334,0.189209
134600,0.7779,0.306348,0.002724,0.000334,0.187565
134700,0.7779,0.306348,0.002724,0.000334,0.185218
134800,0.7779,0.306348,0.002724,0.000334,0.188270
134900,0.7779,0.306348,0.002724,0.000334,0.186391
135000,0.7779,0.306348,0.002724,0.000334,0.187800
135100,0.7779,0.306348,0.002724,0.000334,0.186391
135200,0.7779,0.306348,0.002724,0.000334,0.186391
135300,0.7779,0.306348,0.002724,0.000334,0.187096
135400,0.7779,0.306348,0.002724,0.000334,0.187096
135500,0.7779,0.306348,0.002724,0.000334,0.186157
135600,0.7779,0.306348,0.002724,0.000334,0.187565
135700,0.7779,0.306348,0.002724,0.000334,0.185687
135800,0.7779,0.306348,0.002724,0.000334,0.185452
135900,0.7779,0.306348,0.002724,0.000334,0.186157
136000,0.7779,0.306348,0.002724,0.000334,0.186861
136100,0.7779,0.306348,0.002724,0.000334,0.185218
136200,0.7779,0.306348,0.002724,0.000334,0.185452
136300,0.7779,0.306348,0.002724,0.000334,0.186391
136400,0.7779,0.306348,0.002724,0.000334,0.188739
136500,0.7779,0.306348,0.002724,0.000334,0.184748
136600,0.7779,0.306348,0.002724,0.000334,0.186157
136700,0.7779,0.306348,0.002724,0.000334,0.185687
136800,0.7779,0.306348,0.002724,0.000334,0.187565
136900,0.7779,0.306348,0.002724,0.000334,0.188035
137000,0.7779,0.306348,0.002724,0.000334,0.185922
137100,0.7779,0.306348,0.002724,0.000334,0.185922
137200,0.7779,0.306348,0.002724,0.000334,0.185218
137300,0.7779,0.306348,0.002724,0.000334,0.188739
137400,0.7779,0.306348,0.002724,0.000334,0.185687
137500,0.7779,0.306348,0.002724,0.000334,0.187096
137600,0.7779,0.306348,0.002724,0.000334,0.187096
137700,0.7779,0.306348,0.002724,0.000334,0.188035
137800,0.7779,0.306348,0.002724,0.000334,0.188035
137900,0.7779,0.306348,0.002724,0.000334,0.186157
138000,0.7779,0.306348,0.002724,0.000334,0.186861
138100,0.7779,0.306348,0.002724,0.000334,0.185452
138200,0.7779,0.306348,0.002724,0.000334,0.188505
138300,0.7779,0.306348,0.002724,0.000334,0.186626
138400,0.7779,0.306348,0.002724,0.000334,0.187331
138500,0.7779,0.306348,0.002724,0.000334,0.187331
138600,0.7779,0.306348,0.002724,0.000334,0.185218
138700,0.7779,0.306348,0.002724,0.000334,0.187331
138800,0.7779,0.306348,0.002724,0.000334,0.187331
138900,0.7779,0.306348,0.002724,0.000334,0.185452
139000,0.7779,0.306348,0.002724,0.000334,0.185452
139100,0.7779,0.306348,0.002724,0.000334,0.187096
139200,0.7779,0.306348,0.002724,0.000334,0.188270
139300,0.7779,0.306348,0.002724,0.000334,0.186391
139400,0.7779,0.306348,0.002724,0.000334,0.187565
139500,0.7779,0.306348,0.002724,0.000334,0.185687
139600,0.7779,0.306348,0.002724,0.000334,0.186157
139700,0.7779,0.306348,0.002724,0.000334,0.185922
139800,0.7779,0.306348,0.002724,0.000334,0.186391
139900,0.7779,0.306348,0.002724,0.000334,0.186861
140000,0.7779,0.306348,0.002724,0.000334,0.185687
140100,0.7779,0.306348,0.002724,0.000334,0.188739
140200,0.7779,0.306348,0.002724,0.000334,0.184513
140300,0.7779,0.306348,0.002724,0.000334,0.187530
140400,0.7779,0.306348,0.002724,0.000334,0.185452
140500,0.7779,0.306348,0.002724,0.000334,0.186626
140600,0.7779,0.306348,0.002724,0.000334,0.189209
140700,0.7779,0.306348,0.002724,0.000334,0.184983
140800,0.7779,0.306348,0.002724,0.000334,0.186626
140900,0.7779,0.306348,0.002724,0.000334,0.184983
141000,0.7779,0.306348,0.002724,0.000334,0.188739
141100,0.7779,0.306348,0.002724,0.000334,0.186861
141200,0.7779,0.306348,0.002724,0.000334,0.186861
141300,0.7779,0.306348,0.002724,0.000334,0.187096
141400,0.7779,0.306348,0.002724,0.000334,0.185218
141500,0.7779,0.306348,0.002724,0.000334,0.188270
141600,0.7779,0.306348,0.002724,0.000334,0.185922
141700,0.7779,0.306348,0.002724,0.000334,0.185452
141800,0.7779,0.306348,0.002724,0.000334,0.186861
141900,0.7779,0.306348,0.002724,0.000334,0.188270
142000,0.7779,0.306348,0.002724,0.000334,0.188035
142100,0.7779,0.306348,0.002724,0.000334,0.186861
142200,0.7779,0.306348,0.002724,0.000334,0.187060
142300,0.7779,0.306348,0.002724,0.000334,0.185452
142400,0.7779,0.306348,0.002724,0.000334,0.186861
142500,0.7779,0.306348,0.002724,0.000334,0.186861
142600,0.7779,0.306348,0.002724,0.000334,0.185452
142700,0.7779,0.306348,0.002724,0.000334,0.186157
142800,0.7779,0.306348,0.002724,0.000334,0.186157
142900,0.7779,0.306348,0.002724,0.000334,0.187331
143000,0.7779,0.306348,0.002724,0.000334,0.188035
143100,0.7779,0.306348,0.002724,0.000334,0.188505
143200,0.7779,0.306348,0.002724,0.000334,0.186157
143300,0.7779,0.306348,0.002724,0.000334,0.186157
143400,0.7779,0.306348,0.002724,0.000334,0.186391
143500,0.7779,0.306348,0.002724,0.000334,0.187295
143600,0.7779,0.306348,0.002724,0.000334,0.186861
143700,0.7779,0.306348,0.002724,0.000334,0.186861
143800,0.7779,0.306348,0.002724,0.000334,0.185687
143900,0.7779,0.306348,0.002724,0.000334,0.188270
144000,0.7779,0.306348,0.002724,0.000334,0.187096
144100,0.7779,0.306348,0.002724,0.000334,0.185452
144200,0.7779,0.306348,0.002724,0.000334,0.187096
144300,0.7779,0.306348,0.002724,0.000334,0.186157
144400,0.7779,0.306348,0.002724,0.000334,0.186157
144500,0.7779,0.306348,0.002724,0.000334,0.187331
144600,0.7779,0.306348,0.002724,0.000334,0.185687
144700,0.7779,0.306348,0.002724,0.000334,0.187096
144800,0.7779,0.306348,0.002724,0.000334,0.184983
144900,0.7779,0.306348,0.002724,0.000334,0.185922
145000,0.7779,0.306348,0.002724,0.000334,0.187096
145100,0.7779,0.306348,0.002724,0.000334,0.186391
145200,0.7779,0.306348,0.002724,0.000334,0.185452
145300,0.7779,0.306348,0.002724,0.000334,0.185218
145400,0.7779,0.306348,0.002724,0.000334,0.187331
145500,0.7779,0.306348,0.002724,0.000334,0.188270
145600,0.7779,0.306348,0.002724,0.000334,0.184983
145700,0.7779,0.306348,0.002724,0.000334,0.185687
145800,0.7779,0.306348,0.002724,0.000334,0.186157
145900,0.7779,0.306348,0.002724,0.000334,0.187096
146000,0.7779,0.306348,0.002724,0.000334,0.187096
146100,0.7779,0.306348,0.002724,0.000334,0.185452
146200,0.7779,0.306348,0.002724,0.000334,0.187565
146300,0.7779,0.306348,0.002724,0.000334,0.185687
146400,0.7779,0.306348,0.002724,0.000334,0.186157
146500,0.7779,0.306348,0.002724,0.000334,0.187800
146600,0.7779,0.306348,0.002724,0.000334,0.186157
146700,0.7779,0.306348,0.002724,0.000334,0.186391
146800,0.7779,0.306348,0.002724,0.000334,0.187800
146900,0.7779,0.306348,0.002724,0.000334,0.188739
147000,0.7779,0.306348,0.002724,0.000334,0.185922
147100,0.7779,0.306348,0.002724,0.000334,0.186626
147200,0.7779,0.306348,0.002724,0.000334,0.184983
147300,0.7779,0.306348,0.002724,0.000334,0.186391
147400,0.7779,0.306348,0.002724,0.000334,0.186157
147500,0.7779,0.306348,0.002724,0.000334,0.186157
147600,0.7779,0.306348,0.002724,0.000334,0.185687
147700,0.7779,0.306348,0.002724,0.000334,0.186157
147800,0.7779,0.306348,0.002724,0.000334,0.184748
147900,0.7779,0.306348,0.002724,0.000334,0.187565
148000,0.7779,0.306348,0.002724,0.000334,0.186391
148100,0.7779,0.306348,0.002724,0.000334,0.186626
148200,0.7779,0.306348,0.002724,0.000334,0.187331
148300,0.7779,0.306348,0.002724,0.000334,0.185687
148400,0.7779,0.306348,0.002724,0.000334,0.187800
148500,0.7779,0.306348,0.002724,0.000334,0.188035
148600,0.7779,0.306348,0.002724,0.000334,0.186626
148700,0.7779,0.306348,0.002724,0.000334,0.186391
148800,0.7779,0.306348,0.002724,0.000334,0.185922
148900,0.7779,0.306348,0.002724,0.000334,0.184748
149000,0.7779,0.306348,0.002724,0.000334,0.185922
149100,0.7779,0.306348,0.002724,0.000334,0.186157
149200,0.7779,0.306348,0.002724,0.000334,0.186626
149300,0.7779,0.306348,0.002724,0.000334,0.186626
149400,0.7779,0.306348,0.002724,0.000334,0.188035
149500,0.7779,0.306348,0.002724,0.000334,0.187565
149600,0.7779,0.306348,0.002724,0.000334,0.187800
149700,0.7779,0.306348,0.002724,0.000334,0.187800
149800,0.7779,0.306348,0.002724,0.000334,0.185922
149900,0.7779,0.306348,0.002724,0.000334,0.184983
150000,0.7779,0.306348,0.002724,0.000334,0.188505
150100,0.7779,0.306348,0.002724,0.000334,0.186861
150200,0.7779,0.306348,0.002724,0.000334,0.185218
150300,0.7779,0.306348,0.002724,0.000334,0.185687
150400,0.7779,0.306348,0.002724,0.000334,0.188505
150500,0.7779,0.306348,0.002724,0.000334,0.184983
150600,0.7779,0.306348,0.002724,0.000334,0.185687
150700,0.7779,0.306348,0.002724,0.000334,0.184278
150800,0.7779,0.306348,0.002724,0.000334,0.186626
150900,0.7779,0.306348,0.002724,0.000334,0.188035
151000,0.7779,0.306348,0.002724,0.000334,0.186861
151100,0.7779,0.306348,0.002724,0.000334,0.187800
151200,0.7779,0.306348,0.002724,0.000334,0.184513
151300,0.7779,0.306348,0.002724,0.000334,0.186626
151400,0.7779,0.306348,0.002724,0.000334,0.187096
151500,0.7779,0.306348,0.002724,0.000334,0.187565
151600,0.7779,0.306348,0.002724,0.000334,0.185218
151700,0.7779,0.306348,0.002724,0.000334,0.186626
151800,0.7779,0.306348,0.002724,0.000334,0.188505
151900,0.7779,0.306348,0.002724,0.000334,0.186391
152000,0.7779,0.306348,0.002724,0.000334,0.187565
152100,0.7779,0.306348,0.002724,0.000334,0.186626
152200,0.7779,0.306348,0.002724,0.000334,0.185687
152300,0.7779,0.306348,0.002724,0.000334,0.189444
152400,0.7779,0.306348,0.002724,0.000334,0.185687
152500,0.7779,0.306348,0.002724,0.000334,0.187565
152600,0.7779,0.306348,0.002724,0.000334,0.185452
152700,0.7779,0.306348,0.002724,0.000334,0.184748
152800,0.7779,0.306348,0.002724,0.000334,0.187096
152900,0.7779,0.306348,0.002724,0.000334,0.186391
153000,0.7779,0.306348,0.002724,0.000334,0.187096
153100,0.7779,0.306348,0.002724,0.000334,0.187096
153200,0.7779,0.306348,0.002724,0.000334,0.185218
153300,0.7779,0.306348,0.002724,0.000334,0.184983
153400,0.7779,0.306348,0.002724,0.000334,0.185922
153500,0.7779,0.306348,0.002724,0.000334,0.186391
153600,0.7779,0.306348,0.002724,0.000334,0.185687
153700,0.7779,0.306348,0.002724,0.000334,0.184983
153800,0.7779,0.306348,0.002724,0.000334,0.187331
153900,0.7779,0.306348,0.002724,0.000334,0.185452
154000,0.7779,0.306348,0.002724,0.000334,0.185218
154100,0.7779,0.306348,0.002724,0.000334,0.186626
154200,0.7779,0.306348,0.002724,0.000334,0.185922
154300,0.7779,0.306348,0.002724,0.000334,0.186391
154400,0.7779,0.306348,0.002724,0.000334,0.185452
154500,0.7779,0.306348,0.002724,0.000334,0.186391
154600,0.7779,0.306348,0.002724,0.000334,0.186391
154700,0.7779,0.306348,0.002724,0.000334,0.187096
154800,0.7779,0.306348,0.002724,0.000334,0.186391
154900,0.7779,0.306348,0.002724,0.000334,0.185452
155000,0.7779,0.306348,0.002724,0.000334,0.186626
155100,0.7779,0.306348,0.002724,0.000334,0.185687
155200,0.7779,0.306348,0.002724,0.000334,0.187331
155300,0.7779,0.306348,0.002724,0.000334,0.186391
155400,0.7779,0.306348,0.002724,0.000334,0.185687
155500,0.7779,0.306348,0.002724,0.000334,0.187331
155600,0.7779,0.306348,0.002724,0.000334,0.185922
155700,0.7779,0.306348,0.002724,0.000334,0.187331
155800,0.7779,0.306348,0.002724,0.000334,0.186626
155900,0.7779,0.306348,0.002724,0.000334,0.186391
156000,0.7779,0.306348,0.002724,0.000334,0.186157
156100,0.7779,0.306348,0.002724,0.000334,0.185922
156200,0.7779,0.306348,0.002724,0.000334,0.186157
156300,0.7779,0.306348,0.002724,0.000334,0.186157
156400,0.7779,0.306348,0.002724,0.000334,0.186157
156500,0.7779,0.306348,0.002724,0.000334,0.185452
156600,0.7779,0.306348,0.002724,0.000334,0.185922
156700,0.7779,0.306348,0.002724,0.000334,0.185922
156800,0.7779,0.306348,0.002724,0.000334,0.184983
156900,0.7779,0.306348,0.002724,0.000334,0.185922
157000,0.7779,0.306348,0.002724,0.000334,0.188505
157100,0.7779,0.306348,0.002724,0.000334,0.188974
157200,0.7779,0.306348,0.002724,0.000334,0.188974
157300,0.7779,0.306348,0.002724,0.000334,0.185687
157400,0.7779,0.306348,0.002724,0.000334,0.186157
157500,0.7779,0.306348,0.002724,0.000334,0.184748
157600,0.7779,0.306348,0.002724,0.000334,0.185218
157700,0.7779,0.306348,0.002724,0.000334,0.186391
157800,0.7779,0.306348,0.002724,0.000334,0.184278
157900,0.7779,0.306348,0.002724,0.000334,0.185687
158000,0.7779,0.306348,0.002724,0.000334,0.188739
158100,0.7779,0.306348,0.002724,0.000334,0.187565
158200,0.7779,0.306348,0.002724,0.000334,0.186861
158300,0.7779,0.306348,0.002724,0.000334,0.186157
158400,0.7779,0.306348,0.002724,0.000334,0.187331
158500,0.7779,0.306348,0.002724,0.000334,0.186391
158600,0.7779,0.306348,0.002724,0.000334,0.185687
158700,0.7779,0.306348,0.002724,0.000334,0.186391
158800,0.7779,0.306348,0.002724,0.000334,0.187096
158900,0.7779,0.306348,0.002724,0.000334,0.186626
159000,0.7779,0.306348,0.002724,0.000334,0.188505
159100,0.7779,0.306348,0.002724,0.000334,0.187530
159200,0.7779,0.306348,0.002724,0.000334,0.185687
159300,0.7779,0.306348,0.002724,0.000334,0.184748
159400,0.7779,0.306348,0.002724,0.000334,0.186626
159500,0.7779,0.306348,0.002724,0.000334,0.186861
159600,0.7779,0.306348,0.002724,0.000334,0.185218
159700,0.7779,0.306348,0.002724,0.000334,0.184983
159800,0.7779,0.306348,0.002724,0.000334,0.184748
159900,0.7779,0.306348,0.002724,0.000334,0.185452
160000,0.7779,0.306348,0.002724,0.000334,0.186157
160100,0.7779,0.306348,0.002724,0.000334,0.186157
160200,0.7779,0.306348,0.002724,0.000334,0.186861
160300,0.7779,0.306348,0.002724,0.000334,0.185922
160400,0.7779,0.306348,0.002724,0.000334,0.186391
160500,0.7779,0.306348,0.002724,0.000334,0.188035
160600,0.7779,0.306348,0.002724,0.000334,0.185452
160700,0.7779,0.306348,0.002724,0.000334,0.186391
160800,0.7779,0.306348,0.002724,0.000334,0.187331
160900,0.7779,0.306348,0.002724,0.000334,0.184983
161000,0.7779,0.306348,0.002724,0.000334,0.185452
161100,0.7779,0.306348,0.002724,0.000334,0.186157
161200,0.7779,0.306348,0.002724,0.000334,0.186157
161300,0.7779,0.306348,0.002724,0.000334,0.187800
161400,0.7779,0.306348,0.002724,0.000334,0.187565
161500,0.7779,0.306348,0.002724,0.000334,0.188035
161600,0.7779,0.306348,0.002724,0.000334,0.186391
161700,0.7779,0.306348,0.002724,0.000334,0.186861
161800,0.7779,0.306348,0.002724,0.000334,0.185218
161900,0.7779,0.306348,0.002724,0.000334,0.187096
162000,0.7779,0.306348,0.002724,0.000334,0.187331
162100,0.7779,0.306348,0.002724,0.000334,0.186826
162200,0.7779,0.306348,0.002724,0.000334,0.186826
162300,0.7779,0.306348,0.002724,0.000334,0.186391
162400,0.7779,0.306348,0.002724,0.000334,0.184983
162500,0.7779,0.306348,0.002724,0.000334,0.185452
162600,0.7779,0.306348,0.002724,0.000334,0.184983
162700,0.7779,0.306348,0.002724,0.000334,0.187565
162800,0.7779,0.306348,0.002724,0.000334,0.186157
162900,0.7779,0.306348,0.002724,0.000334,0.186861
163000,0.7779,0.306348,0.002724,0.000334,0.187565
163100,0.7779,0.306348,0.002724,0.000334,0.187096
163200,0.7779,0.306348,0.002724,0.000334,0.186391
163300,0.7779,0.306348,0.002724,0.000334,0.184983
163400,0.7779,0.306348,0.002724,0.000334,0.184983
163500,0.7779,0.306348,0.002724,0.000334,0.185218
163600,0.7779,0.306348,0.002724,0.000334,0.187096
163700,0.7779,0.306348,0.002724,0.000334,0.185218
163800,0.7779,0.306348,0.002724,0.000334,0.186391
163900,0.7779,0.306348,0.002724,0.000334,0.187565
164000,0.7779,0.306348,0.002724,0.000334,0.187331
164100,0.7779,0.306348,0.002724,0.000334,0.185687
164200,0.7779,0.306348,0.002724,0.000334,0.184748
164300,0.7779,0.306348,0.002724,0.000334,0.185452
164400,0.7779,0.306348,0.002724,0.000334,0.187565
164500,0.7779,0.306348,0.002724,0.000334,0.186157
164600,0.7779,0.306348,0.002724,0.000334,0.186861
164700,0.7779,0.306348,0.002724,0.000334,0.185218
164800,0.7779,0.306348,0.002724,0.000334,0.184748
164900,0.7779,0.306348,0.002724,0.000334,0.185218
165000,0.7779,0.306348,0.002724,0.000334,0.185687
165100,0.7779,0.306348,0.002724,0.000334,0.185922
165200,0.7779,0.306348,0.002724,0.000334,0.185452
165300,0.7779,0.306348,0.002724,0.000334,0.186157
165400,0.7779,0.306348,0.002724,0.000334,0.187096
165500,0.7779,0.306348,0.002724,0.000334,0.186626
165600,0.7779,0.306348,0.002724,0.000334,0.185922
165700,0.7779,0.306348,0.002724,0.000334,0.187096
165800,0.7779,0.306348,0.002724,0.000334,0.187331
165900,0.7779,0.306348,0.002724,0.000334,0.186071
166000,0.7779,0.306348,0.002724,0.000334,0.186911
166100,0.7779,0.306348,0.002724,0.000334,0.185687
166200,0.7779,0.306348,0.002724,0.000334,0.185218
166300,0.7779,0.306348,0.002724,0.000334,0.187800
166400,0.7779,0.306348,0.002724,0.000334,0.185922
166500,0.7779,0.306348,0.002724,0.000334,0.185452
166600,0.7779,0.306348,0.002724,0.000334,0.186391
166700,0.7779,0.306348,0.002724,0.000334,0.186157
166800,0.7779,0.306348,0.002724,0.000334,0.186626
166900,0.7779,0.306348,0.002724,0.000334,0.189173
167000,0.7779,0.306348,0.002724,0.000334,0.186626
167100,0.7779,0.306348,0.002724,0.000334,0.188704
167200,0.7779,0.306348,0.002724,0.000334,0.185452
167300,0.7779,0.306348,0.002724,0.000334,0.185218
167400,0.7779,0.306348,0.002724,0.000334,0.186157
167500,0.7779,0.306348,0.002724,0.000334,0.184983
167600,0.7779,0.306348,0.002724,0.000334,0.185452
167700,0.7779,0.306348,0.002724,0.000334,0.185452
167800,0.7779,0.306348,0.002724,0.000334,0.185922
167900,0.7779,0.306348,0.002724,0.000334,0.185922
168000,0.7779,0.306348,0.002724,0.000334,0.186626
168100,0.7779,0.306348,0.002724,0.000334,0.186157
168200,0.7779,0.306348,0.002724,0.000334,0.186626
168300,0.7779,0.306348,0.002724,0.000334,0.187565
168400,0.7779,0.306348,0.002724,0.000334,0.186861
168500,0.7779,0.306348,0.002724,0.000334,0.184513
168600,0.7779,0.306348,0.002724,0.000334,0.185218
168700,0.7779,0.306348,0.002724,0.000334,0.185452
168800,0.7779,0.306348,0.002724,0.000334,0.186157
168900,0.7779,0.306348,0.002724,0.000334,0.186626
169000,0.7779,0.306348,0.002724,0.000334,0.185687
169100,0.7779,0.306348,0.002724,0.000334,0.185687
169200,0.7779,0.306348,0.002724,0.000334,0.185218
169300,0.7779,0.306348,0.002724,0.000334,0.187096
169400,0.7779,0.306348,0.002724,0.000334,0.186861
169500,0.7779,0.306348,0.002724,0.000334,0.185452
169600,0.7779,0.306348,0.002724,0.000334,0.185452
169700,0.7779,0.306348,0.002724,0.000334,0.187331
169800,0.7779,0.306348,0.002724,0.000334,0.184983
169900,0.7779,0.306348,0.002724,0.000334,0.186626
170000,0.7779,0.306348,0.002724,0.000334,0.186391
170100,0.7779,0.306348,0.002724,0.000334,0.185218
170200,0.7779,0.306348,0.002724,0.000334,0.185922
170300,0.7779,0.306348,0.002724,0.000334,0.187565
170400,0.7779,0.306348,0.002724,0.000334,0.185922
170500,0.7779,0.306348,0.002724,0.000334,0.185922
170600,0.7779,0.306348,0.002724,0.000334,0.186157
170700,0.7779,0.306348,0.002724,0.000334,0.184983
170800,0.7779,0.306348,0.002724,0.000334,0.187331
170900,0.7779,0.306348,0.002724,0.000334,0.186157
171000,0.7779,0.306348,0.002724,0.000334,0.185452
171100,0.7779,0.306348,0.002724,0.000334,0.187565
171200,0.7779,0.306348,0.002724,0.000334,0.184748
171300,0.7779,0.306348,0.002724,0.000334,0.188505
171400,0.7779,0.306348,0.002724,0.000334,0.184278
171500,0.7779,0.306348,0.002724,0.000334,0.186626
171600,0.7779,0.306348,0.002724,0.000334,0.185687
171700,0.7779,0.306348,0.002724,0.000334,0.187060
171800,0.7779,0.306348,0.002724,0.000334,0.186861
171900,0.7779,0.306348,0.002724,0.000334,0.187096
172000,0.7779,0.306348,0.002724,0.000334,0.185922
172100,0.7779,0.306348,0.002724,0.000334,0.184983
172200,0.7779,0.306348,0.002724,0.000334,0.187096
172300,0.7779,0.306348,0.002724,0.000334,0.184983
172400,0.7779,0.306348,0.002724,0.000334,0.186626
172500,0.7779,0.306348,0.002724,0.000334,0.186157
172600,0.7779,0.306348,0.002724,0.000334,0.185687
172700,0.7779,0.306348,0.002724,0.000334,0.185687
172800,0.7779,0.306348,0.002724,0.000334,0.184983
172900,0.7779,0.306348,0.002724,0.000334,0.185218
173000,0.7779,0.306348,0.002724,0.000334,0.186157
173100,0.7779,0.306348,0.002724,0.000334,0.187096
173200,0.7779,0.306348,0.002724,0.000334,0.186157
173300,0.7779,0.306348,0.002724,0.000334,0.186626
173400,0.7779,0.306348,0.002724,0.000334,0.187096
173500,0.7779,0.306348,0.002724,0.000334,0.185452
173600,0.7779,0.306348,0.002724,0.000334,0.184748
173700,0.7779,0.306348,0.002724,0.000334,0.187096
173800,0.7779,0.306348,0.002724,0.000334,0.184983
173900,0.7779,0.306348,0.002724,0.000334,0.185922
174000,0.7779,0.306348,0.002724,0.000334,0.186626
174100,0.7779,0.306348,0.002724,0.000334,0.184983
174200,0.7779,0.306348,0.002724,0.000334,0.185922
174300,0.7779,0.306348,0.002724,0.000334,0.184513
174400,0.7779,0.306348,0.002724,0.000334,0.186157
174500,0.7779,0.306348,0.002724,0.000334,0.185687
174600,0.7779,0.306348,0.002724,0.000334,0.185687
174700,0.7779,0.306348,0.002724,0.000334,0.186626
174800,0.7779,0.306348,0.002724,0.000334,0.185687
174900,0.7779,0.306348,0.002724,0.000334,0.188035
175000,0.7779,0.306348,0.002724,0.000334,0.186391
175100,0.7779,0.306348,0.002724,0.000334,0.187096
175200,0.7779,0.306348,0.002724,0.000334,0.184278
175300,0.7779,0.306348,0.002724,0.000334,0.185687
175400,0.7779,0.306348,0.002724,0.000334,0.185452
175500,0.7779,0.306348,0.002724,0.000334,0.185687
175600,0.7779,0.306348,0.002724,0.000334,0.186391
175700,0.7779,0.306348,0.002724,0.000334,0.185218
175800,0.7779,0.306348,0.002724,0.000334,0.187096
175900,0.7779,0.306348,0.002724,0.000334,0.185452
176000,0.7779,0.306348,0.002724,0.000334,0.185452
176100,0.7779,0.306348,0.002724,0.000334,0.185687
176200,0.7779,0.306348,0.002724,0.000334,0.184983
176300,0.7779,0.306348,0.002724,0.000334,0.185452
176400,0.7779,0.306348,0.002724,0.000334,0.185922
176500,0.7779,0.306348,0.002724,0.000334,0.185218
176600,0.7779,0.306348,0.002724,0.000334,0.185452
176700,0.7779,0.306348,0.002724,0.000334,0.185687
176800,0.7779,0.306348,0.002724,0.000334,0.185452
176900,0.7779,0.306348,0.002724,0.000334,0.186626
177000,0.7779,0.306348,0.002724,0.000334,0.187800
177100,0.7779,0.306348,0.002724,0.000334,0.186861
177200,0.7779,0.306348,0.002724,0.000334,0.186626
177300,0.7779,0.306348,0.002724,0.000334,0.184748
177400,0.7779,0.306348,0.002724,0.000334,0.185687
177500,0.7779,0.306348,0.002724,0.000334,0.185922
177600,0.7779,0.306348,0.002724,0.000334,0.185452
177700,0.7779,0.306348,0.002724,0.000334,0.186157
177800,0.7779,0.306348,0.002724,0.000334,0.185218
177900,0.7779,0.306348,0.002724,0.000334,0.186391
178000,0.7779,0.306348,0.002724,0.000334,0.186157
178100,0.7779,0.306348,0.002724,0.000334,0.184983
178200,0.7779,0.306348,0.002724,0.000334,0.187331
178300,0.7779,0.306348,0.002724,0.000334,0.185452
178400,0.7779,0.306348,0.002724,0.000334,0.185922
178500,0.7779,0.306348,0.002724,0.000334,0.185922
178600,0.7779,0.306348,0.002724,0.000334,0.184983
178700,0.7779,0.306348,0.002724,0.000334,0.184748
178800,0.7779,0.306348,0.002724,0.000334,0.184513
178900,0.7779,0.306348,0.002724,0.000334,0.185218
179000,0.7779,0.306348,0.002724,0.000334,0.185922
179100,0.7779,0.306348,0.002724,0.000334,0.187096
179200,0.7779,0.306348,0.002724,0.000334,0.184983
179300,0.7779,0.306348,0.002724,0.000334,0.185452
179400,0.7779,0.306348,0.002724,0.000334,0.186626
179500,0.7779,0.306348,0.002724,0.000334,0.185452
179600,0.7779,0.306348,0.002724,0.000334,0.185922
179700,0.7779,0.306348,0.002724,0.000334,0.186626
179800,0.7779,0.306348,0.002724,0.000334,0.186157
179900,0.7779,0.306348,0.002724,0.000334,0.185687
180000,0.7779,0.306348,0.002724,0.000334,0.185452
180100,0.7779,0.306348,0.002724,0.000334,0.185922
180200,0.7779,0.306348,0.002724,0.000334,0.185552
180300,0.7779,0.306348,0.002724,0.000334,0.186022
180400,0.7779,0.306348,0.002724,0.000334,0.188505
180500,0.7779,0.306348,0.002724,0.000334,0.186626
180600,0.7779,0.306348,0.002724,0.000334,0.188505
180700,0.7779,0.306348,0.002724,0.000334,0.185452
180800,0.7779,0.306348,0.002724,0.000334,0.185218
180900,0.7779,0.306348,0.002724,0.000334,0.185452
181000,0.7779,0.306348,0.002724,0.000334,0.185452
181100,0.7779,0.306348,0.002724,0.000334,0.185687
181200,0.7779,0.306348,0.002724,0.000334,0.185922
181300,0.7779,0.306348,0.002724,0.000334,0.184278
181400,0.7779,0.306348,0.002724,0.000334,0.186157
181500,0.7779,0.306348,0.002724,0.000334,0.186157
181600,0.7779,0.306348,0.002724,0.000334,0.184983
181700,0.7779,0.306348,0.002724,0.000334,0.183809
181800,0.7779,0.306348,0.002724,0.000334,0.185687
181900,0.7779,0.306348,0.002724,0.000334,0.184983
182000,0.7779,0.306348,0.002724,0.000334,0.185452
182100,0.7779,0.306348,0.002724,0.000334,0.185452
182200,0.7779,0.306348,0.002724,0.000334,0.185922
182300,0.7779,0.306348,0.002724,0.000334,0.187096
182400,0.7779,0.306348,0.002724,0.000334,0.185218
182500,0.7779,0.306348,0.002724,0.000334,0.185452
182600,0.7779,0.306348,0.002724,0.000334,0.185687
182700,0.7779,0.306348,0.002724,0.000334,0.184748
182800,0.7779,0.306348,0.002724,0.000334,0.187331
182900,0.7779,0.306348,0.002724,0.000334,0.187331
183000,0.7779,0.306348,0.002724,0.000334,0.184513
183100,0.7779,0.306348,0.002724,0.000334,0.186626
183200,0.7779,0.306348,0.002724,0.000334,0.185922
183300,0.7779,0.306348,0.002724,0.000334,0.186157
183400,0.7779,0.306348,0.002724,0.000334,0.185218
183500,0.7779,0.306348,0.002724,0.000334,0.185218
183600,0.7779,0.306348,0.002724,0.000334,0.186157
183700,0.7779,0.306348,0.002724,0.000334,0.186861
183800,0.7779,0.306348,0.002724,0.000334,0.185687
183900,0.7779,0.306348,0.002724,0.000334,0.185218
184000,0.7779,0.306348,0.002724,0.000334,0.185452
184100,0.7779,0.306348,0.002724,0.000334,0.186157
184200,0.7779,0.306348,0.002724,0.000334,0.185452
184300,0.7779,0.306348,0.002724,0.000334,0.185922
184400,0.7779,0.306348,0.002724,0.000334,0.185452
184500,0.7779,0.306348,0.002724,0.000334,0.186391
184600,0.7779,0.306348,0.002724,0.000334,0.187331
184700,0.7779,0.306348,0.002724,0.000334,0.184748
184800,0.7779,0.306348,0.002724,0.000334,0.185687
184900,0.7779,0.306348,0.002724,0.000334,0.184513
185000,0.7779,0.306348,0.002724,0.000334,0.185922
185100,0.7779,0.306348,0.002724,0.000334,0.184513
185200,0.7779,0.306348,0.002724,0.000334,0.185687
185300,0.7779,0.306348,0.002724,0.000334,0.186391
185400,0.7779,0.306348,0.002724,0.000334,0.186626
185500,0.7779,0.306348,0.002724,0.000334,0.185922
185600,0.7779,0.306348,0.002724,0.000334,0.184748
185700,0.7779,0.306348,0.002724,0.000334,0.184748
185800,0.7779,0.306348,0.002724,0.000334,0.186157
185900,0.7779,0.306348,0.002724,0.000334,0.184748
186000,0.7779,0.306348,0.002724,0.000334,0.186391
186100,0.7779,0.306348,0.002724,0.000334,0.185922
186200,0.7779,0.306348,0.002724,0.000334,0.186391
186300,0.7779,0.306348,0.002724,0.000334,0.185687
186400,0.7779,0.306348,0.002724,0.000334,0.185687
186500,0.7779,0.306348,0.002724,0.000334,0.185687
186600,0.7779,0.306348,0.002724,0.000334,0.186391
186700,0.7779,0.306348,0.002724,0.000334,0.188035
186800,0.7779,0.306348,0.002724,0.000334,0.184513
186900,0.7779,0.306348,0.002724,0.000334,0.184044
187000,0.7779,0.306348,0.002724,0.000334,0.184983
187100,0.7779,0.306348,0.002724,0.000334,0.184748
187200,0.7779,0.306348,0.002724,0.000334,0.187331
187300,0.7779,0.306348,0.002724,0.000334,0.185922
187400,0.7779,0.306348,0.002724,0.000334,0.185922
187500,0.7779,0.306348,0.002724,0.000334,0.185218
187600,0.7779,0.306348,0.002724,0.000334,0.186391
187700,0.7779,0.306348,0.002724,0.000334,0.185452
187800,0.7779,0.306348,0.002724,0.000334,0.184513
187900,0.7779,0.306348,0.002724,0.000334,0.185687
188000,0.7779,0.306348,0.002724,0.000334,0.185452
188100,0.7779,0.306348,0.002724,0.000334,0.186391
188200,0.7779,0.306348,0.002724,0.000334,0.185687
188300,0.7779,0.306348,0.002724,0.000334,0.186391
188400,0.7779,0.306348,0.002724,0.000334,0.185922
188500,0.7779,0.306348,0.002724,0.000334,0.185452
188600,0.7779,0.306348,0.002724,0.000334,0.185687
188700,0.7779,0.306348,0.002724,0.000334,0.185687
188800,0.7779,0.306348,0.002724,0.000334,0.184044
188900,0.7779,0.306348,0.002724,0.000334,0.184748
189000,0.7779,0.306348,0.002724,0.000334,0.184278
189100,0.7779,0.306348,0.002724,0.000334,0.184983
189200,0.7779,0.306348,0.002724,0.000334,0.188974
189300,0.7779,0.306348,0.002724,0.000334,0.188035
189400,0.7779,0.306348,0.002724,0.000334,0.185687
189500,0.7779,0.306348,0.002724,0.000334,0.184513
189600,0.7779,0.306348,0.002724,0.000334,0.185687
189700,0.7779,0.306348,0.002724,0.000334,0.185452
189800,0.7779,0.306348,0.002724,0.000334,0.185218
189900,0.7779,0.306348,0.002724,0.000334,0.185922
190000,0.7779,0.306348,0.002724,0.000334,0.185452
190100,0.7779,0.306348,0.002724,0.000334,0.184983
190200,0.7779,0.306348,0.002724,0.000334,0.186391
190300,0.7779,0.306348,0.002724,0.000334,0.184983
190400,0.7779,0.306348,0.002724,0.000334,0.185922
190500,0.7779,0.306348,0.002724,0.000334,0.186391
190600,0.7779,0.306348,0.002724,0.000334,0.184278
190700,0.7779,0.306348,0.002724,0.000334,0.185218
190800,0.7779,0.306348,0.002724,0.000334,0.187096
190900,0.7779,0.306348,0.002724,0.000334,0.185452
191000,0.7779,0.306348,0.002724,0.000334,0.185452
191100,0.7779,0.306348,0.002724,0.000334,0.185687
191200,0.7779,0.306348,0.002724,0.000334,0.184983
191300,0.7779,0.306348,0.002724,0.000334,0.185218
191400,0.7779,0.306348,0.002724,0.000334,0.185922
191500,0.7779,0.306348,0.002724,0.000334,0.185218
191600,0.7779,0.306348,0.002724,0.000334,0.185218
191700,0.7779,0.306348,0.002724,0.000334,0.186626
191800,0.7779,0.306348,0.002724,0.000334,0.186391
191900,0.7779,0.306348,0.002724,0.000334,0.186356
192000,0.7779,0.306348,0.002724,0.000334,0.184278
192100,0.7779,0.306348,0.002724,0.000334,0.185218
192200,0.7779,0.306348,0.002724,0.000334,0.186157
192300,0.7779,0.306348,0.002724,0.000334,0.185218
192400,0.7779,0.306348,0.002724,0.000334,0.185922
192500,0.7779,0.306348,0.002724,0.000334,0.185218
192600,0.7779,0.306348,0.002724,0.000334,0.184983
192700,0.7779,0.306348,0.002724,0.000334,0.186157
192800,0.7779,0.306348,0.002724,0.000334,0.184748
192900,0.7779,0.306348,0.002724,0.000334,0.185218
193000,0.7779,0.306348,0.002724,0.000334,0.184513
193100,0.7779,0.306348,0.002724,0.000334,0.185922
193200,0.7779,0.306348,0.002724,0.000334,0.186157
193300,0.7779,0.306348,0.002724,0.000334,0.186356
193400,0.7779,0.306348,0.002724,0.000334,0.184278
193500,0.7779,0.306348,0.002724,0.000334,0.184983
193600,0.7779,0.306348,0.002724,0.000334,0.185922
193700,0.7779,0.306348,0.002724,0.000334,0.185452
193800,0.7779,0.306348,0.002724,0.000334,0.186861
193900,0.7779,0.306348,0.002724,0.000334,0.184513
194000,0.7779,0.306348,0.002724,0.000334,0.185687
194100,0.7779,0.306348,0.002724,0.000334,0.185687
194200,0.7779,0.306348,0.002724,0.000334,0.185218
194300,0.7779,0.306348,0.002724,0.000334,0.185452
194400,0.7779,0.306348,0.002724,0.000334,0.186391
194500,0.7779,0.306348,0.002724,0.000334,0.184983
194600,0.7779,0.306348,0.002724,0.000334,0.187096
194700,0.7779,0.306348,0.002724,0.000334,0.186356
194800,0.7779,0.306348,0.002724,0.000334,0.185452
194900,0.7779,0.306348,0.002724,0.000334,0.184278
195000,0.7779,0.306348,0.002724,0.000334,0.184748
195100,0.7779,0.306348,0.002724,0.000334,0.185922
195200,0.7779,0.306348,0.002724,0.000334,0.186861
195300,0.7779,0.306348,0.002724,0.000334,0.185452
195400,0.7779,0.306348,0.002724,0.000334,0.184983
195500,0.7779,0.306348,0.002724,0.000334,0.186591
195600,0.7779,0.306348,0.002724,0.000334,0.185218
195700,0.7779,0.306348,0.002724,0.000334,0.186391
195800,0.7779,0.306348,0.002724,0.000334,0.186391
195900,0.7779,0.306348,0.002724,0.000334,0.185452
196000,0.7779,0.306348,0.002724,0.000334,0.184983
196100,0.7779,0.306348,0.002724,0.000334,0.186157
196200,0.7779,0.306348,0.002724,0.000334,0.187096
196300,0.7779,0.306348,0.002724,0.000334,0.184983
196400,0.7779,0.306348,0.002724,0.000334,0.185452
196500,0.7779,0.306348,0.002724,0.000334,0.185452
196600,0.7779,0.306348,0.002724,0.000334,0.186391
196700,0.7779,0.306348,0.002724,0.000334,0.185687
196800,0.7779,0.306348,0.002724,0.000334,0.185922
196900,0.7779,0.306348,0.002724,0.000334,0.185218
197000,0.7779,0.306348,0.002724,0.000334,0.184748
197100,0.7779,0.306348,0.002724,0.000334,0.184748
197200,0.7779,0.306348,0.002724,0.000334,0.185687
197300,0.7779,0.306348,0.002724,0.000334,0.185687
197400,0.7779,0.306348,0.002724,0.000334,0.185922
197500,0.7779,0.306348,0.002724,0.000334,0.184278
197600,0.7779,0.306348,0.002724,0.000334,0.185452
197700,0.7779,0.306348,0.002724,0.000334,0.184983
197800,0.7779,0.306348,0.002724,0.000334,0.185922
197900,0.7779,0.306348,0.002724,0.000334,0.184513
198000,0.7779,0.306348,0.002724,0.000334,0.185922
198100,0.7779,0.306348,0.002724,0.000334,0.186157
198200,0.7779,0.306348,0.002724,0.000334,0.184983
198300,0.7779,0.306348,0.002724,0.000334,0.184983
198400,0.7779,0.306348,0.002724,0.000334,0.184748
198500,0.7779,0.306348,0.002724,0.000334,0.184278
198600,0.7779,0.306348,0.002724,0.000334,0.184983
198700,0.7779,0.306348,0.002724,0.000334,0.185452
198800,0.7779,0.306348,0.002724,0.000334,0.185452
198900,0.7779,0.306348,0.002724,0.000334,0.184748
199000,0.7779,0.306348,0.002724,0.000334,0.185218
199100,0.7779,0.306348,0.002724,0.000334,0.186826
199200,0.7779,0.306348,0.002724,0.000334,0.185922
199300,0.7779,0.306348,0.002724,0.000334,0.186626
199400,0.7779,0.306348,0.002724,0.000334,0.184983
199500,0.7779,0.306348,0.002724,0.000334,0.185452
199600,0.7779,0.306348,0.002724,0.000334,0.186157
199700,0.7779,0.306348,0.002724,0.000334,0.186861
199800,0.7779,0.306348,0.002724,0.000334,0.184748
199900,0.7779,0.306348,0.002724,0.000334,0.184748
200000,0.7779,0.306348,0.002724,0.000334,0.185452
200100,0.7779,0.306348,0.002724,0.000334,0.185452
200200,0.7779,0.306348,0.002724,0.000334,0.185218
200300,0.7779,0.306348,0.002724,0.000334,0.184748
200400,0.7779,0.306348,0.002724,0.000334,0.185452
200500,0.7779,0.306348,0.002724,0.000334,0.185922
200600,0.7779,0.306348,0.002724,0.000334,0.185218
200700,0.7779,0.306348,0.002724,0.000334,0.185452
200800,0.7779,0.306348,0.002724,0.000334,0.184513
200900,0.7779,0.306348,0.002724,0.000334,0.185218
201000,0.7779,0.306348,0.002724,0.000334,0.185922
201100,0.7779,0.306348,0.002724,0.000334,0.184748
201200,0.7779,0.306348,0.002724,0.000334,0.186157
201300,0.7779,0.306348,0.002724,0.000334,0.186826
201400,0.7779,0.306348,0.002724,0.000334,0.184748
201500,0.7779,0.306348,0.002724,0.000334,0.185452
201600,0.7779,0.306348,0.002724,0.000334,0.185922
201700,0.7779,0.306348,0.002724,0.000334,0.185922
201800,0.7779,0.306348,0.002724,0.000334,0.184278
201900,0.7779,0.306348,0.002724,0.000334,0.185452
202000,0.7779,0.306348,0.002724,0.000334,0.186157
202100,0.7779,0.306348,0.002724,0.000334,0.185922
202200,0.7779,0.306348,0.002724,0.000334,0.184748
202300,0.7779,0.306348,0.002724,0.000334,0.184748
202400,0.7779,0.306348,0.002724,0.000334,0.185687
202500,0.7779,0.306348,0.002724,0.000334,0.184983
202600,0.7779,0.306348,0.002724,0.000334,0.185687
202700,0.7779,0.306348,0.002724,0.000334,0.186391
202800,0.7779,0.306348,0.002724,0.000334,0.185452
202900,0.7779,0.306348,0.002724,0.000334,0.184748
203000,0.7779,0.306348,0.002724,0.000334,0.185922
203100,0.7779,0.306348,0.002724,0.000334,0.185218
203200,0.7779,0.306348,0.002724,0.000334,0.184983
203300,0.7779,0.306348,0.002724,0.000334,0.184748
203400,0.7779,0.306348,0.002724,0.000334,0.185452
203500,0.7779,0.306348,0.002724,0.000334,0.186626
203600,0.7779,0.306348,0.002724,0.000334,0.185687
203700,0.7779,0.306348,0.002724,0.000334,0.184278
203800,0.7779,0.306348,0.002724,0.000334,0.185218
203900,0.7779,0.306348,0.002724,0.000334,0.185218
204000,0.7779,0.306348,0.002724,0.000334,0.184748
204100,0.7779,0.306348,0.002724,0.000334,0.186157
204200,0.7779,0.306348,0.002724,0.000334,0.185452
204300,0.7779,0.306348,0.002724,0.000334,0.184983
204400,0.7779,0.306348,0.002724,0.000334,0.185687
204500,0.7779,0.306348,0.002724,0.000334,0.185452
204600,0.7779,0.306348,0.002724,0.000334,0.184044
204700,0.7779,0.306348,0.002724,0.000334,0.184983
204800,0.7779,0.306348,0.002724,0.000334,0.184748
204900,0.7779,0.306348,0.002724,0.000334,0.184983
205000,0.7779,0.306348,0.002724,0.000334,0.186157
205100,0.7779,0.306348,0.002724,0.000334,0.185452
205200,0.7779,0.306348,0.002724,0.000334,0.184983
205300,0.7779,0.306348,0.002724,0.000334,0.184983
205400,0.7779,0.306348,0.002724,0.000334,0.186157
205500,0.7779,0.306348,0.002724,0.000334,0.186121
205600,0.7779,0.306348,0.002724,0.000334,0.184983
205700,0.7779,0.306348,0.002724,0.000334,0.185687
205800,0.7779,0.306348,0.002724,0.000334,0.185922
205900,0.7779,0.306348,0.002724,0.000334,0.185218
206000,0.7779,0.306348,0.002724,0.000334,0.186157
206100,0.7779,0.306348,0.002724,0.000334,0.186157
206200,0.7779,0.306348,0.002724,0.000334,0.185687
206300,0.7779,0.306348,0.002724,0.000334,0.184278
206400,0.7779,0.306348,0.002724,0.000334,0.184983
206500,0.7779,0.306348,0.002724,0.000334,0.184983
206600,0.7779,0.306348,0.002724,0.000334,0.185687
206700,0.7779,0.306348,0.002724,0.000334,0.185452
206800,0.7779,0.306348,0.002724,0.000334,0.185218
206900,0.7779,0.306348,0.002724,0.000334,0.184983
207000,0.7779,0.306348,0.002724,0.000334,0.184983
207100,0.7779,0.306348,0.002724,0.000334,0.185452
207200,0.7779,0.306348,0.002724,0.000334,0.184983
207300,0.7779,0.306348,0.002724,0.000334,0.185687
207400,0.7779,0.306348,0.002724,0.000334,0.185687
207500,0.7779,0.306348,0.002724,0.000334,0.188035
207600,0.7779,0.306348,0.002724,0.000334,0.185687
207700,0.7779,0.306348,0.002724,0.000334,0.184278
207800,0.7779,0.306348,0.002724,0.000334,0.185452
207900,0.7779,0.306348,0.002724,0.000334,0.184748
208000,0.7779,0.306348,0.002724,0.000334,0.184748
208100,0.7779,0.306348,0.002724,0.000334,0.184983
208200,0.7779,0.306348,0.002724,0.000334,0.187096
208300,0.7779,0.306348,0.002724,0.000334,0.186157
208400,0.7779,0.306348,0.002724,0.000334,0.186591
208500,0.7779,0.306348,0.002724,0.000334,0.184748
208600,0.7779,0.306348,0.002724,0.000334,0.184983
208700,0.7779,0.306348,0.002724,0.000334,0.184748
208800,0.7779,0.306348,0.002724,0.000334,0.184748
208900,0.7779,0.306348,0.002724,0.000334,0.188035
209000,0.7779,0.306348,0.002724,0.000334,0.185687
209100,0.7779,0.306348,0.002724,0.000334,0.185452
209200,0.7779,0.306348,0.002724,0.000334,0.186626
209300,0.7779,0.306348,0.002724,0.000334,0.185218
209400,0.7779,0.306348,0.002724,0.000334,0.185218
209500,0.7779,0.306348,0.002724,0.000334,0.184278
209600,0.7779,0.306348,0.002724,0.000334,0.184513
209700,0.7779,0.306348,0.002724,0.000334,0.185452
209800,0.7779,0.306348,0.002724,0.000334,0.184044
209900,0.7779,0.306348,0.002724,0.000334,0.184983
210000,0.7779,0.306348,0.002724,0.000334,0.184983
210100,0.7779,0.306348,0.002724,0.000334,0.185218
210200,0.7779,0.306348,0.002724,0.000334,0.185452
210300,0.7779,0.306348,0.002724,0.000334,0.184748
210400,0.7779,0.306348,0.002724,0.000334,0.184748
210500,0.7779,0.306348,0.002724,0.000334,0.186157
210600,0.7779,0.306348,0.002724,0.000334,0.184983
210700,0.7779,0.306348,0.002724,0.000334,0.185452
210800,0.7779,0.306348,0.002724,0.000334,0.184983
210900,0.7779,0.306348,0.002724,0.000334,0.184748
211000,0.7779,0.306348,0.002724,0.000334,0.185218
211100,0.7779,0.306348,0.002724,0.000334,0.184748
211200,0.7779,0.306348,0.002724,0.000334,0.186391
211300,0.7779,0.306348,0.002724,0.000334,0.185218
211400,0.7779,0.306348,0.002724,0.000334,0.185452
211500,0.7779,0.306348,0.002724,0.000334,0.185218
211600,0.7779,0.306348,0.002724,0.000334,0.184513
211700,0.7779,0.306348,0.002724,0.000334,0.184983
211800,0.7779,0.306348,0.002724,0.000334,0.184748
211900,0.7779,0.306348,0.002724,0.000334,0.184983
212000,0.7779,0.306348,0.002724,0.000334,0.185687
212100,0.7779,0.306348,0.002724,0.000334,0.184513
212200,0.7779,0.306348,0.002724,0.000334,0.184748
212300,0.7779,0.306348,0.002724,0.000334,0.185218
212400,0.7779,0.306348,0.002724,0.000334,0.184748
212500,0.7779,0.306348,0.002724,0.000334,0.185687
212600,0.7779,0.306348,0.002724,0.000334,0.185452
212700,0.7779,0.306348,0.002724,0.000334,0.184278
212800,0.7779,0.306348,0.002724,0.000334,0.184983
212900,0.7779,0.306348,0.002724,0.000334,0.185687
213000,0.7779,0.306348,0.002724,0.000334,0.184748
213100,0.7779,0.306348,0.002724,0.000334,0.185218
213200,0.7779,0.306348,0.002724,0.000334,0.185687
213300,0.7779,0.306348,0.002724,0.000334,0.185452
213400,0.7779,0.306348,0.002724,0.000334,0.184513
213500,0.7779,0.306348,0.002724,0.000334,0.184748
213600,0.7779,0.306348,0.002724,0.000334,0.186626
213700,0.7779,0.306348,0.002724,0.000334,0.186826
213800,0.7779,0.306348,0.002724,0.000334,0.186626
213900,0.7779,0.306348,0.002724,0.000334,0.184278
214000,0.7779,0.306348,0.002724,0.000334,0.186861
214100,0.7779,0.306348,0.002724,0.000334,0.185218
214200,0.7779,0.306348,0.002724,0.000334,0.186391
214300,0.7779,0.306348,0.002724,0.000334,0.184983
214400,0.7779,0.306348,0.002724,0.000334,0.184983
214500,0.7779,0.306348,0.002724,0.000334,0.184278
214600,0.7779,0.306348,0.002724,0.000334,0.184983
214700,0.7779,0.306348,0.002724,0.000334,0.184513
214800,0.7779,0.306348,0.002724,0.000334,0.184983
214900,0.7779,0.306348,0.002724,0.000334,0.184748
215000,0.7779,0.306348,0.002724,0.000334,0.185922
215100,0.7779,0.306348,0.002724,0.000334,0.186861
215200,0.7779,0.306348,0.002724,0.000334,0.184983
215300,0.7779,0.306348,0.002724,0.000334,0.185218
215400,0.7779,0.306348,0.002724,0.000334,0.184278
215500,0.7779,0.306348,0.002724,0.000334,0.185218
215600,0.7779,0.306348,0.002724,0.000334,0.186157
215700,0.7779,0.306348,0.002724,0.000334,0.185218
215800,0.7779,0.306348,0.002724,0.000334,0.185922
215900,0.7779,0.306348,0.002724,0.000334,0.185218
216000,0.7779,0.306348,0.002724,0.000334,0.185922
216100,0.7779,0.306348,0.002724,0.000334,0.185218
216200,0.7779,0.306348,0.002724,0.000334,0.185218
216300,0.7779,0.306348,0.002724,0.000334,0.185452
216400,0.7779,0.306348,0.002724,0.000334,0.184278
216500,0.7779,0.306348,0.002724,0.000334,0.185218
216600,0.7779,0.306348,0.002724,0.000334,0.185687
216700,0.7779,0.306348,0.002724,0.000334,0.185687
216800,0.7779,0.306348,0.002724,0.000334,0.184983
216900,0.7779,0.306348,0.002724,0.000334,0.186391
217000,0.7779,0.306348,0.002724,0.000334,0.186121
217100,0.7779,0.306348,0.002724,0.000334,0.184278
217200,0.7779,0.306348,0.002724,0.000334,0.184278
217300,0.7779,0.306348,0.002724,0.000334,0.185687
217400,0.7779,0.306348,0.002724,0.000334,0.184983
217500,0.7779,0.306348,0.002724,0.000334,0.184748
217600,0.7779,0.306348,0.002724,0.000334,0.184278
217700,0.7779,0.306348,0.002724,0.000334,0.184513
217800,0.7779,0.306348,0.002724,0.000334,0.186391
217900,0.7779,0.306348,0.002724,0.000334,0.185922
218000,0.7779,0.306348,0.002724,0.000334,0.186391
218100,0.7779,0.306348,0.002724,0.000334,0.184983
218200,0.7779,0.306348,0.002724,0.000334,0.184983
218300,0.7779,0.306348,0.002724,0.000334,0.184044
218400,0.7779,0.306348,0.002724,0.000334,0.184983
218500,0.7779,0.306348,0.002724,0.000334,0.184513
218600,0.7779,0.306348,0.002724,0.000334,0.184278
218700,0.7779,0.306348,0.002724,0.000334,0.183809
218800,0.7779,0.306348,0.002724,0.000334,0.184513
218900,0.7779,0.306348,0.002724,0.000334,0.185922
219000,0.7779,0.306348,0.002724,0.000334,0.185218
219100,0.7779,0.306348,0.002724,0.000334,0.184278
219200,0.7779,0.306348,0.002724,0.000334,0.184983
219300,0.7779,0.306348,0.002724,0.000334,0.185218
219400,0.7779,0.306348,0.002724,0.000334,0.187999
219500,0.7779,0.306348,0.002724,0.000334,0.184513
219600,0.7779,0.306348,0.002724,0.000334,0.185218
219700,0.7779,0.306348,0.002724,0.000334,0.184748
219800,0.7779,0.306348,0.002724,0.000334,0.184983
219900,0.7779,0.306348,0.002724,0.000334,0.185922
220000,0.7779,0.306348,0.002724,0.000334,0.184983
220100,0.7779,0.306348,0.002724,0.000334,0.185687
220200,0.7779,0.306348,0.002724,0.000334,0.184748
220300,0.7779,0.306348,0.002724,0.000334,0.186157
220400,0.7779,0.306348,0.002724,0.000334,0.184983
220500,0.7779,0.306348,0.002724,0.000334,0.184513
220600,0.7779,0.306348,0.002724,0.000334,0.184513
220700,0.7779,0.306348,0.002724,0.000334,0.184748
220800,0.7779,0.306348,0.002724,0.000334,0.184513
220900,0.7779,0.306348,0.002724,0.000334,0.184513
221000,0.7779,0.306348,0.002724,0.000334,0.186626
221100,0.7779,0.306348,0.002724,0.000334,0.184748
221200,0.7779,0.306348,0.002724,0.000334,0.187295
221300,0.7779,0.306348,0.002724,0.000334,0.186591
221400,0.7779,0.306348,0.002724,0.000334,0.183809
221500,0.7779,0.306348,0.002724,0.000334,0.184748
221600,0.7779,0.306348,0.002724,0.000334,0.185218
221700,0.7779,0.306348,0.002724,0.000334,0.185218
221800,0.7779,0.306348,0.002724,0.000334,0.185452
221900,0.7779,0.306348,0.002724,0.000334,0.186861
222000,0.7779,0.306348,0.002724,0.000334,0.184748
222100,0.7779,0.306348,0.002724,0.000334,0.184748
222200,0.7779,0.306348,0.002724,0.000334,0.185452
222300,0.7779,0.306348,0.002724,0.000334,0.185218
222400,0.7779,0.306348,0.002724,0.000334,0.184748
222500,0.7779,0.306348,0.002724,0.000334,0.186157
222600,0.7779,0.306348,0.002724,0.000334,0.184513
222700,0.7779,0.306348,0.002724,0.000334,0.185452
222800,0.7779,0.306348,0.002724,0.000334,0.185452
222900,0.7779,0.306348,0.002724,0.000334,0.185218
223000,0.7779,0.306348,0.002724,0.000334,0.184748
223100,0.7779,0.306348,0.002724,0.000334,0.185218
223200,0.7779,0.306348,0.002724,0.000334,0.186861
223300,0.7779,0.306348,0.002724,0.000334,0.184983
223400,0.7779,0.306348,0.002724,0.000334,0.185687
223500,0.7779,0.306348,0.002724,0.000334,0.184513
223600,0.7779,0.306348,0.002724,0.000334,0.184044
223700,0.7779,0.306348,0.002724,0.000334,0.185687
223800,0.7779,0.306348,0.002724,0.000334,0.184983
223900,0.7779,0.306348,0.002724,0.000334,0.185652
224000,0.7779,0.306348,0.002724,0.000334,0.186157
224100,0.7779,0.306348,0.002724,0.000334,0.185687
224200,0.7779,0.306348,0.002724,0.000334,0.184748
224300,0.7779,0.306348,0.002724,0.000334,0.184748
224400,0.7779,0.306348,0.002724,0.000334,0.184513
224500,0.7779,0.306348,0.002724,0.000334,0.186157
224600,0.7779,0.306348,0.002724,0.000334,0.184983
224700,0.7779,0.306348,0.002724,0.000334,0.184983
224800,0.7779,0.306348,0.002724,0.000334,0.184278
224900,0.7779,0.306348,0.002724,0.000334,0.184748
225000,0.7779,0.306348,0.002724,0.000334,0.184278
225100,0.7779,0.306348,0.002724,0.000334,0.185218
225200,0.7779,0.306348,0.002724,0.000334,0.185452
225300,0.7779,0.306348,0.002724,0.000334,0.184983
225400,0.7779,0.306348,0.002724,0.000334,0.184748
225500,0.7779,0.306348,0.002724,0.000334,0.184513
225600,0.7779,0.306348,0.002724,0.000334,0.184748
225700,0.7779,0.306348,0.002724,0.000334,0.184278
225800,0.7779,0.306348,0.002724,0.000334,0.185218
225900,0.7779,0.306348,0.002724,0.000334,0.185922
226000,0.7779,0.306348,0.002724,0.000334,0.184513
226100,0.7779,0.306348,0.002724,0.000334,0.184983
226200,0.7779,0.306348,0.002724,0.000334,0.184513
226300,0.7779,0.306348,0.002724,0.000334,0.184983
226400,0.7779,0.306348,0.002724,0.000334,0.184748
226500,0.7779,0.306348,0.002724,0.000334,0.184748
226600,0.7779,0.306348,0.002724,0.000334,0.184983
226700,0.7779,0.306348,0.002724,0.000334,0.184983
226800,0.7779,0.306348,0.002724,0.000334,0.184983
226900,0.7779,0.306348,0.002724,0.000334,0.184983
227000,0.7779,0.306348,0.002724,0.000334,0.185218
227100,0.7779,0.306348,0.002724,0.000334,0.184513
227200,0.7779,0.306348,0.002724,0.000334,0.184748
227300,0.7779,0.306348,0.002724,0.000334,0.185452
227400,0.7779,0.306348,0.002724,0.000334,0.184983
227500,0.7779,0.306348,0.002724,0.000334,0.185452
227600,0.7779,0.306348,0.002724,0.000334,0.186391
227700,0.7779,0.306348,0.002724,0.000334,0.184748
227800,0.7779,0.306348,0.002724,0.000334,0.184278
227900,0.7779,0.306348,0.002724,0.000334,0.185218
228000,0.7779,0.306348,0.002724,0.000334,0.184983
228100,0.7779,0.306348,0.002724,0.000334,0.185687
228200,0.7779,0.306348,0.002724,0.000334,0.184983
228300,0.7779,0.306348,0.002724,0.000334,0.185452
228400,0.7779,0.306348,0.002724,0.000334,0.184748
228500,0.7779,0.306348,0.002724,0.000334,0.185922
228600,0.7779,0.306348,0.002724,0.000334,0.185922
228700,0.7779,0.306348,0.002724,0.000334,0.184748
228800,0.7779,0.306348,0.002724,0.000334,0.184983
228900,0.7779,0.306348,0.002724,0.000334,0.184044
229000,0.7779,0.306348,0.002724,0.000334,0.184983
229100,0.7779,0.306348,0.002724,0.000334,0.184983
229200,0.7779,0.306348,0.002724,0.000334,0.184044
229300,0.7779,0.306348,0.002724,0.000334,0.184513
229400,0.7779,0.306348,0.002724,0.000334,0.184748
229500,0.7779,0.306348,0.002724,0.000334,0.185922
229600,0.7779,0.306348,0.002724,0.000334,0.186157
229700,0.7779,0.306348,0.002724,0.000334,0.184983
229800,0.7779,0.306348,0.002724,0.000334,0.184748
229900,0.7779,0.306348,0.002724,0.000334,0.184513
230000,0.7779,0.306348,0.002724,0.000334,0.185452
230100,0.7779,0.306348,0.002724,0.000334,0.186391
230200,0.7779,0.306348,0.002724,0.000334,0.183809
230300,0.7779,0.306348,0.002724,0.000334,0.185218
230400,0.7779,0.306348,0.002724,0.000334,0.184983
230500,0.7779,0.306348,0.002724,0.000334,0.186861
230600,0.7779,0.306348,0.002724,0.000334,0.187096
230700,0.7779,0.306348,0.002724,0.000334,0.184513
230800,0.7779,0.306348,0.002724,0.000334,0.184748
230900,0.7779,0.306348,0.002724,0.000334,0.184278
231000,0.7779,0.306348,0.002724,0.000334,0.186157
231100,0.7779,0.306348,0.002724,0.000334,0.184983
231200,0.7779,0.306348,0.002724,0.000334,0.184748
231300,0.7779,0.306348,0.002724,0.000334,0.184044
231400,0.7779,0.306348,0.002724,0.000334,0.185218
231500,0.7779,0.306348,0.002724,0.000334,0.184748
231600,0.7779,0.306348,0.002724,0.000334,0.185922
231700,0.7779,0.306348,0.002724,0.000334,0.184748
231800,0.7779,0.306348,0.002724,0.000334,0.184983
231900,0.7779,0.306348,0.002724,0.000334,0.184513
232000,0.7779,0.306348,0.002724,0.000334,0.185452
232100,0.7779,0.306348,0.002724,0.000334,0.184278
232200,0.7779,0.306348,0.002724,0.000334,0.184278
232300,0.7779,0.306348,0.002724,0.000334,0.184748
232400,0.7779,0.306348,0.002724,0.000334,0.184513
232500,0.7779,0.306348,0.002724,0.000334,0.184513
232600,0.7779,0.306348,0.002724,0.000334,0.184513
232700,0.7779,0.306348,0.002724,0.000334,0.184983
232800,0.7779,0.306348,0.002724,0.000334,0.184513
232900,0.7779,0.306348,0.002724,0.000334,0.185687
233000,0.7779,0.306348,0.002724,0.000334,0.185452
233100,0.7779,0.306348,0.002724,0.000334,0.185218
233200,0.7779,0.306348,0.002724,0.000334,0.184044
233300,0.7779,0.306348,0.002724,0.000334,0.185452
233400,0.7779,0.306348,0.002724,0.000334,0.184513
233500,0.7779,0.306348,0.002724,0.000334,0.185218
233600,0.7779,0.306348,0.002724,0.000334,0.184983
233700,0.7779,0.306348,0.002724,0.000334,0.184748
233800,0.7779,0.306348,0.002724,0.000334,0.184983
233900,0.7779,0.306348,0.002724,0.000334,0.185922
234000,0.7779,0.306348,0.002724,0.000334,0.184278
234100,0.7779,0.306348,0.002724,0.000334,0.184278
234200,0.7779,0.306348,0.002724,0.000334,0.185687
234300,0.7779,0.306348,0.002724,0.000334,0.184278
234400,0.7779,0.306348,0.002724,0.000334,0.184748
234500,0.7779,0.306348,0.002724,0.000334,0.184748
234600,0.7779,0.306348,0.002724,0.000334,0.185218
234700,0.7779,0.306348,0.002724,0.000334,0.185218
234800,0.7779,0.306348,0.002724,0.000334,0.184748
234900,0.7779,0.306348,0.002724,0.000334,0.184983
235000,0.7779,0.306348,0.002724,0.000334,0.184278
235100,0.7779,0.306348,0.002724,0.000334,0.184278
235200,0.7779,0.306348,0.002724,0.000334,0.185218
235300,0.7779,0.306348,0.002724,0.000334,0.184513
235400,0.7779,0.306348,0.002724,0.000334,0.185922
235500,0.7779,0.306348,0.002724,0.000334,0.184044
235600,0.7779,0.306348,0.002724,0.000334,0.184983
235700,0.7779,0.306348,0.002724,0.000334,0.186356
235800,0.7779,0.306348,0.002724,0.000334,0.184278
235900,0.7779,0.306348,0.002724,0.000334,0.184513
236000,0.7779,0.306348,0.002724,0.000334,0.186626
236100,0.7779,0.306348,0.002724,0.000334,0.184748
236200,0.7779,0.306348,0.002724,0.000334,0.184983
236300,0.7779,0.306348,0.002724,0.000334,0.184748
236400,0.7779,0.306348,0.002724,0.000334,0.184513
236500,0.7779,0.306348,0.002724,0.000334,0.185218
236600,0.7779,0.306348,0.002724,0.000334,0.184513
236700,0.7779,0.306348,0.002724,0.000334,0.184044
236800,0.7779,0.306348,0.002724,0.000334,0.185218
236900,0.7779,0.306348,0.002724,0.000334,0.186356
237000,0.7779,0.306348,0.002724,0.000334,0.184748
237100,0.7779,0.306348,0.002724,0.000334,0.185886
237200,0.7779,0.306348,0.002724,0.000334,0.185922
237300,0.7779,0.306348,0.002724,0.000334,0.184748
237400,0.7779,0.306348,0.002724,0.000334,0.185452
237500,0.7779,0.306348,0.002724,0.000334,0.184278
237600,0.7779,0.306348,0.002724,0.000334,0.185452
237700,0.7779,0.306348,0.002724,0.000334,0.183809
237800,0.7779,0.306348,0.002724,0.000334,0.184278
237900,0.7779,0.306348,0.002724,0.000334,0.185218
238000,0.7779,0.306348,0.002724,0.000334,0.186356
238100,0.7779,0.306348,0.002724,0.000334,0.184278
238200,0.7779,0.306348,0.002724,0.000334,0.186391
238300,0.7779,0.306348,0.002724,0.000334,0.184513
238400,0.7779,0.306348,0.002724,0.000334,0.184983
238500,0.7779,0.306348,0.002724,0.000334,0.186391
238600,0.7779,0.306348,0.002724,0.000334,0.184748
238700,0.7779,0.306348,0.002724,0.000334,0.185687
238800,0.7779,0.306348,0.002724,0.000334,0.184983
238900,0.7779,0.306348,0.002724,0.000334,0.183809
239000,0.7779,0.306348,0.002724,0.000334,0.185687
239100,0.7779,0.306348,0.002724,0.000334,0.185452
239200,0.7779,0.306348,0.002724,0.000334,0.184748
239300,0.7779,0.306348,0.002724,0.000334,0.184278
239400,0.7779,0.306348,0.002724,0.000334,0.184044
239500,0.7779,0.306348,0.002724,0.000334,0.184278
239600,0.7779,0.306348,0.002724,0.000334,0.184513
239700,0.7779,0.306348,0.002724,0.000334,0.184748
239800,0.7779,0.306348,0.002724,0.000334,0.184044
239900,0.7779,0.306348,0.002724,0.000334,0.185218
240000,0.7779,0.306348,0.002724,0.000334,0.186157
240100,0.7779,0.306348,0.002724,0.000334,0.184748
240200,0.7779,0.306348,0.002724,0.000334,0.184748
240300,0.7779,0.306348,0.002724,0.000334,0.184748
240400,0.7779,0.306348,0.002724,0.000334,0.185922
240500,0.7779,0.306348,0.002724,0.000334,0.184044
240600,0.7779,0.306348,0.002724,0.000334,0.185452
240700,0.7779,0.306348,0.002724,0.000334,0.184748
240800,0.7779,0.306348,0.002724,0.000334,0.185218
240900,0.7779,0.306348,0.002724,0.000334,0.185218
241000,0.7779,0.306348,0.002724,0.000334,0.184983
241100,0.7779,0.306348,0.002724,0.000334,0.184748
241200,0.7779,0.306348,0.002724,0.000334,0.185218
241300,0.7779,0.306348,0.002724,0.000334,0.184983
241400,0.7779,0.306348,0.002724,0.000334,0.184513
241500,0.7779,0.306348,0.002724,0.000334,0.183809
241600,0.7779,0.306348,0.002724,0.000334,0.184983
241700,0.7779,0.306348,0.002724,0.000334,0.185922
241800,0.7779,0.306348,0.002724,0.000334,0.185687
241900,0.7779,0.306348,0.002724,0.000334,0.184983
242000,0.7779,0.306348,0.002724,0.000334,0.184513
242100,0.7779,0.306348,0.002724,0.000334,0.184983
242200,0.7779,0.306348,0.002724,0.000334,0.184983
242300,0.7779,0.306348,0.002724,0.000334,0.184983
242400,0.7779,0.306348,0.002724,0.000334,0.184044
242500,0.7779,0.306348,0.002724,0.000334,0.185218
242600,0.7779,0.306348,0.002724,0.000334,0.184983
242700,0.7779,0.306348,0.002724,0.000334,0.184513
242800,0.7779,0.306348,0.002724,0.000334,0.184513
242900,0.7779,0.306348,0.002724,0.000334,0.185452
243000,0.7779,0.306348,0.002724,0.000334,0.184044
243100,0.7779,0.306348,0.002724,0.000334,0.185218
243200,0.7779,0.306348,0.002724,0.000334,0.184278
243300,0.7779,0.306348,0.002724,0.000334,0.184044
243400,0.7779,0.306348,0.002724,0.000334,0.183809
243500,0.7779,0.306348,0.002724,0.000334,0.185218
243600,0.7779,0.306348,0.002724,0.000334,0.184513
243700,0.7779,0.306348,0.002724,0.000334,0.185922
243800,0.7779,0.306348,0.002724,0.000334,0.184748
243900,0.7779,0.306348,0.002724,0.000334,0.184513
244000,0.7779,0.306348,0.002724,0.000334,0.184513
244100,0.7779,0.306348,0.002724,0.000334,0.185218
244200,0.7779,0.306348,0.002724,0.000334,0.183809
244300,0.7779,0.306348,0.002724,0.000334,0.184513
244400,0.7779,0.306348,0.002724,0.000334,0.185687
244500,0.7779,0.306348,0.002724,0.000334,0.186391
244600,0.7779,0.306348,0.002724,0.000334,0.184748
244700,0.7779,0.306348,0.002724,0.000334,0.184513
244800,0.7779,0.306348,0.002724,0.000334,0.184513
244900,0.7779,0.306348,0.002724,0.000334,0.184513
245000,0.7779,0.306348,0.002724,0.000334,0.185452
245100,0.7779,0.306348,0.002724,0.000334,0.184513
245200,0.7779,0.306348,0.002724,0.000334,0.184748
245300,0.7779,0.306348,0.002724,0.000334,0.183809
245400,0.7779,0.306348,0.002724,0.000334,0.185922
245500,0.7779,0.306348,0.002724,0.000334,0.185687
245600,0.7779,0.306348,0.002724,0.000334,0.184044
245700,0.7779,0.306348,0.002724,0.000334,0.184748
245800,0.7779,0.306348,0.002724,0.000334,0.184748
245900,0.7779,0.306348,0.002724,0.000334,0.184748
246000,0.7779,0.306348,0.002724,0.000334,0.184748
246100,0.7779,0.306348,0.002724,0.000334,0.184278
246200,0.7779,0.306348,0.002724,0.000334,0.184983
246300,0.7779,0.306348,0.002724,0.000334,0.184748
246400,0.7779,0.306348,0.002724,0.000334,0.184044
246500,0.7779,0.306348,0.002724,0.000334,0.184748
246600,0.7779,0.306348,0.002724,0.000334,0.184513
246700,0.7779,0.306348,0.002724,0.000334,0.184513
246800,0.7779,0.306348,0.002724,0.000334,0.184748
246900,0.7779,0.306348,0.002724,0.000334,0.185687
247000,0.7779,0.306348,0.002724,0.000334,0.184748
247100,0.7779,0.306348,0.002724,0.000334,0.184513
247200,0.7779,0.306348,0.002724,0.000334,0.184513
247300,0.7779,0.306348,0.002724,0.000334,0.184983
247400,0.7779,0.306348,0.002724,0.000334,0.184278
247500,0.7779,0.306348,0.002724,0.000334,0.184278
247600,0.7779,0.306348,0.002724,0.000334,0.184748
247700,0.7779,0.306348,0.002724,0.000334,0.186356
247800,0.7779,0.306348,0.002724,0.000334,0.184513
247900,0.7779,0.306348,0.002724,0.000334,0.184748
248000,0.7779,0.306348,0.002724,0.000334,0.184513
248100,0.7779,0.306348,0.002724,0.000334,0.184044
248200,0.7779,0.306348,0.002724,0.000334,0.184748
248300,0.7779,0.306348,0.002724,0.000334,0.184513
248400,0.7779,0.306348,0.002724,0.000334,0.185922
248500,0.7779,0.306348,0.002724,0.000334,0.185218
248600,0.7779,0.306348,0.002724,0.000334,0.184513
248700,0.7779,0.306348,0.002724,0.000334,0.184513
248800,0.7779,0.306348,0.002724,0.000334,0.184748
248900,0.7779,0.306348,0.002724,0.000334,0.184278
249000,0.7779,0.306348,0.002724,0.000334,0.184513
249100,0.7779,0.306348,0.002724,0.000334,0.184983
249200,0.7779,0.306348,0.002724,0.000334,0.186157
249300,0.7779,0.306348,0.002724,0.000334,0.184044
249400,0.7779,0.306348,0.002724,0.000334,0.184983
249500,0.7779,0.306348,0.002724,0.000334,0.185218
249600,0.7779,0.306348,0.002724,0.000334,0.184513
249700,0.7779,0.306348,0.002724,0.000334,0.184513
249800,0.7779,0.306348,0.002724,0.000334,0.187096
249900,0.7779,0.306348,0.002724,0.000334,0.185218
250000,0.7779,0.306348,0.002724,0.000334,0.184748
250100,0.7779,0.306348,0.002724,0.000334,0.184513
250200,0.7779,0.306348,0.002724,0.000334,0.184513
250300,0.7779,0.306348,0.002724,0.000334,0.183809
250400,0.7779,0.306348,0.002724,0.000334,0.185452
250500,0.7779,0.306348,0.002724,0.000334,0.185687
250600,0.7779,0.306348,0.002724,0.000334,0.185922
250700,0.7779,0.306348,0.002724,0.000334,0.184278
250800,0.7779,0.306348,0.002724,0.000334,0.184748
250900,0.7779,0.306348,0.002724,0.000334,0.184278
251000,0.7779,0.306348,0.002724,0.000334,0.184278
251100,0.7779,0.306348,0.002724,0.000334,0.185687
251200,0.7779,0.306348,0.002724,0.000334,0.185218
251300,0.7779,0.306348,0.002724,0.000334,0.185687
251400,0.7779,0.306348,0.002724,0.000334,0.184513
251500,0.7779,0.306348,0.002724,0.000334,0.184748
251600,0.7779,0.306348,0.002724,0.000334,0.185452
251700,0.7779,0.306348,0.002724,0.000334,0.184748
251800,0.7779,0.306348,0.002724,0.000334,0.184044
251900,0.7779,0.306348,0.002724,0.000334,0.184513
252000,0.7779,0.306348,0.002724,0.000334,0.184513
252100,0.7779,0.306348,0.002724,0.000334,0.184983
252200,0.7779,0.306348,0.002724,0.000334,0.184748
252300,0.7779,0.306348,0.002724,0.000334,0.184044
252400,0.7779,0.306348,0.002724,0.000334,0.184983
252500,0.7779,0.306348,0.002724,0.000334,0.186626
252600,0.7779,0.306348,0.002724,0.000334,0.184513
252700,0.7779,0.306348,0.002724,0.000334,0.184044
252800,0.7779,0.306348,0.002724,0.000334,0.184748
252900,0.7779,0.306348,0.002724,0.000334,0.184278
253000,0.7779,0.306348,0.002724,0.000334,0.184513
253100,0.7779,0.306348,0.002724,0.000334,0.184983
253200,0.7779,0.306348,0.002724,0.000334,0.184278
253300,0.7779,0.306348,0.002724,0.000334,0.184278
253400,0.7779,0.306348,0.002724,0.000334,0.184278
253500,0.7779,0.306348,0.002724,0.000334,0.184748
253600,0.7779,0.306348,0.002724,0.000334,0.184278
253700,0.7779,0.306348,0.002724,0.000334,0.184278
253800,0.7779,0.306348,0.002724,0.000334,0.183809
253900,0.7779,0.306348,0.002724,0.000334,0.184983
254000,0.7779,0.306348,0.002724,0.000334,0.184983
254100,0.7779,0.306348,0.002724,0.000334,0.184748
254200,0.7779,0.306348,0.002724,0.000334,0.185687
254300,0.7779,0.306348,0.002724,0.000334,0.184278
254400,0.7779,0.306348,0.002724,0.000334,0.185452
254500,0.7779,0.306348,0.002724,0.000334,0.185687
254600,0.7779,0.306348,0.002724,0.000334,0.184513
254700,0.7779,0.306348,0.002724,0.000334,0.183809
254800,0.7779,0.306348,0.002724,0.000334,0.185452
254900,0.7779,0.306348,0.002724,0.000334,0.186591
255000,0.7779,0.306348,0.002724,0.000334,0.184278
255100,0.7779,0.306348,0.002724,0.000334,0.184513
255200,0.7779,0.306348,0.002724,0.000334,0.185452
255300,0.7779,0.306348,0.002724,0.000334,0.185417
255400,0.7779,0.306348,0.002724,0.000334,0.184278
255500,0.7779,0.306348,0.002724,0.000334,0.184748
255600,0.7779,0.306348,0.002724,0.000334,0.183809
255700,0.7779,0.306348,0.002724,0.000334,0.186121
255800,0.7779,0.306348,0.002724,0.000334,0.184278
255900,0.7779,0.306348,0.002724,0.000334,0.184513
256000,0.7779,0.306348,0.002724,0.000334,0.186121
256100,0.7779,0.306348,0.002724,0.000334,0.185452
256200,0.7779,0.306348,0.002724,0.000334,0.184513
256300,0.7779,0.306348,0.002724,0.000334,0.186121
256400,0.7779,0.306348,0.002724,0.000334,0.183809
256500,0.7779,0.306348,0.002724,0.000334,0.184044
256600,0.7779,0.306348,0.002724,0.000334,0.185452
256700,0.7779,0.306348,0.002724,0.000334,0.184513
256800,0.7779,0.306348,0.002724,0.000334,0.184983
256900,0.7779,0.306348,0.002724,0.000334,0.185218
257000,0.7779,0.306348,0.002724,0.000334,0.185218
257100,0.7779,0.306348,0.002724,0.000334,0.184513
257200,0.7779,0.306348,0.002724,0.000334,0.184983
257300,0.7779,0.306348,0.002724,0.000334,0.185218
257400,0.7779,0.306348,0.002724,0.000334,0.184983
257500,0.7779,0.306348,0.002724,0.000334,0.184044
257600,0.7779,0.306348,0.002724,0.000334,0.184748
257700,0.7779,0.306348,0.002724,0.000334,0.185452
257800,0.7779,0.306348,0.002724,0.000334,0.184044
257900,0.7779,0.306348,0.002724,0.000334,0.184044
258000,0.7779,0.306348,0.002724,0.000334,0.185218
258100,0.7779,0.306348,0.002724,0.000334,0.184044
258200,0.7779,0.306348,0.002724,0.000334,0.185218
258300,0.7779,0.306348,0.002724,0.000334,0.184748
258400,0.7779,0.306348,0.002724,0.000334,0.184513
258500,0.7779,0.306348,0.002724,0.000334,0.183809
258600,0.7779,0.306348,0.002724,0.000334,0.185218
258700,0.7779,0.306348,0.002724,0.000334,0.184748
258800,0.7779,0.306348,0.002724,0.000334,0.184278
258900,0.7779,0.306348,0.002724,0.000334,0.184278
259000,0.7779,0.306348,0.002724,0.000334,0.184513
259100,0.7779,0.306348,0.002724,0.000334,0.185218
259200,0.7779,0.306348,0.002724,0.000334,0.184983
259300,0.7779,0.306348,0.002724,0.000334,0.184278
259400,0.7779,0.306348,0.002724,0.000334,0.185218
259500,0.7779,0.306348,0.002724,0.000334,0.184044
259600,0.7779,0.306348,0.002724,0.000334,0.184513
259700,0.7779,0.306348,0.002724,0.000334,0.184513
259800,0.7779,0.306348,0.002724,0.000334,0.184513
259900,0.7779,0.306348,0.002724,0.000334,0.184278
260000,0.7779,0.306348,0.002724,0.000334,0.185452
260100,0.7779,0.306348,0.002724,0.000334,0.184748
260200,0.7779,0.306348,0.002724,0.000334,0.184513
260300,0.7779,0.306348,0.002724,0.000334,0.184278
260400,0.7779,0.306348,0.002724,0.000334,0.183809
260500,0.7779,0.306348,0.002724,0.000334,0.185922
260600,0.7779,0.306348,0.002724,0.000334,0.184983
260700,0.7779,0.306348,0.002724,0.000334,0.184983
260800,0.7779,0.306348,0.002724,0.000334,0.185218
260900,0.7779,0.306348,0.002724,0.000334,0.185922
261000,0.7779,0.306348,0.002724,0.000334,0.184983
261100,0.7779,0.306348,0.002724,0.000334,0.184748
261200,0.7779,0.306348,0.002724,0.000334,0.184278
261300,0.7779,0.306348,0.002724,0.000334,0.184513
261400,0.7779,0.306348,0.002724,0.000334,0.185218
261500,0.7779,0.306348,0.002724,0.000334,0.185922
261600,0.7779,0.306348,0.002724,0.000334,0.184983
261700,0.7779,0.306348,0.002724,0.000334,0.184983
261800,0.7779,0.306348,0.002724,0.000334,0.184513
261900,0.7779,0.306348,0.002724,0.000334,0.184748
262000,0.7779,0.306348,0.002724,0.000334,0.184278
262100,0.7779,0.306348,0.002724,0.000334,0.184748
262200,0.7779,0.306348,0.002724,0.000334,0.184513
262300,0.7779,0.306348,0.002724,0.000334,0.184983
262400,0.7779,0.306348,0.002724,0.000334,0.184513
262500,0.7779,0.306348,0.002724,0.000334,0.184513
262600,0.7779,0.306348,0.002724,0.000334,0.184044
262700,0.7779,0.306348,0.002724,0.000334,0.184278
262800,0.7779,0.306348,0.002724,0.000334,0.184278
262900,0.7779,0.306348,0.002724,0.000334,0.184044
263000,0.7779,0.306348,0.002724,0.000334,0.185417
263100,0.7779,0.306348,0.002724,0.000334,0.185218
263200,0.7779,0.306348,0.002724,0.000334,0.185452
263300,0.7779,0.306348,0.002724,0.000334,0.184044
263400,0.7779,0.306348,0.002724,0.000334,0.184748
263500,0.7779,0.306348,0.002724,0.000334,0.184748
263600,0.7779,0.306348,0.002724,0.000334,0.184044
263700,0.7779,0.306348,0.002724,0.000334,0.184513
263800,0.7779,0.306348,0.002724,0.000334,0.184983
263900,0.7779,0.306348,0.002724,0.000334,0.184748
264000,0.7779,0.306348,0.002724,0.000334,0.184513
264100,0.7779,0.306348,0.002724,0.000334,0.184983
264200,0.7779,0.306348,0.002724,0.000334,0.184983
264300,0.7779,0.306348,0.002724,0.000334,0.184748
264400,0.7779,0.306348,0.002724,0.000334,0.184513
264500,0.7779,0.306348,0.002724,0.000334,0.184748
264600,0.7779,0.306348,0.002724,0.000334,0.185452
264700,0.7779,0.306348,0.002724,0.000334,0.184513
264800,0.7779,0.306348,0.002724,0.000334,0.184513
264900,0.7779,0.306348,0.002724,0.000334,0.184278
265000,0.7779,0.306348,0.002724,0.000334,0.184513
265100,0.7779,0.306348,0.002724,0.000334,0.184044
265200,0.7779,0.306348,0.002724,0.000334,0.185218
265300,0.7779,0.306348,0.002724,0.000334,0.184044
265400,0.7779,0.306348,0.002724,0.000334,0.184278
265500,0.7779,0.306348,0.002724,0.000334,0.184983
265600,0.7779,0.306348,0.002724,0.000334,0.184513
265700,0.7779,0.306348,0.002724,0.000334,0.184983
265800,0.7779,0.306348,0.002724,0.000334,0.184513
265900,0.7779,0.306348,0.002724,0.000334,0.184983
266000,0.7779,0.306348,0.002724,0.000334,0.185886
266100,0.7779,0.306348,0.002724,0.000334,0.184278
266200,0.7779,0.306348,0.002724,0.000334,0.185452
266300,0.7779,0.306348,0.002724,0.000334,0.184513
266400,0.7779,0.306348,0.002724,0.000334,0.184748
266500,0.7779,0.306348,0.002724,0.000334,0.185218
266600,0.7779,0.306348,0.002724,0.000334,0.184983
266700,0.7779,0.306348,0.002724,0.000334,0.184748
266800,0.7779,0.306348,0.002724,0.000334,0.184278
266900,0.7779,0.306348,0.002724,0.000334,0.184513
267000,0.7779,0.306348,0.002724,0.000334,0.184278
267100,0.7779,0.306348,0.002724,0.000334,0.185452
267200,0.7779,0.306348,0.002724,0.000334,0.184748
267300,0.7779,0.306348,0.002724,0.000334,0.184278
267400,0.7779,0.306348,0.002724,0.000334,0.183809
267500,0.7779,0.306348,0.002724,0.000334,0.185218
267600,0.7779,0.306348,0.002724,0.000334,0.184748
267700,0.7779,0.306348,0.002724,0.000334,0.184278
267800,0.7779,0.306348,0.002724,0.000334,0.184983
267900,0.7779,0.306348,0.002724,0.000334,0.184044
268000,0.7779,0.306348,0.002724,0.000334,0.184513
268100,0.7779,0.306348,0.002724,0.000334,0.185182
268200,0.7779,0.306348,0.002724,0.000334,0.184044
268300,0.7779,0.306348,0.002724,0.000334,0.184513
268400,0.7779,0.306348,0.002724,0.000334,0.184044
268500,0.7779,0.306348,0.002724,0.000334,0.184278
268600,0.7779,0.306348,0.002724,0.000334,0.184278
268700,0.7779,0.306348,0.002724,0.000334,0.185452
268800,0.7779,0.306348,0.002724,0.000334,0.184044
268900,0.7779,0.306348,0.002724,0.000334,0.184983
269000,0.7779,0.306348,0.002724,0.000334,0.184044
269100,0.7779,0.306348,0.002724,0.000334,0.185452
269200,0.7779,0.306348,0.002724,0.000334,0.184513
269300,0.7779,0.306348,0.002724,0.000334,0.184983
269400,0.7779,0.306348,0.002724,0.000334,0.184983
269500,0.7779,0.306348,0.002724,0.000334,0.185218
269600,0.7779,0.306348,0.002724,0.000334,0.184044
269700,0.7779,0.306348,0.002724,0.000334,0.184983
269800,0.7779,0.306348,0.002724,0.000334,0.185218
269900,0.7779,0.306348,0.002724,0.000334,0.184513
270000,0.7779,0.306348,0.002724,0.000334,0.184044
270100,0.7779,0.306348,0.002724,0.000334,0.184983
270200,0.7779,0.306348,0.002724,0.000334,0.184983
270300,0.7779,0.306348,0.002724,0.000334,0.184513
270400,0.7779,0.306348,0.002724,0.000334,0.184748
270500,0.7779,0.306348,0.002724,0.000334,0.184983
270600,0.7779,0.306348,0.002724,0.000334,0.184983
270700,0.7779,0.306348,0.002724,0.000334,0.184748
270800,0.7779,0.306348,0.002724,0.000334,0.184748
270900,0.7779,0.306348,0.002724,0.000334,0.184748
271000,0.7779,0.306348,0.002724,0.000334,0.184513
271100,0.7779,0.306348,0.002724,0.000334,0.184748
271200,0.7779,0.306348,0.002724,0.000334,0.184983
271300,0.7779,0.306348,0.002724,0.000334,0.183809
271400,0.7779,0.306348,0.002724,0.000334,0.184748
271500,0.7779,0.306348,0.002724,0.000334,0.184748
271600,0.7779,0.306348,0.002724,0.000334,0.185922
271700,0.7779,0.306348,0.002724,0.000334,0.184513
271800,0.7779,0.306348,0.002724,0.000334,0.185218
271900,0.7779,0.306348,0.002724,0.000334,0.184278
272000,0.7779,0.306348,0.002724,0.000334,0.184513
272100,0.7779,0.306348,0.002724,0.000334,0.184513
272200,0.7779,0.306348,0.002724,0.000334,0.185218
272300,0.7779,0.306348,0.002724,0.000334,0.184513
272400,0.7779,0.306348,0.002724,0.000334,0.184044
272500,0.7779,0.306348,0.002724,0.000334,0.184748
272600,0.7779,0.306348,0.002724,0.000334,0.184278
272700,0.7779,0.306348,0.002724,0.000334,0.184748
272800,0.7779,0.306348,0.002724,0.000334,0.184983
272900,0.7779,0.306348,0.002724,0.000334,0.184513
273000,0.7779,0.306348,0.002724,0.000334,0.184044
273100,0.7779,0.306348,0.002724,0.000334,0.184513
273200,0.7779,0.306348,0.002724,0.000334,0.184278
273300,0.7779,0.306348,0.002724,0.000334,0.184983
273400,0.7779,0.306348,0.002724,0.000334,0.184513
273500,0.7779,0.306348,0.002724,0.000334,0.185452
273600,0.7779,0.306348,0.002724,0.000334,0.184044
273700,0.7779,0.306348,0.002724,0.000334,0.184748
273800,0.7779,0.306348,0.002724,0.000334,0.184278
273900,0.7779,0.306348,0.002724,0.000334,0.184044
274000,0.7779,0.306348,0.002724,0.000334,0.185218
274100,0.7779,0.306348,0.002724,0.000334,0.184513
274200,0.7779,0.306348,0.002724,0.000334,0.184278
274300,0.7779,0.306348,0.002724,0.000334,0.184513
274400,0.7779,0.306348,0.002724,0.000334,0.184748
274500,0.7779,0.306348,0.002724,0.000334,0.184748
274600,0.7779,0.306348,0.002724,0.000334,0.184748
274700,0.7779,0.306348,0.002724,0.000334,0.184983
274800,0.7779,0.306348,0.002724,0.000334,0.184044
274900,0.7779,0.306348,0.002724,0.000334,0.184278
275000,0.7779,0.306348,0.002724,0.000334,0.185452
275100,0.7779,0.306348,0.002724,0.000334,0.184513
275200,0.7779,0.306348,0.002724,0.000334,0.184044
275300,0.7779,0.306348,0.002724,0.000334,0.184278
275400,0.7779,0.306348,0.002724,0.000334,0.184278
275500,0.7779,0.306348,0.002724,0.000334,0.184278
275600,0.7779,0.306348,0.002724,0.000334,0.184278
275700,0.7779,0.306348,0.002724,0.000334,0.183809
275800,0.7779,0.306348,0.002724,0.000334,0.184044
275900,0.7779,0.306348,0.002724,0.000334,0.185687
276000,0.7779,0.306348,0.002724,0.000334,0.184983
276100,0.7779,0.306348,0.002724,0.000334,0.184044
276200,0.7779,0.306348,0.002724,0.000334,0.184513
276300,0.7779,0.306348,0.002724,0.000334,0.184278
276400,0.7779,0.306348,0.002724,0.000334,0.186356
276500,0.7779,0.306348,0.002724,0.000334,0.184278
276600,0.7779,0.306348,0.002724,0.000334,0.184513
276700,0.7779,0.306348,0.002724,0.000334,0.184278
276800,0.7779,0.306348,0.002724,0.000334,0.184044
276900,0.7779,0.306348,0.002724,0.000334,0.184748
277000,0.7779,0.306348,0.002724,0.000334,0.183809
277100,0.7779,0.306348,0.002724,0.000334,0.184983
277200,0.7779,0.306348,0.002724,0.000334,0.184278
277300,0.7779,0.306348,0.002724,0.000334,0.183809
277400,0.7779,0.306348,0.002724,0.000334,0.184044
277500,0.7779,0.306348,0.002724,0.000334,0.184278
277600,0.7779,0.306348,0.002724,0.000334,0.184278
277700,0.7779,0.306348,0.002724,0.000334,0.184983
277800,0.7779,0.306348,0.002724,0.000334,0.185218
277900,0.7779,0.306348,0.002724,0.000334,0.184513
278000,0.7779,0.306348,0.002724,0.000334,0.185218
278100,0.7779,0.306348,0.002724,0.000334,0.184044
278200,0.7779,0.306348,0.002724,0.000334,0.184044
278300,0.7779,0.306348,0.002724,0.000334,0.184513
278400,0.7779,0.306348,0.002724,0.000334,0.184983
278500,0.7779,0.306348,0.002724,0.000334,0.184983
278600,0.7779,0.306348,0.002724,0.000334,0.184278
278700,0.7779,0.306348,0.002724,0.000334,0.184278
278800,0.7779,0.306348,0.002724,0.000334,0.184044
278900,0.7779,0.306348,0.002724,0.000334,0.184983
279000,0.7779,0.306348,0.002724,0.000334,0.184513
279100,0.7779,0.306348,0.002724,0.000334,0.184513
279200,0.7779,0.306348,0.002724,0.000334,0.184278
279300,0.7779,0.306348,0.002724,0.000334,0.186157
279400,0.7779,0.306348,0.002724,0.000334,0.185218
279500,0.7779,0.306348,0.002724,0.000334,0.184748
279600,0.7779,0.306348,0.002724,0.000334,0.184278
279700,0.7779,0.306348,0.002724,0.000334,0.183809
279800,0.7779,0.306348,0.002724,0.000334,0.184044
279900,0.7779,0.306348,0.002724,0.000334,0.184044
280000,0.7779,0.306348,0.002724,0.000334,0.184513
280100,0.7779,0.306348,0.002724,0.000334,0.184748
280200,0.7779,0.306348,0.002724,0.000334,0.184513
280300,0.7779,0.306348,0.002724,0.000334,0.184278
280400,0.7779,0.306348,0.002724,0.000334,0.185922
280500,0.7779,0.306348,0.002724,0.000334,0.184044
280600,0.7779,0.306348,0.002724,0.000334,0.184513
280700,0.7779,0.306348,0.002724,0.000334,0.185687
280800,0.7779,0.306348,0.002724,0.000334,0.184983
280900,0.7779,0.306348,0.002724,0.000334,0.184983
281000,0.7779,0.306348,0.002724,0.000334,0.184748
281100,0.7779,0.306348,0.002724,0.000334,0.184983
281200,0.7779,0.306348,0.002724,0.000334,0.184513
281300,0.7779,0.306348,0.002724,0.000334,0.184513
281400,0.7779,0.306348,0.002724,0.000334,0.185417
281500,0.7779,0.306348,0.002724,0.000334,0.184748
281600,0.7779,0.306348,0.002724,0.000334,0.185218
281700,0.7779,0.306348,0.002724,0.000334,0.184748
281800,0.7779,0.306348,0.002724,0.000334,0.184513
281900,0.7779,0.306348,0.002724,0.000334,0.186121
282000,0.7779,0.306348,0.002724,0.000334,0.184278
282100,0.7779,0.306348,0.002724,0.000334,0.184278
282200,0.7779,0.306348,0.002724,0.000334,0.184278
282300,0.7779,0.306348,0.002724,0.000334,0.184278
282400,0.7779,0.306348,0.002724,0.000334,0.184278
282500,0.7779,0.306348,0.002724,0.000334,0.184983
282600,0.7779,0.306348,0.002724,0.000334,0.184748
282700,0.7779,0.306348,0.002724,0.000334,0.184044
282800,0.7779,0.306348,0.002724,0.000334,0.184044
282900,0.7779,0.306348,0.002724,0.000334,0.184278
283000,0.7779,0.306348,0.002724,0.000334,0.184044
283100,0.7779,0.306348,0.002724,0.000334,0.184513
283200,0.7779,0.306348,0.002724,0.000334,0.184278
283300,0.7779,0.306348,0.002724,0.000334,0.184513
283400,0.7779,0.306348,0.002724,0.000334,0.184748
283500,0.7779,0.306348,0.002724,0.000334,0.184513
283600,0.7779,0.306348,0.002724,0.000334,0.184748
283700,0.7779,0.306348,0.002724,0.000334,0.184278
283800,0.7779,0.306348,0.002724,0.000334,0.184513
283900,0.7779,0.306348,0.002724,0.000334,0.184278
284000,0.7779,0.306348,0.002724,0.000334,0.184278
284100,0.7779,0.306348,0.002724,0.000334,0.183809
284200,0.7779,0.306348,0.002724,0.000334,0.184278
284300,0.7779,0.306348,0.002724,0.000334,0.185218
284400,0.7779,0.306348,0.002724,0.000334,0.184044
284500,0.7779,0.306348,0.002724,0.000334,0.184044
284600,0.7779,0.306348,0.002724,0.000334,0.184748
284700,0.7779,0.306348,0.002724,0.000334,0.184278
284800,0.7779,0.306348,0.002724,0.000334,0.184513
284900,0.7779,0.306348,0.002724,0.000334,0.185218
285000,0.7779,0.306348,0.002724,0.000334,0.185218
285100,0.7779,0.306348,0.002724,0.000334,0.184044
285200,0.7779,0.306348,0.002724,0.000334,0.184278
285300,0.7779,0.306348,0.002724,0.000334,0.183809
285400,0.7779,0.306348,0.002724,0.000334,0.184044
285500,0.7779,0.306348,0.002724,0.000334,0.184278
285600,0.7779,0.306348,0.002724,0.000334,0.184278
285700,0.7779,0.306348,0.002724,0.000334,0.184513
285800,0.7779,0.306348,0.002724,0.000334,0.185452
285900,0.7779,0.306348,0.002724,0.000334,0.184513
286000,0.7779,0.306348,0.002724,0.000334,0.184748
286100,0.7779,0.306348,0.002724,0.000334,0.185218
286200,0.7779,0.306348,0.002724,0.000334,0.184748
286300,0.7779,0.306348,0.002724,0.000334,0.184513
286400,0.7779,0.306348,0.002724,0.000334,0.184983
286500,0.7779,0.306348,0.002724,0.000334,0.184278
286600,0.7779,0.306348,0.002724,0.000334,0.184748
286700,0.7779,0.306348,0.002724,0.000334,0.184513
286800,0.7779,0.306348,0.002724,0.000334,0.184513
286900,0.7779,0.306348,0.002724,0.000334,0.184278
287000,0.7779,0.306348,0.002724,0.000334,0.184748
287100,0.7779,0.306348,0.002724,0.000334,0.184513
287200,0.7779,0.306348,0.002724,0.000334,0.184278
287300,0.7779,0.306348,0.002724,0.000334,0.184044
287400,0.7779,0.306348,0.002724,0.000334,0.184983
287500,0.7779,0.306348,0.002724,0.000334,0.184983
287600,0.7779,0.306348,0.002724,0.000334,0.184278
287700,0.7779,0.306348,0.002724,0.000334,0.184278
287800,0.7779,0.306348,0.002724,0.000334,0.185218
287900,0.7779,0.306348,0.002724,0.000334,0.183809
288000,0.7779,0.306348,0.002724,0.000334,0.183809
288100,0.7779,0.306348,0.002724,0.000334,0.185218
288200,0.7779,0.306348,0.002724,0.000334,0.184278
288300,0.7779,0.306348,0.002724,0.000334,0.184044
288400,0.7779,0.306348,0.002724,0.000334,0.184278
288500,0.7779,0.306348,0.002724,0.000334,0.185218
288600,0.7779,0.306348,0.002724,0.000334,0.184278
288700,0.7779,0.306348,0.002724,0.000334,0.184278
288800,0.7779,0.306348,0.002724,0.000334,0.184983
288900,0.7779,0.306348,0.002724,0.000334,0.185218
289000,0.7779,0.306348,0.002724,0.000334,0.184278
289100,0.7779,0.306348,0.002724,0.000334,0.185218
289200,0.7779,0.306348,0.002724,0.000334,0.184983
289300,0.7779,0.306348,0.002724,0.000334,0.184983
289400,0.7779,0.306348,0.002724,0.000334,0.184044
289500,0.7779,0.306348,0.002724,0.000334,0.184278
289600,0.7779,0.306348,0.002724,0.000334,0.184278
289700,0.7779,0.306348,0.002724,0.000334,0.184278
289800,0.7779,0.306348,0.002724,0.000334,0.184278
289900,0.7779,0.306348,0.002724,0.000334,0.184513
290000,0.7779,0.306348,0.002724,0.000334,0.184748
290100,0.7779,0.306348,0.002724,0.000334,0.184044
290200,0.7779,0.306348,0.002724,0.000334,0.184044
290300,0.7779,0.306348,0.002724,0.000334,0.184278
290400,0.7779,0.306348,0.002724,0.000334,0.184278
290500,0.7779,0.306348,0.002724,0.000334,0.184513
290600,0.7779,0.306348,0.002724,0.000334,0.184278
290700,0.7779,0.306348,0.002724,0.000334,0.184748
290800,0.7779,0.306348,0.002724,0.000334,0.184278
290900,0.7779,0.306348,0.002724,0.000334,0.185922
291000,0.7779,0.306348,0.002724,0.000334,0.184278
291100,0.7779,0.306348,0.002724,0.000334,0.184513
291200,0.7779,0.306348,0.002724,0.000334,0.184513
291300,0.7779,0.306348,0.002724,0.000334,0.184748
291400,0.7779,0.306348,0.002724,0.000334,0.184278
291500,0.7779,0.306348,0.002724,0.000334,0.184513
291600,0.7779,0.306348,0.002724,0.000334,0.184278
291700,0.7779,0.306348,0.002724,0.000334,0.184044
291800,0.7779,0.306348,0.002724,0.000334,0.186356
291900,0.7779,0.306348,0.002724,0.000334,0.184044
292000,0.7779,0.306348,0.002724,0.000334,0.184278
292100,0.7779,0.306348,0.002724,0.000334,0.184513
292200,0.7779,0.306348,0.002724,0.000334,0.184278
292300,0.7779,0.306348,0.002724,0.000334,0.184044
292400,0.7779,0.306348,0.002724,0.000334,0.184513
292500,0.7779,0.306348,0.002724,0.000334,0.184044
292600,0.7779,0.306348,0.002724,0.000334,0.184748
292700,0.7779,0.306348,0.002724,0.000334,0.184278
292800,0.7779,0.306348,0.002724,0.000334,0.183809
292900,0.7779,0.306348,0.002724,0.000334,0.184748
293000,0.7779,0.306348,0.002724,0.000334,0.184278
293100,0.7779,0.306348,0.002724,0.000334,0.184513
293200,0.7779,0.306348,0.002724,0.000334,0.186121
293300,0.7779,0.306348,0.002724,0.000334,0.184278
293400,0.7779,0.306348,0.002724,0.000334,0.183809
293500,0.7779,0.306348,0.002724,0.000334,0.184748
293600,0.7779,0.306348,0.002724,0.000334,0.184044
293700,0.7779,0.306348,0.002724,0.000334,0.184278
293800,0.7779,0.306348,0.002724,0.000334,0.184278
293900,0.7779,0.306348,0.002724,0.000334,0.184513
294000,0.7779,0.306348,0.002724,0.000334,0.184983
294100,0.7779,0.306348,0.002724,0.000334,0.184983
294200,0.7779,0.306348,0.002724,0.000334,0.184513
294300,0.7779,0.306348,0.002724,0.000334,0.184044
294400,0.7779,0.306348,0.002724,0.000334,0.184278
294500,0.7779,0.306348,0.002724,0.000334,0.185218
294600,0.7779,0.306348,0.002724,0.000334,0.184513
294700,0.7779,0.306348,0.002724,0.000334,0.184513
294800,0.7779,0.306348,0.002724,0.000334,0.185452
294900,0.7779,0.306348,0.002724,0.000334,0.184044
295000,0.7779,0.306348,0.002724,0.000334,0.184278
295100,0.7779,0.306348,0.002724,0.000334,0.184748
295200,0.7779,0.306348,0.002724,0.000334,0.184044
295300,0.7779,0.306348,0.002724,0.000334,0.184044
295400,0.7779,0.306348,0.002724,0.000334,0.184748
295500,0.7779,0.306348,0.002724,0.000334,0.184278
295600,0.7779,0.306348,0.002724,0.000334,0.184278
295700,0.7779,0.306348,0.002724,0.000334,0.185886
295800,0.7779,0.306348,0.002724,0.000334,0.184044
295900,0.7779,0.306348,0.002724,0.000334,0.184278
296000,0.7779,0.306348,0.002724,0.000334,0.184748
296100,0.7779,0.306348,0.002724,0.000334,0.184278
296200,0.7779,0.306348,0.002724,0.000334,0.185886
296300,0.7779,0.306348,0.002724,0.000334,0.184513
296400,0.7779,0.306348,0.002724,0.000334,0.184044
296500,0.7779,0.306348,0.002724,0.000334,0.184748
296600,0.7779,0.306348,0.002724,0.000334,0.184278
296700,0.7779,0.306348,0.002724,0.000334,0.184278
296800,0.7779,0.306348,0.002724,0.000334,0.184513
296900,0.7779,0.306348,0.002724,0.000334,0.184513
297000,0.7779,0.306348,0.002724,0.000334,0.184513
297100,0.7779,0.306348,0.002724,0.000334,0.184278
297200,0.7779,0.306348,0.002724,0.000334,0.184748
297300,0.7779,0.306348,0.002724,0.000334,0.184513
297400,0.7779,0.306348,0.002724,0.000334,0.184044
297500,0.7779,0.306348,0.002724,0.000334,0.184983
297600,0.7779,0.306348,0.002724,0.000334,0.183809
297700,0.7779,0.306348,0.002724,0.000334,0.184513
297800,0.7779,0.306348,0.002724,0.000334,0.184044
297900,0.7779,0.306348,0.002724,0.000334,0.184044
298000,0.7779,0.306348,0.002724,0.000334,0.184983
298100,0.7779,0.306348,0.002724,0.000334,0.184513
298200,0.7779,0.306348,0.002724,0.000334,0.184044
298300,0.7779,0.306348,0.002724,0.000334,0.184513
298400,0.7779,0.306348,0.002724,0.000334,0.184044
298500,0.7779,0.306348,0.002724,0.000334,0.184983
298600,0.7779,0.306348,0.002724,0.000334,0.184044
298700,0.7779,0.306348,0.002724,0.000334,0.184044
298800,0.7779,0.306348,0.002724,0.000334,0.184044
298900,0.7779,0.306348,0.002724,0.000334,0.185687
299000,0.7779,0.306348,0.002724,0.000334,0.184044
299100,0.7779,0.306348,0.002724,0.000334,0.184513
299200,0.7779,0.306348,0.002724,0.000334,0.183809
299300,0.7779,0.306348,0.002724,0.000334,0.184513
299400,0.7779,0.306348,0.002724,0.000334,0.184513
299500,0.7779,0.306348,0.002724,0.000334,0.184748
299600,0.7779,0.306348,0.002724,0.000334,0.185218
299700,0.7779,0.306348,0.002724,0.000334,0.184513
299800,0.7779,0.306348,0.002724,0.000334,0.184748
299900,0.7779,0.306348,0.002724,0.000334,0.184748
300000,0.7779,0.306348,0.002724,0.000334,0.184983
300100,0.7779,0.306348,0.002724,0.000334,0.184513
300200,0.7779,0.306348,0.002724,0.000334,0.184513
300300,0.7779,0.306348,0.002724,0.000334,0.184044
300400,0.7779,0.306348,0.002724,0.000334,0.184278
300500,0.7779,0.306348,0.002724,0.000334,0.183809
300600,0.7779,0.306348,0.002724,0.000334,0.183809
300700,0.7779,0.306348,0.002724,0.000334,0.184748
300800,0.7779,0.306348,0.002724,0.000334,0.185417
300900,0.7779,0.306348,0.002724,0.000334,0.184513
301000,0.7779,0.306348,0.002724,0.000334,0.184513
301100,0.7779,0.306348,0.002724,0.000334,0.184513
301200,0.7779,0.306348,0.002724,0.000334,0.184513
301300,0.7779,0.306348,0.002724,0.000334,0.184044
301400,0.7779,0.306348,0.002724,0.000334,0.184513
301500,0.7779,0.306348,0.002724,0.000334,0.184044
301600,0.7779,0.306348,0.002724,0.000334,0.184513
301700,0.7779,0.306348,0.002724,0.000334,0.183809
301800,0.7779,0.306348,0.002724,0.000334,0.184044
301900,0.7779,0.306348,0.002724,0.000334,0.184278
302000,0.7779,0.306348,0.002724,0.000334,0.184748
302100,0.7779,0.306348,0.002724,0.000334,0.185218
302200,0.7779,0.306348,0.002724,0.000334,0.184748
302300,0.7779,0.306348,0.002724,0.000334,0.184513
302400,0.7779,0.306348,0.002724,0.000334,0.184278
302500,0.7779,0.306348,0.002724,0.000334,0.184513
302600,0.7779,0.306348,0.002724,0.000334,0.184513
302700,0.7779,0.306348,0.002724,0.000334,0.184513
302800,0.7779,0.306348,0.002724,0.000334,0.184513
302900,0.7779,0.306348,0.002724,0.000334,0.184983
303000,0.7779,0.306348,0.002724,0.000334,0.184513
303100,0.7779,0.306348,0.002724,0.000334,0.184278
303200,0.7779,0.306348,0.002724,0.000334,0.184748
303300,0.7779,0.306348,0.002724,0.000334,0.183809
303400,0.7779,0.306348,0.002724,0.000334,0.184278
303500,0.7779,0.306348,0.002724,0.000334,0.184278
303600,0.7779,0.306348,0.002724,0.000334,0.183809
303700,0.7779,0.306348,0.002724,0.000334,0.183809
303800,0.7779,0.306348,0.002724,0.000334,0.184513
303900,0.7779,0.306348,0.002724,0.000334,0.184044
304000,0.7779,0.306348,0.002724,0.000334,0.185218
304100,0.7779,0.306348,0.002724,0.000334,0.184278
304200,0.7779,0.306348,0.002724,0.000334,0.184044
304300,0.7779,0.306348,0.002724,0.000334,0.184044
304400,0.7779,0.306348,0.002724,0.000334,0.185218
304500,0.7779,0.306348,0.002724,0.000334,0.184278
304600,0.7779,0.306348,0.002724,0.000334,0.184278
304700,0.7779,0.306348,0.002724,0.000334,0.185218
304800,0.7779,0.306348,0.002724,0.000334,0.184278
304900,0.7779,0.306348,0.002724,0.000334,0.184044
305000,0.7779,0.306348,0.002724,0.000334,0.184983
305100,0.7779,0.306348,0.002724,0.000334,0.184278
305200,0.7779,0.306348,0.002724,0.000334,0.184278
305300,0.7779,0.306348,0.002724,0.000334,0.184748
305400,0.7779,0.306348,0.002724,0.000334,0.184513
305500,0.7779,0.306348,0.002724,0.000334,0.184513
305600,0.7779,0.306348,0.002724,0.000334,0.184513
305700,0.7779,0.306348,0.002724,0.000334,0.184513
305800,0.7779,0.306348,0.002724,0.000334,0.184748
305900,0.7779,0.306348,0.002724,0.000334,0.184278
306000,0.7779,0.306348,0.002724,0.000334,0.184044
306100,0.7779,0.306348,0.002724,0.000334,0.184044
306200,0.7779,0.306348,0.002724,0.000334,0.184044
306300,0.7779,0.306348,0.002724,0.000334,0.184513
306400,0.7779,0.306348,0.002724,0.000334,0.184983
306500,0.7779,0.306348,0.002724,0.000334,0.184748
306600,0.7779,0.306348,0.002724,0.000334,0.184278
306700,0.7779,0.306348,0.002724,0.000334,0.184044
306800,0.7779,0.306348,0.002724,0.000334,0.183809
306900,0.7779,0.306348,0.002724,0.000334,0.184748
307000,0.7779,0.306348,0.002724,0.000334,0.184513
307100,0.7779,0.306348,0.002724,0.000334,0.184278
307200,0.7779,0.306348,0.002724,0.000334,0.184278
307300,0.7779,0.306348,0.002724,0.000334,0.184983
307400,0.7779,0.306348,0.002724,0.000334,0.184513
307500,0.7779,0.306348,0.002724,0.000334,0.183809
307600,0.7779,0.306348,0.002724,0.000334,0.183809
307700,0.7779,0.306348,0.002724,0.000334,0.185218
307800,0.7779,0.306348,0.002724,0.000334,0.184513
307900,0.7779,0.306348,0.002724,0.000334,0.183809
308000,0.7779,0.306348,0.002724,0.000334,0.184513
308100,0.7779,0.306348,0.002724,0.000334,0.184513
308200,0.7779,0.306348,0.002724,0.000334,0.185218
308300,0.7779,0.306348,0.002724,0.000334,0.184278
308400,0.7779,0.306348,0.002724,0.000334,0.184278
308500,0.7779,0.306348,0.002724,0.000334,0.184278
308600,0.7779,0.306348,0.002724,0.000334,0.184278
308700,0.7779,0.306348,0.002724,0.000334,0.183809
308800,0.7779,0.306348,0.002724,0.000334,0.184278
308900,0.7779,0.306348,0.002724,0.000334,0.184748
309000,0.7779,0.306348,0.002724,0.000334,0.184278
309100,0.7779,0.306348,0.002724,0.000334,0.184278
309200,0.7779,0.306348,0.002724,0.000334,0.184513
309300,0.7779,0.306348,0.002724,0.000334,0.184513
309400,0.7779,0.306348,0.002724,0.000334,0.184278
309500,0.7779,0.306348,0.002724,0.000334,0.183809
309600,0.7779,0.306348,0.002724,0.000334,0.184513
309700,0.7779,0.306348,0.002724,0.000334,0.184278
309800,0.7779,0.306348,0.002724,0.000334,0.184278
309900,0.7779,0.306348,0.002724,0.000334,0.184983
310000,0.7779,0.306348,0.002724,0.000334,0.183809
310100,0.7779,0.306348,0.002724,0.000334,0.184513
310200,0.7779,0.306348,0.002724,0.000334,0.184044
310300,0.7779,0.306348,0.002724,0.000334,0.184278
310400,0.7779,0.306348,0.002724,0.000334,0.184748
310500,0.7779,0.306348,0.002724,0.000334,0.184278
310600,0.7779,0.306348,0.002724,0.000334,0.184044
310700,0.7779,0.306348,0.002724,0.000334,0.184044
310800,0.7779,0.306348,0.002724,0.000334,0.186356
310900,0.7779,0.306348,0.002724,0.000334,0.184278
311000,0.7779,0.306348,0.002724,0.000334,0.184044
311100,0.7779,0.306348,0.002724,0.000334,0.184044
311200,0.7779,0.306348,0.002724,0.000334,0.184278
311300,0.7779,0.306348,0.002724,0.000334,0.184513
311400,0.7779,0.306348,0.002724,0.000334,0.184983
311500,0.7779,0.306348,0.002724,0.000334,0.183809
311600,0.7779,0.306348,0.002724,0.000334,0.185417
311700,0.7779,0.306348,0.002724,0.000334,0.184748
311800,0.7779,0.306348,0.002724,0.000334,0.184278
311900,0.7779,0.306348,0.002724,0.000334,0.184278
312000,0.7779,0.306348,0.002724,0.000334,0.185218
312100,0.7779,0.306348,0.002724,0.000334,0.184513
312200,0.7779,0.306348,0.002724,0.000334,0.184513
312300,0.7779,0.306348,0.002724,0.000334,0.184044
312400,0.7779,0.306348,0.002724,0.000334,0.184983
312500,0.7779,0.306348,0.002724,0.000334,0.184044
312600,0.7779,0.306348,0.002724,0.000334,0.184044
312700,0.7779,0.306348,0.002724,0.000334,0.184748
312800,0.7779,0.306348,0.002724,0.000334,0.184044
312900,0.7779,0.306348,0.002724,0.000334,0.184278
313000,0.7779,0.306348,0.002724,0.000334,0.184044
313100,0.7779,0.306348,0.002724,0.000334,0.184513
313200,0.7779,0.306348,0.002724,0.000334,0.184278
313300,0.7779,0.306348,0.002724,0.000334,0.184513
313400,0.7779,0.306348,0.002724,0.000334,0.184278
313500,0.7779,0.306348,0.002724,0.000334,0.184983
313600,0.7779,0.306348,0.002724,0.000334,0.184278
313700,0.7779,0.306348,0.002724,0.000334,0.184513
313800,0.7779,0.306348,0.002724,0.000334,0.184278
313900,0.7779,0.306348,0.002724,0.000334,0.184748
314000,0.7779,0.306348,0.002724,0.000334,0.184278
314100,0.7779,0.306348,0.002724,0.000334,0.184044
314200,0.7779,0.306348,0.002724,0.000334,0.184748
314300,0.7779,0.306348,0.002724,0.000334,0.184044
314400,0.7779,0.306348,0.002724,0.000334,0.184513
314500,0.7779,0.306348,0.002724,0.000334,0.183809
314600,0.7779,0.306348,0.002724,0.000334,0.184513
314700,0.7779,0.306348,0.002724,0.000334,0.184748
314800,0.7779,0.306348,0.002724,0.000334,0.184044
314900,0.7779,0.306348,0.002724,0.000334,0.184983
315000,0.7779,0.306348,0.002724,0.000334,0.183809
315100,0.7779,0.306348,0.002724,0.000334,0.184278
315200,0.7779,0.306348,0.002724,0.000334,0.184044
315300,0.7779,0.306348,0.002724,0.000334,0.184278
315400,0.7779,0.306348,0.002724,0.000334,0.184278
315500,0.7779,0.306348,0.002724,0.000334,0.183809
315600,0.7779,0.306348,0.002724,0.000334,0.184044
315700,0.7779,0.306348,0.002724,0.000334,0.184513
315800,0.7779,0.306348,0.002724,0.000334,0.184278
315900,0.7779,0.306348,0.002724,0.000334,0.184278
316000,0.7779,0.306348,0.002724,0.000334,0.184513
316100,0.7779,0.306348,0.002724,0.000334,0.184044
316200,0.7779,0.306348,0.002724,0.000334,0.184513
316300,0.7779,0.306348,0.002724,0.000334,0.184044
316400,0.7779,0.306348,0.002724,0.000334,0.184748
316500,0.7779,0.306348,0.002724,0.000334,0.184044
316600,0.7779,0.306348,0.002724,0.000334,0.184748
316700,0.7779,0.306348,0.002724,0.000334,0.184513
316800,0.7779,0.306348,0.002724,0.000334,0.184278
316900,0.7779,0.306348,0.002724,0.000334,0.184044
317000,0.7779,0.306348,0.002724,0.000334,0.184044
317100,0.7779,0.306348,0.002724,0.000334,0.184513
317200,0.7779,0.306348,0.002724,0.000334,0.184983
317300,0.7779,0.306348,0.002724,0.000334,0.184278
317400,0.7779,0.306348,0.002724,0.000334,0.185886
317500,0.7779,0.306348,0.002724,0.000334,0.184278
317600,0.7779,0.306348,0.002724,0.000334,0.184513
317700,0.7779,0.306348,0.002724,0.000334,0.184278
317800,0.7779,0.306348,0.002724,0.000334,0.184748
317900,0.7779,0.306348,0.002724,0.000334,0.183809
318000,0.7779,0.306348,0.002724,0.000334,0.184278
318100,0.7779,0.306348,0.002724,0.000334,0.184278
318200,0.7779,0.306348,0.002724,0.000334,0.184513
318300,0.7779,0.306348,0.002724,0.000334,0.184044
318400,0.7779,0.306348,0.002724,0.000334,0.184044
318500,0.7779,0.306348,0.002724,0.000334,0.184513
318600,0.7779,0.306348,0.002724,0.000334,0.184044
318700,0.7779,0.306348,0.002724,0.000334,0.185218
318800,0.7779,0.306348,0.002724,0.000334,0.185417
318900,0.7779,0.306348,0.002724,0.000334,0.185218
319000,0.7779,0.306348,0.002724,0.000334,0.184044
319100,0.7779,0.306348,0.002724,0.000334,0.183809
319200,0.7779,0.306348,0.002724,0.000334,0.184513
319300,0.7779,0.306348,0.002724,0.000334,0.184278
319400,0.7779,0.306348,0.002724,0.000334,0.184513
319500,0.7779,0.306348,0.002724,0.000334,0.183809
319600,0.7779,0.306348,0.002724,0.000334,0.184278
319700,0.7779,0.306348,0.002724,0.000334,0.184044
319800,0.7779,0.306348,0.002724,0.000334,0.184513
319900,0.7779,0.306348,0.002724,0.000334,0.184513
320000,0.7779,0.306348,0.002724,0.000334,0.184044
320100,0.7779,0.306348,0.002724,0.000334,0.184513
320200,0.7779,0.306348,0.002724,0.000334,0.184044
320300,0.7779,0.306348,0.002724,0.000334,0.184044
320400,0.7779,0.306348,0.002724,0.000334,0.183809
320500,0.7779,0.306348,0.002724,0.000334,0.184513
320600,0.7779,0.306348,0.002724,0.000334,0.184748
320700,0.7779,0.306348,0.002724,0.000334,0.184278
320800,0.7779,0.306348,0.002724,0.000334,0.183809
320900,0.7779,0.306348,0.002724,0.000334,0.184044
321000,0.7779,0.306348,0.002724,0.000334,0.184044
321100,0.7779,0.306348,0.002724,0.000334,0.184278
321200,0.7779,0.306348,0.002724,0.000334,0.184748
321300,0.7779,0.306348,0.002724,0.000334,0.184748
321400,0.7779,0.306348,0.002724,0.000334,0.184748
321500,0.7779,0.306348,0.002724,0.000334,0.184748
321600,0.7779,0.306348,0.002724,0.000334,0.184513
321700,0.7779,0.306348,0.002724,0.000334,0.184044
321800,0.7779,0.306348,0.002724,0.000334,0.183809
321900,0.7779,0.306348,0.002724,0.000334,0.184278
322000,0.7779,0.306348,0.002724,0.000334,0.185218
322100,0.7779,0.306348,0.002724,0.000334,0.184044
322200,0.7779,0.306348,0.002724,0.000334,0.184278
322300,0.7779,0.306348,0.002724,0.000334,0.184278
322400,0.7779,0.306348,0.002724,0.000334,0.183809
322500,0.7779,0.306348,0.002724,0.000334,0.184044
322600,0.7779,0.306348,0.002724,0.000334,0.184044
322700,0.7779,0.306348,0.002724,0.000334,0.184513
322800,0.7779,0.306348,0.002724,0.000334,0.184513
322900,0.7779,0.306348,0.002724,0.000334,0.184278
323000,0.7779,0.306348,0.002724,0.000334,0.184044
323100,0.7779,0.306348,0.002724,0.000334,0.183809
323200,0.7779,0.306348,0.002724,0.000334,0.184513
323300,0.7779,0.306348,0.002724,0.000334,0.184278
323400,0.7779,0.306348,0.002724,0.000334,0.184044
323500,0.7779,0.306348,0.002724,0.000334,0.184513
323600,0.7779,0.306348,0.002724,0.000334,0.184983
323700,0.7779,0.306348,0.002724,0.000334,0.184044
323800,0.7779,0.306348,0.002724,0.000334,0.184044
323900,0.7779,0.306348,0.002724,0.000334,0.184983
324000,0.7779,0.306348,0.002724,0.000334,0.184044
324100,0.7779,0.306348,0.002724,0.000334,0.184748
324200,0.7779,0.306348,0.002724,0.000334,0.184278
324300,0.7779,0.306348,0.002724,0.000334,0.184278
324400,0.7779,0.306348,0.002724,0.000334,0.184044
324500,0.7779,0.306348,0.002724,0.000334,0.184278
324600,0.7779,0.306348,0.002724,0.000334,0.183809
324700,0.7779,0.306348,0.002724,0.000334,0.183809
324800,0.7779,0.306348,0.002724,0.000334,0.184748
324900,0.7779,0.306348,0.002724,0.000334,0.184278
325000,0.7779,0.306348,0.002724,0.000334,0.184513
325100,0.7779,0.306348,0.002724,0.000334,0.184044
325200,0.7779,0.306348,0.002724,0.000334,0.183809
325300,0.7779,0.306348,0.002724,0.000334,0.184044
325400,0.7779,0.306348,0.002724,0.000334,0.184044
325500,0.7779,0.306348,0.002724,0.000334,0.184278
325600,0.7779,0.306348,0.002724,0.000334,0.184278
325700,0.7779,0.306348,0.002724,0.000334,0.184044
325800,0.7779,0.306348,0.002724,0.000334,0.185218
325900,0.7779,0.306348,0.002724,0.000334,0.184983
326000,0.7779,0.306348,0.002724,0.000334,0.184513
326100,0.7779,0.306348,0.002724,0.000334,0.184748
326200,0.7779,0.306348,0.002724,0.000334,0.184513
326300,0.7779,0.306348,0.002724,0.000334,0.184748
326400,0.7779,0.306348,0.002724,0.000334,0.183809
326500,0.7779,0.306348,0.002724,0.000334,0.184513
326600,0.7779,0.306348,0.002724,0.000334,0.184044
326700,0.7779,0.306348,0.002724,0.000334,0.184044
326800,0.7779,0.306348,0.002724,0.000334,0.184513
326900,0.7779,0.306348,0.002724,0.000334,0.184044
327000,0.7779,0.306348,0.002724,0.000334,0.184513
327100,0.7779,0.306348,0.002724,0.000334,0.183809
327200,0.7779,0.306348,0.002724,0.000334,0.185218
327300,0.7779,0.306348,0.002724,0.000334,0.184044
327400,0.7779,0.306348,0.002724,0.000334,0.184044
327500,0.7779,0.306348,0.002724,0.000334,0.184044
327600,0.7779,0.306348,0.002724,0.000334,0.184983
327700,0.7779,0.306348,0.002724,0.000334,0.184748
327800,0.7779,0.306348,0.002724,0.000334,0.183809
327900,0.7779,0.306348,0.002724,0.000334,0.184513
328000,0.7779,0.306348,0.002724,0.000334,0.184044
328100,0.7779,0.306348,0.002724,0.000334,0.184983
328200,0.7779,0.306348,0.002724,0.000334,0.183809
328300,0.7779,0.306348,0.002724,0.000334,0.184513
328400,0.7779,0.306348,0.002724,0.000334,0.184513
328500,0.7779,0.306348,0.002724,0.000334,0.183809
328600,0.7779,0.306348,0.002724,0.000334,0.184278
328700,0.7779,0.306348,0.002724,0.000334,0.184278
328800,0.7779,0.306348,0.002724,0.000334,0.183809
328900,0.7779,0.306348,0.002724,0.000334,0.184748
329000,0.7779,0.306348,0.002724,0.000334,0.184748
329100,0.7779,0.306348,0.002724,0.000334,0.184044
329200,0.7779,0.306348,0.002724,0.000334,0.184044
329300,0.7779,0.306348,0.002724,0.000334,0.185218
329400,0.7779,0.306348,0.002724,0.000334,0.184278
329500,0.7779,0.306348,0.002724,0.000334,0.184044
329600,0.7779,0.306348,0.002724,0.000334,0.184513
329700,0.7779,0.306348,0.002724,0.000334,0.184278
329800,0.7779,0.306348,0.002724,0.000334,0.184044
329900,0.7779,0.306348,0.002724,0.000334,0.183809
330000,0.7779,0.306348,0.002724,0.000334,0.184278
330100,0.7779,0.306348,0.002724,0.000334,0.183809
330200,0.7779,0.306348,0.002724,0.000334,0.184513
330300,0.7779,0.306348,0.002724,0.000334,0.183809
330400,0.7779,0.306348,0.002724,0.000334,0.184044
330500,0.7779,0.306348,0.002724,0.000334,0.183809
330600,0.7779,0.306348,0.002724,0.000334,0.184278
330700,0.7779,0.306348,0.002724,0.000334,0.184748
330800,0.7779,0.306348,0.002724,0.000334,0.185417
330900,0.7779,0.306348,0.002724,0.000334,0.183809
331000,0.7779,0.306348,0.002724,0.000334,0.184513
331100,0.7779,0.306348,0.002724,0.000334,0.184748
331200,0.7779,0.306348,0.002724,0.000334,0.184748
331300,0.7779,0.306348,0.002724,0.000334,0.184044
331400,0.7779,0.306348,0.002724,0.000334,0.184278
331500,0.7779,0.306348,0.002724,0.000334,0.183809
331600,0.7779,0.306348,0.002724,0.000334,0.184513
331700,0.7779,0.306348,0.002724,0.000334,0.184278
331800,0.7779,0.306348,0.002724,0.000334,0.184044
331900,0.7779,0.306348,0.002724,0.000334,0.184278
332000,0.7779,0.306348,0.002724,0.000334,0.184513
332100,0.7779,0.306348,0.002724,0.000334,0.184278
332200,0.7779,0.306348,0.002724,0.000334,0.184278
332300,0.7779,0.306348,0.002724,0.000334,0.184044
332400,0.7779,0.306348,0.002724,0.000334,0.184983
332500,0.7779,0.306348,0.002724,0.000334,0.184044
332600,0.7779,0.306348,0.002724,0.000334,0.184044
332700,0.7779,0.306348,0.002724,0.000334,0.184044
332800,0.7779,0.306348,0.002724,0.000334,0.183809
332900,0.7779,0.306348,0.002724,0.000334,0.184278
333000,0.7779,0.306348,0.002724,0.000334,0.184513
333100,0.7779,0.306348,0.002724,0.000334,0.184278
333200,0.7779,0.306348,0.002724,0.000334,0.184044
333300,0.7779,0.306348,0.002724,0.000334,0.184278
333400,0.7779,0.306348,0.002724,0.000334,0.184983
333500,0.7779,0.306348,0.002724,0.000334,0.184748
333600,0.7779,0.306348,0.002724,0.000334,0.183809
333700,0.7779,0.306348,0.002724,0.000334,0.184044
333800,0.7779,0.306348,0.002724,0.000334,0.184513
333900,0.7779,0.306348,0.002724,0.000334,0.184278
334000,0.7779,0.306348,0.002724,0.000334,0.184044
334100,0.7779,0.306348,0.002724,0.000334,0.184044
334200,0.7779,0.306348,0.002724,0.000334,0.184044
334300,0.7779,0.306348,0.002724,0.000334,0.184278
334400,0.7779,0.306348,0.002724,0.000334,0.184513
334500,0.7779,0.306348,0.002724,0.000334,0.184278
334600,0.7779,0.306348,0.002724,0.000334,0.184513
334700,0.7779,0.306348,0.002724,0.000334,0.184748
334800,0.7779,0.306348,0.002724,0.000334,0.184044
334900,0.7779,0.306348,0.002724,0.000334,0.185218
335000,0.7779,0.306348,0.002724,0.000334,0.183809
335100,0.7779,0.306348,0.002724,0.000334,0.184278
335200,0.7779,0.306348,0.002724,0.000334,0.184983
335300,0.7779,0.306348,0.002724,0.000334,0.184278
335400,0.7779,0.306348,0.002724,0.000334,0.183809
335500,0.7779,0.306348,0.002724,0.000334,0.183809
335600,0.7779,0.306348,0.002724,0.000334,0.184983
335700,0.7779,0.306348,0.002724,0.000334,0.184513
335800,0.7779,0.306348,0.002724,0.000334,0.184278
335900,0.7779,0.306348,0.002724,0.000334,0.184278
336000,0.7779,0.306348,0.002724,0.000334,0.184044
336100,0.7779,0.306348,0.002724,0.000334,0.183809
336200,0.7779,0.306348,0.002724,0.000334,0.184278
336300,0.7779,0.306348,0.002724,0.000334,0.184278
336400,0.7779,0.306348,0.002724,0.000334,0.183809
336500,0.7779,0.306348,0.002724,0.000334,0.184513
336600,0.7779,0.306348,0.002724,0.000334,0.184748
336700,0.7779,0.306348,0.002724,0.000334,0.184044
336800,0.7779,0.306348,0.002724,0.000334,0.184513
336900,0.7779,0.306348,0.002724,0.000334,0.183809
337000,0.7779,0.306348,0.002724,0.000334,0.184044
337100,0.7779,0.306348,0.002724,0.000334,0.185218
337200,0.7779,0.306348,0.002724,0.000334,0.184513
337300,0.7779,0.306348,0.002724,0.000334,0.184044
337400,0.7779,0.306348,0.002724,0.000334,0.184044
337500,0.7779,0.306348,0.002724,0.000334,0.184044
337600,0.7779,0.306348,0.002724,0.000334,0.184278
337700,0.7779,0.306348,0.002724,0.000334,0.184278
337800,0.7779,0.306348,0.002724,0.000334,0.184044
337900,0.7779,0.306348,0.002724,0.000334,0.184044
338000,0.7779,0.306348,0.002724,0.000334,0.183809
338100,0.7779,0.306348,0.002724,0.000334,0.184513
338200,0.7779,0.306348,0.002724,0.000334,0.184044
338300,0.7779,0.306348,0.002724,0.000334,0.184748
338400,0.7779,0.306348,0.002724,0.000334,0.183809
338500,0.7779,0.306348,0.002724,0.000334,0.184278
338600,0.7779,0.306348,0.002724,0.000334,0.184044
338700,0.7779,0.306348,0.002724,0.000334,0.183809
338800,0.7779,0.306348,0.002724,0.000334,0.184513
338900,0.7779,0.306348,0.002724,0.000334,0.184278
339000,0.7779,0.306348,0.002724,0.000334,0.184278
339100,0.7779,0.306348,0.002724,0.000334,0.183809
339200,0.7779,0.306348,0.002724,0.000334,0.184044
339300,0.7779,0.306348,0.002724,0.000334,0.184044
339400,0.7779,0.306348,0.002724,0.000334,0.184044
339500,0.7779,0.306348,0.002724,0.000334,0.184044
339600,0.7779,0.306348,0.002724,0.000334,0.184278
339700,0.7779,0.306348,0.002724,0.000334,0.184278
339800,0.7779,0.306348,0.002724,0.000334,0.184044
339900,0.7779,0.306348,0.002724,0.000334,0.184513
340000,0.7779,0.306348,0.002724,0.000334,0.184513
340100,0.7779,0.306348,0.002724,0.000334,0.184278
340200,0.7779,0.306348,0.002724,0.000334,0.183809
340300,0.7779,0.306348,0.002724,0.000334,0.184278
340400,0.7779,0.306348,0.002724,0.000334,0.183809
340500,0.7779,0.306348,0.002724,0.000334,0.184044
340600,0.7779,0.306348,0.002724,0.000334,0.184513
340700,0.7779,0.306348,0.002724,0.000334,0.183809
340800,0.7779,0.306348,0.002724,0.000334,0.184513
340900,0.7779,0.306348,0.002724,0.000334,0.184278
341000,0.7779,0.306348,0.002724,0.000334,0.185218
341100,0.7779,0.306348,0.002724,0.000334,0.184278
341200,0.7779,0.306348,0.002724,0.000334,0.184044
341300,0.7779,0.306348,0.002724,0.000334,0.184044
341400,0.7779,0.306348,0.002724,0.000334,0.184513
341500,0.7779,0.306348,0.002724,0.000334,0.184278
341600,0.7779,0.306348,0.002724,0.000334,0.184044
341700,0.7779,0.306348,0.002724,0.000334,0.185417
341800,0.7779,0.306348,0.002724,0.000334,0.183809
341900,0.7779,0.306348,0.002724,0.000334,0.184513
342000,0.7779,0.306348,0.002724,0.000334,0.184044
342100,0.7779,0.306348,0.002724,0.000334,0.184044
342200,0.7779,0.306348,0.002724,0.000334,0.184748
342300,0.7779,0.306348,0.002724,0.000334,0.184044
342400,0.7779,0.306348,0.002724,0.000334,0.184044
342500,0.7779,0.306348,0.002724,0.000334,0.185218
342600,0.7779,0.306348,0.002724,0.000334,0.184278
342700,0.7779,0.306348,0.002724,0.000334,0.184044
342800,0.7779,0.306348,0.002724,0.000334,0.184044
342900,0.7779,0.306348,0.002724,0.000334,0.184278
343000,0.7779,0.306348,0.002724,0.000334,0.184748
343100,0.7779,0.306348,0.002724,0.000334,0.184278
343200,0.7779,0.306348,0.002724,0.000334,0.183809
343300,0.7779,0.306348,0.002724,0.000334,0.183809
343400,0.7779,0.306348,0.002724,0.000334,0.184044
343500,0.7779,0.306348,0.002724,0.000334,0.184044
343600,0.7779,0.306348,0.002724,0.000334,0.184044
343700,0.7779,0.306348,0.002724,0.000334,0.185218
343800,0.7779,0.306348,0.002724,0.000334,0.184278
343900,0.7779,0.306348,0.002724,0.000334,0.184278
344000,0.7779,0.306348,0.002724,0.000334,0.184513
344100,0.7779,0.306348,0.002724,0.000334,0.184044
344200,0.7779,0.306348,0.002724,0.000334,0.183809
344300,0.7779,0.306348,0.002724,0.000334,0.183809
344400,0.7779,0.306348,0.002724,0.000334,0.184278
344500,0.7779,0.306348,0.002724,0.000334,0.184044
344600,0.7779,0.306348,0.002724,0.000334,0.184278
344700,0.7779,0.306348,0.002724,0.000334,0.184513
344800,0.7779,0.306348,0.002724,0.000334,0.184044
344900,0.7779,0.306348,0.002724,0.000334,0.184044
345000,0.7779,0.306348,0.002724,0.000334,0.183809
345100,0.7779,0.306348,0.002724,0.000334,0.184278
345200,0.7779,0.306348,0.002724,0.000334,0.184044
345300,0.7779,0.306348,0.002724,0.000334,0.184513
345400,0.7779,0.306348,0.002724,0.000334,0.183809
345500,0.7779,0.306348,0.002724,0.000334,0.184044
345600,0.7779,0.306348,0.002724,0.000334,0.184278
345700,0.7779,0.306348,0.002724,0.000334,0.184513
345800,0.7779,0.306348,0.002724,0.000334,0.184278
345900,0.7779,0.306348,0.002724,0.000334,0.184278
346000,0.7779,0.306348,0.002724,0.000334,0.183809
346100,0.7779,0.306348,0.002724,0.000334,0.184044
346200,0.7779,0.306348,0.002724,0.000334,0.184278
346300,0.7779,0.306348,0.002724,0.000334,0.184044
346400,0.7779,0.306348,0.002724,0.000334,0.184748
346500,0.7779,0.306348,0.002724,0.000334,0.184044
346600,0.7779,0.306348,0.002724,0.000334,0.184278
346700,0.7779,0.306348,0.002724,0.000334,0.184513
346800,0.7779,0.306348,0.002724,0.000334,0.184044
346900,0.7779,0.306348,0.002724,0.000334,0.183809
347000,0.7779,0.306348,0.002724,0.000334,0.184044
347100,0.7779,0.306348,0.002724,0.000334,0.184044
347200,0.7779,0.306348,0.002724,0.000334,0.183809
347300,0.7779,0.306348,0.002724,0.000334,0.185218
347400,0.7779,0.306348,0.002724,0.000334,0.184513
347500,0.7779,0.306348,0.002724,0.000334,0.183809
347600,0.7779,0.306348,0.002724,0.000334,0.183809
347700,0.7779,0.306348,0.002724,0.000334,0.183809
347800,0.7779,0.306348,0.002724,0.000334,0.184044
347900,0.7779,0.306348,0.002724,0.000334,0.185218
348000,0.7779,0.306348,0.002724,0.000334,0.185417
348100,0.7779,0.306348,0.002724,0.000334,0.184044
348200,0.7779,0.306348,0.002724,0.000334,0.184278
348300,0.7779,0.306348,0.002724,0.000334,0.184278
348400,0.7779,0.306348,0.002724,0.000334,0.183809
348500,0.7779,0.306348,0.002724,0.000334,0.184044
348600,0.7779,0.306348,0.002724,0.000334,0.184278
348700,0.7779,0.306348,0.002724,0.000334,0.184278
348800,0.7779,0.306348,0.002724,0.000334,0.184513
348900,0.7779,0.306348,0.002724,0.000334,0.184044
349000,0.7779,0.306348,0.002724,0.000334,0.184278
349100,0.7779,0.306348,0.002724,0.000334,0.183809
349200,0.7779,0.306348,0.002724,0.000334,0.183809
349300,0.7779,0.306348,0.002724,0.000334,0.184278
349400,0.7779,0.306348,0.002724,0.000334,0.184278
349500,0.7779,0.306348,0.002724,0.000334,0.184044
349600,0.7779,0.306348,0.002724,0.000334,0.185218
349700,0.7779,0.306348,0.002724,0.000334,0.184044
349800,0.7779,0.306348,0.002724,0.000334,0.184278
349900,0.7779,0.306348,0.002724,0.000334,0.183809
350000,0.7779,0.306348,0.002724,0.000334,0.183809
350100,0.7779,0.306348,0.002724,0.000334,0.184044
350200,0.7779,0.306348,0.002724,0.000334,0.184278
350300,0.7779,0.306348,0.002724,0.000334,0.184278
350400,0.7779,0.306348,0.002724,0.000334,0.184044
350500,0.7779,0.306348,0.002724,0.000334,0.184044
350600,0.7779,0.306348,0.002724,0.000334,0.183809
350700,0.7779,0.306348,0.002724,0.000334,0.185417
350800,0.7779,0.306348,0.002724,0.000334,0.184044
350900,0.7779,0.306348,0.002724,0.000334,0.184044
351000,0.7779,0.306348,0.002724,0.000334,0.184278
351100,0.7779,0.306348,0.002724,0.000334,0.184748
351200,0.7779,0.306348,0.002724,0.000334,0.184278
351300,0.7779,0.306348,0.002724,0.000334,0.184044
351400,0.7779,0.306348,0.002724,0.000334,0.184044
351500,0.7779,0.306348,0.002724,0.000334,0.183809
351600,0.7779,0.306348,0.002724,0.000334,0.184044
351700,0.7779,0.306348,0.002724,0.000334,0.184044
351800,0.7779,0.306348,0.002724,0.000334,0.184513
351900,0.7779,0.306348,0.002724,0.000334,0.184044
352000,0.7779,0.306348,0.002724,0.000334,0.184044
352100,0.7779,0.306348,0.002724,0.000334,0.184513
352200,0.7779,0.306348,0.002724,0.000334,0.184044
352300,0.7779,0.306348,0.002724,0.000334,0.183809
352400,0.7779,0.306348,0.002724,0.000334,0.184278
352500,0.7779,0.306348,0.002724,0.000334,0.184748
352600,0.7779,0.306348,0.002724,0.000334,0.184044
352700,0.7779,0.306348,0.002724,0.000334,0.184278
352800,0.7779,0.306348,0.002724,0.000334,0.184278
352900,0.7779,0.306348,0.002724,0.000334,0.183809
353000,0.7779,0.306348,0.002724,0.000334,0.184044
353100,0.7779,0.306348,0.002724,0.000334,0.184044
353200,0.7779,0.306348,0.002724,0.000334,0.184044
353300,0.7779,0.306348,0.002724,0.000334,0.183809
353400,0.7779,0.306348,0.002724,0.000334,0.184983
353500,0.7779,0.306348,0.002724,0.000334,0.184278
353600,0.7779,0.306348,0.002724,0.000334,0.184513
353700,0.7779,0.306348,0.002724,0.000334,0.183809
353800,0.7779,0.306348,0.002724,0.000334,0.184278
353900,0.7779,0.306348,0.002724,0.000334,0.184513
354000,0.7779,0.306348,0.002724,0.000334,0.184044
354100,0.7779,0.306348,0.002724,0.000334,0.183809
354200,0.7779,0.306348,0.002724,0.000334,0.183809
354300,0.7779,0.306348,0.002724,0.000334,0.184044
354400,0.7779,0.306348,0.002724,0.000334,0.184278
354500,0.7779,0.306348,0.002724,0.000334,0.184278
354600,0.7779,0.306348,0.002724,0.000334,0.184044
354700,0.7779,0.306348,0.002724,0.000334,0.183809
354800,0.7779,0.306348,0.002724,0.000334,0.184278
354900,0.7779,0.306348,0.002724,0.000334,0.184044
355000,0.7779,0.306348,0.002724,0.000334,0.184044
355100,0.7779,0.306348,0.002724,0.000334,0.184278
355200,0.7779,0.306348,0.002724,0.000334,0.183809
355300,0.7779,0.306348,0.002724,0.000334,0.184513
355400,0.7779,0.306348,0.002724,0.000334,0.184044
355500,0.7779,0.306348,0.002724,0.000334,0.184513
355600,0.7779,0.306348,0.002724,0.000334,0.184044
355700,0.7779,0.306348,0.002724,0.000334,0.184513
355800,0.7779,0.306348,0.002724,0.000334,0.186121
355900,0.7779,0.306348,0.002724,0.000334,0.184278
356000,0.7779,0.306348,0.002724,0.000334,0.184044
356100,0.7779,0.306348,0.002724,0.000334,0.184044
356200,0.7779,0.306348,0.002724,0.000334,0.184748
356300,0.7779,0.306348,0.002724,0.000334,0.183809
356400,0.7779,0.306348,0.002724,0.000334,0.183809
356500,0.7779,0.306348,0.002724,0.000334,0.184278
356600,0.7779,0.306348,0.002724,0.000334,0.184044
356700,0.7779,0.306348,0.002724,0.000334,0.184278
356800,0.7779,0.306348,0.002724,0.000334,0.183809
356900,0.7779,0.306348,0.002724,0.000334,0.184278
357000,0.7779,0.306348,0.002724,0.000334,0.184044
357100,0.7779,0.306348,0.002724,0.000334,0.183809
357200,0.7779,0.306348,0.002724,0.000334,0.184044
357300,0.7779,0.306348,0.002724,0.000334,0.184513
357400,0.7779,0.306348,0.002724,0.000334,0.183809
357500,0.7779,0.306348,0.002724,0.000334,0.183809
357600,0.7779,0.306348,0.002724,0.000334,0.184513
357700,0.7779,0.306348,0.002724,0.000334,0.183809
357800,0.7779,0.306348,0.002724,0.000334,0.184044
357900,0.7779,0.306348,0.002724,0.000334,0.184278
358000,0.7779,0.306348,0.002724,0.000334,0.183809
358100,0.7779,0.306348,0.002724,0.000334,0.184513
358200,0.7779,0.306348,0.002724,0.000334,0.184278
358300,0.7779,0.306348,0.002724,0.000334,0.183809
358400,0.7779,0.306348,0.002724,0.000334,0.184044
358500,0.7779,0.306348,0.002724,0.000334,0.184044
358600,0.7779,0.306348,0.002724,0.000334,0.183809
358700,0.7779,0.306348,0.002724,0.000334,0.184044
358800,0.7779,0.306348,0.002724,0.000334,0.184044
358900,0.7779,0.306348,0.002724,0.000334,0.183809
359000,0.7779,0.306348,0.002724,0.000334,0.184278
359100,0.7779,0.306348,0.002724,0.000334,0.184983
359200,0.7779,0.306348,0.002724,0.000334,0.184044
359300,0.7779,0.306348,0.002724,0.000334,0.184044
359400,0.7779,0.306348,0.002724,0.000334,0.184044
359500,0.7779,0.306348,0.002724,0.000334,0.184278
359600,0.7779,0.306348,0.002724,0.000334,0.184044
359700,0.7779,0.306348,0.002724,0.000334,0.184278
359800,0.7779,0.306348,0.002724,0.000334,0.183809
359900,0.7779,0.306348,0.002724,0.000334,0.184278
360000,0.7779,0.306348,0.002724,0.000334,0.183809
360100,0.7779,0.306348,0.002724,0.000334,0.183809
360200,0.7779,0.306348,0.002724,0.000334,0.184513
360300,0.7779,0.306348,0.002724,0.000334,0.184044
360400,0.7779,0.306348,0.002724,0.000334,0.184748
360500,0.7779,0.306348,0.002724,0.000334,0.184044
360600,0.7779,0.306348,0.002724,0.000334,0.184044
360700,0.7779,0.306348,0.002724,0.000334,0.184278
360800,0.7779,0.306348,0.002724,0.000334,0.184278
360900,0.7779,0.306348,0.002724,0.000334,0.184513
361000,0.7779,0.306348,0.002724,0.000334,0.184278
361100,0.7779,0.306348,0.002724,0.000334,0.184044
361200,0.7779,0.306348,0.002724,0.000334,0.184044
361300,0.7779,0.306348,0.002724,0.000334,0.184044
361400,0.7779,0.306348,0.002724,0.000334,0.184044
361500,0.7779,0.306348,0.002724,0.000334,0.183809
361600,0.7779,0.306348,0.002724,0.000334,0.184513
361700,0.7779,0.306348,0.002724,0.000334,0.183809
361800,0.7779,0.306348,0.002724,0.000334,0.184513
361900,0.7779,0.306348,0.002724,0.000334,0.184044
362000,0.7779,0.306348,0.002724,0.000334,0.184278
362100,0.7779,0.306348,0.002724,0.000334,0.184044
362200,0.7779,0.306348,0.002724,0.000334,0.184513
362300,0.7779,0.306348,0.002724,0.000334,0.184044
362400,0.7779,0.306348,0.002724,0.000334,0.184044
362500,0.7779,0.306348,0.002724,0.000334,0.184748
362600,0.7779,0.306348,0.002724,0.000334,0.183809
362700,0.7779,0.306348,0.002724,0.000334,0.184278
362800,0.7779,0.306348,0.002724,0.000334,0.184513
362900,0.7779,0.306348,0.002724,0.000334,0.183809
363000,0.7779,0.306348,0.002724,0.000334,0.183809
363100,0.7779,0.306348,0.002724,0.000334,0.184044
363200,0.7779,0.306348,0.002724,0.000334,0.184278
363300,0.7779,0.306348,0.002724,0.000334,0.184278
363400,0.7779,0.306348,0.002724,0.000334,0.183809
363500,0.7779,0.306348,0.002724,0.000334,0.183809
363600,0.7779,0.306348,0.002724,0.000334,0.184044
363700,0.7779,0.306348,0.002724,0.000334,0.183809
363800,0.7779,0.306348,0.002724,0.000334,0.184044
363900,0.7779,0.306348,0.002724,0.000334,0.183809
364000,0.7779,0.306348,0.002724,0.000334,0.183809
364100,0.7779,0.306348,0.002724,0.000334,0.184044
364200,0.7779,0.306348,0.002724,0.000334,0.184513
364300,0.7779,0.306348,0.002724,0.000334,0.183809
364400,0.7779,0.306348,0.002724,0.000334,0.184044
364500,0.7779,0.306348,0.002724,0.000334,0.184044
364600,0.7779,0.306348,0.002724,0.000334,0.183809
364700,0.7779,0.306348,0.002724,0.000334,0.184278
364800,0.7779,0.306348,0.002724,0.000334,0.184513
364900,0.7779,0.306348,0.002724,0.000334,0.183809
365000,0.7779,0.306348,0.002724,0.000334,0.183809
365100,0.7779,0.306348,0.002724,0.000334,0.184513
365200,0.7779,0.306348,0.002724,0.000334,0.183809
365300,0.7779,0.306348,0.002724,0.000334,0.184044
365400,0.7779,0.306348,0.002724,0.000334,0.184044
365500,0.7779,0.306348,0.002724,0.000334,0.184044
365600,0.7779,0.306348,0.002724,0.000334,0.184513
365700,0.7779,0.306348,0.002724,0.000334,0.184513
365800,0.7779,0.306348,0.002724,0.000334,0.184278
365900,0.7779,0.306348,0.002724,0.000334,0.183809
366000,0.7779,0.306348,0.002724,0.000334,0.184044
366100,0.7779,0.306348,0.002724,0.000334,0.184044
366200,0.7779,0.306348,0.002724,0.000334,0.184513
366300,0.7779,0.306348,0.002724,0.000334,0.183809
366400,0.7779,0.306348,0.002724,0.000334,0.184044
366500,0.7779,0.306348,0.002724,0.000334,0.184044
366600,0.7779,0.306348,0.002724,0.000334,0.183809
366700,0.7779,0.306348,0.002724,0.000334,0.183809
366800,0.7779,0.306348,0.002724,0.000334,0.184044
366900,0.7779,0.306348,0.002724,0.000334,0.184278
367000,0.7779,0.306348,0.002724,0.000334,0.184513
367100,0.7779,0.306348,0.002724,0.000334,0.184983
367200,0.7779,0.306348,0.002724,0.000334,0.184513
367300,0.7779,0.306348,0.002724,0.000334,0.184044
367400,0.7779,0.306348,0.002724,0.000334,0.184513
367500,0.7779,0.306348,0.002724,0.000334,0.184044
367600,0.7779,0.306348,0.002724,0.000334,0.184278
367700,0.7779,0.306348,0.002724,0.000334,0.184513
367800,0.7779,0.306348,0.002724,0.000334,0.183809
367900,0.7779,0.306348,0.002724,0.000334,0.184044
368000,0.7779,0.306348,0.002724,0.000334,0.184513
368100,0.7779,0.306348,0.002724,0.000334,0.184748
368200,0.7779,0.306348,0.002724,0.000334,0.184983
368300,0.7779,0.306348,0.002724,0.000334,0.184278
368400,0.7779,0.306348,0.002724,0.000334,0.184278
368500,0.7779,0.306348,0.002724,0.000334,0.183809
368600,0.7779,0.306348,0.002724,0.000334,0.183809
368700,0.7779,0.306348,0.002724,0.000334,0.183809
368800,0.7779,0.306348,0.002724,0.000334,0.184044
368900,0.7779,0.306348,0.002724,0.000334,0.184044
369000,0.7779,0.306348,0.002724,0.000334,0.184513
369100,0.7779,0.306348,0.002724,0.000334,0.184044
369200,0.7779,0.306348,0.002724,0.000334,0.184044
369300,0.7779,0.306348,0.002724,0.000334,0.183809
369400,0.7779,0.306348,0.002724,0.000334,0.183809
369500,0.7779,0.306348,0.002724,0.000334,0.183809
369600,0.7779,0.306348,0.002724,0.000334,0.184278
369700,0.7779,0.306348,0.002724,0.000334,0.184044
369800,0.7779,0.306348,0.002724,0.000334,0.184748
369900,0.7779,0.306348,0.002724,0.000334,0.184278
370000,0.7779,0.306348,0.002724,0.000334,0.184044
370100,0.7779,0.306348,0.002724,0.000334,0.183809
370200,0.7779,0.306348,0.002724,0.000334,0.184044
370300,0.7779,0.306348,0.002724,0.000334,0.183809
370400,0.7779,0.306348,0.002724,0.000334,0.183809
370500,0.7779,0.306348,0.002724,0.000334,0.184044
370600,0.7779,0.306348,0.002724,0.000334,0.184278
370700,0.7779,0.306348,0.002724,0.000334,0.183809
370800,0.7779,0.306348,0.002724,0.000334,0.183809
370900,0.7779,0.306348,0.002724,0.000334,0.184278
371000,0.7779,0.306348,0.002724,0.000334,0.183809
371100,0.7779,0.306348,0.002724,0.000334,0.184044
371200,0.7779,0.306348,0.002724,0.000334,0.184278
371300,0.7779,0.306348,0.002724,0.000334,0.184044
371400,0.7779,0.306348,0.002724,0.000334,0.183809
371500,0.7779,0.306348,0.002724,0.000334,0.183809
371600,0.7779,0.306348,0.002724,0.000334,0.183809
371700,0.7779,0.306348,0.002724,0.000334,0.183809
371800,0.7779,0.306348,0.002724,0.000334,0.184278
371900,0.7779,0.306348,0.002724,0.000334,0.184044
372000,0.7779,0.306348,0.002724,0.000334,0.184278
372100,0.7779,0.306348,0.002724,0.000334,0.184278
372200,0.7779,0.306348,0.002724,0.000334,0.184044
372300,0.7779,0.306348,0.002724,0.000334,0.184044
372400,0.7779,0.306348,0.002724,0.000334,0.184044
372500,0.7779,0.306348,0.002724,0.000334,0.184044
372600,0.7779,0.306348,0.002724,0.000334,0.184513
372700,0.7779,0.306348,0.002724,0.000334,0.184278
372800,0.7779,0.306348,0.002724,0.000334,0.184513
372900,0.7779,0.306348,0.002724,0.000334,0.184513
373000,0.7779,0.306348,0.002724,0.000334,0.183809
373100,0.7779,0.306348,0.002724,0.000334,0.184278
373200,0.7779,0.306348,0.002724,0.000334,0.183809
373300,0.7779,0.306348,0.002724,0.000334,0.184044
373400,0.7779,0.306348,0.002724,0.000334,0.184044
373500,0.7779,0.306348,0.002724,0.000334,0.184513
373600,0.7779,0.306348,0.002724,0.000334,0.184044
373700,0.7779,0.306348,0.002724,0.000334,0.183809
373800,0.7779,0.306348,0.002724,0.000334,0.184044
373900,0.7779,0.306348,0.002724,0.000334,0.184044
374000,0.7779,0.306348,0.002724,0.000334,0.184278
374100,0.7779,0.306348,0.002724,0.000334,0.184044
374200,0.7779,0.306348,0.002724,0.000334,0.184983
374300,0.7779,0.306348,0.002724,0.000334,0.184513
374400,0.7779,0.306348,0.002724,0.000334,0.184278
374500,0.7779,0.306348,0.002724,0.000334,0.184044
374600,0.7779,0.306348,0.002724,0.000334,0.184044
374700,0.7779,0.306348,0.002724,0.000334,0.184044
374800,0.7779,0.306348,0.002724,0.000334,0.184044
374900,0.7779,0.306348,0.002724,0.000334,0.184044
375000,0.7779,0.306348,0.002724,0.000334,0.184513
375100,0.7779,0.306348,0.002724,0.000334,0.184044
375200,0.7779,0.306348,0.002724,0.000334,0.184513
375300,0.7779,0.306348,0.002724,0.000334,0.184044
375400,0.7779,0.306348,0.002724,0.000334,0.184044
375500,0.7779,0.306348,0.002724,0.000334,0.184044
375600,0.7779,0.306348,0.002724,0.000334,0.183809
375700,0.7779,0.306348,0.002724,0.000334,0.184278
375800,0.7779,0.306348,0.002724,0.000334,0.184044
375900,0.7779,0.306348,0.002724,0.000334,0.184278
376000,0.7779,0.306348,0.002724,0.000334,0.183809
376100,0.7779,0.306348,0.002724,0.000334,0.184278
376200,0.7779,0.306348,0.002724,0.000334,0.184044
376300,0.7779,0.306348,0.002724,0.000334,0.183809
376400,0.7779,0.306348,0.002724,0.000334,0.183809
376500,0.7779,0.306348,0.002724,0.000334,0.184044
376600,0.7779,0.306348,0.002724,0.000334,0.183809
376700,0.7779,0.306348,0.002724,0.000334,0.184278
376800,0.7779,0.306348,0.002724,0.000334,0.183809
376900,0.7779,0.306348,0.002724,0.000334,0.183809
377000,0.7779,0.306348,0.002724,0.000334,0.184513
377100,0.7779,0.306348,0.002724,0.000334,0.183809
377200,0.7779,0.306348,0.002724,0.000334,0.184513
377300,0.7779,0.306348,0.002724,0.000334,0.184513
377400,0.7779,0.306348,0.002724,0.000334,0.184044
377500,0.7779,0.306348,0.002724,0.000334,0.183809
377600,0.7779,0.306348,0.002724,0.000334,0.184278
377700,0.7779,0.306348,0.002724,0.000334,0.184044
377800,0.7779,0.306348,0.002724,0.000334,0.183809
377900,0.7779,0.306348,0.002724,0.000334,0.184278
378000,0.7779,0.306348,0.002724,0.000334,0.184748
378100,0.7779,0.306348,0.002724,0.000334,0.184044
378200,0.7779,0.306348,0.002724,0.000334,0.184044
378300,0.7779,0.306348,0.002724,0.000334,0.184044
378400,0.7779,0.306348,0.002724,0.000334,0.184044
378500,0.7779,0.306348,0.002724,0.000334,0.183809
378600,0.7779,0.306348,0.002724,0.000334,0.184044
378700,0.7779,0.306348,0.002724,0.000334,0.184983
378800,0.7779,0.306348,0.002724,0.000334,0.183809
378900,0.7779,0.306348,0.002724,0.000334,0.184044
379000,0.7779,0.306348,0.002724,0.000334,0.183809
379100,0.7779,0.306348,0.002724,0.000334,0.183809
379200,0.7779,0.306348,0.002724,0.000334,0.184044
379300,0.7779,0.306348,0.002724,0.000334,0.183809
379400,0.7779,0.306348,0.002724,0.000334,0.183809
379500,0.7779,0.306348,0.002724,0.000334,0.184278
379600,0.7779,0.306348,0.002724,0.000334,0.184983
379700,0.7779,0.306348,0.002724,0.000334,0.184947
379800,0.7779,0.306348,0.002724,0.000334,0.184513
379900,0.7779,0.306348,0.002724,0.000334,0.183809
380000,0.7779,0.306348,0.002724,0.000334,0.184278
380100,0.7779,0.306348,0.002724,0.000334,0.183809
380200,0.7779,0.306348,0.002724,0.000334,0.183809
380300,0.7779,0.306348,0.002724,0.000334,0.184044
380400,0.7779,0.306348,0.002724,0.000334,0.184044
380500,0.7779,0.306348,0.002724,0.000334,0.184044
380600,0.7779,0.306348,0.002724,0.000334,0.183809
380700,0.7779,0.306348,0.002724,0.000334,0.184513
380800,0.7779,0.306348,0.002724,0.000334,0.184044
380900,0.7779,0.306348,0.002724,0.000334,0.184278
381000,0.7779,0.306348,0.002724,0.000334,0.184513
381100,0.7779,0.306348,0.002724,0.000334,0.184044
381200,0.7779,0.306348,0.002724,0.000334,0.184044
381300,0.7779,0.306348,0.002724,0.000334,0.183809
381400,0.7779,0.306348,0.002724,0.000334,0.184748
381500,0.7779,0.306348,0.002724,0.000334,0.183809
381600,0.7779,0.306348,0.002724,0.000334,0.184044
381700,0.7779,0.306348,0.002724,0.000334,0.184044
381800,0.7779,0.306348,0.002724,0.000334,0.184278
381900,0.7779,0.306348,0.002724,0.000334,0.184044
382000,0.7779,0.306348,0.002724,0.000334,0.183809
382100,0.7779,0.306348,0.002724,0.000334,0.184044
382200,0.7779,0.306348,0.002724,0.000334,0.184044
382300,0.7779,0.306348,0.002724,0.000334,0.184278
382400,0.7779,0.306348,0.002724,0.000334,0.184278
382500,0.7779,0.306348,0.002724,0.000334,0.184278
382600,0.7779,0.306348,0.002724,0.000334,0.184748
382700,0.7779,0.306348,0.002724,0.000334,0.183809
382800,0.7779,0.306348,0.002724,0.000334,0.183809
382900,0.7779,0.306348,0.002724,0.000334,0.184044
383000,0.7779,0.306348,0.002724,0.000334,0.184278
383100,0.7779,0.306348,0.002724,0.000334,0.183809
383200,0.7779,0.306348,0.002724,0.000334,0.184044
383300,0.7779,0.306348,0.002724,0.000334,0.184278
383400,0.7779,0.306348,0.002724,0.000334,0.184044
383500,0.7779,0.306348,0.002724,0.000334,0.185182
383600,0.7779,0.306348,0.002724,0.000334,0.184044
383700,0.7779,0.306348,0.002724,0.000334,0.184044
383800,0.7779,0.306348,0.002724,0.000334,0.184044
383900,0.7779,0.306348,0.002724,0.000334,0.184044
384000,0.7779,0.306348,0.002724,0.000334,0.184044
384100,0.7779,0.306348,0.002724,0.000334,0.184278
384200,0.7779,0.306348,0.002724,0.000334,0.183809
384300,0.7779,0.306348,0.002724,0.000334,0.184044
384400,0.7779,0.306348,0.002724,0.000334,0.184044
384500,0.7779,0.306348,0.002724,0.000334,0.183809
384600,0.7779,0.306348,0.002724,0.000334,0.184278
384700,0.7779,0.306348,0.002724,0.000334,0.184278
384800,0.7779,0.306348,0.002724,0.000334,0.183809
384900,0.7779,0.306348,0.002724,0.000334,0.183809
385000,0.7779,0.306348,0.002724,0.000334,0.183809
385100,0.7779,0.306348,0.002724,0.000334,0.183809
385200,0.7779,0.306348,0.002724,0.000334,0.184044
385300,0.7779,0.306348,0.002724,0.000334,0.184513
385400,0.7779,0.306348,0.002724,0.000334,0.184044
385500,0.7779,0.306348,0.002724,0.000334,0.184044
385600,0.7779,0.306348,0.002724,0.000334,0.183809
385700,0.7779,0.306348,0.002724,0.000334,0.183809
385800,0.7779,0.306348,0.002724,0.000334,0.183809
385900,0.7779,0.306348,0.002724,0.000334,0.184513
386000,0.7779,0.306348,0.002724,0.000334,0.183809
386100,0.7779,0.306348,0.002724,0.000334,0.184513
386200,0.7779,0.306348,0.002724,0.000334,0.183809
386300,0.7779,0.306348,0.002724,0.000334,0.184278
386400,0.7779,0.306348,0.002724,0.000334,0.184748
386500,0.7779,0.306348,0.002724,0.000334,0.184044
386600,0.7779,0.306348,0.002724,0.000334,0.183809
386700,0.7779,0.306348,0.002724,0.000334,0.183809
386800,0.7779,0.306348,0.002724,0.000334,0.183809
386900,0.7779,0.306348,0.002724,0.000334,0.183809
387000,0.7779,0.306348,0.002724,0.000334,0.184513
387100,0.7779,0.306348,0.002724,0.000334,0.183809
387200,0.7779,0.306348,0.002724,0.000334,0.184278
387300,0.7779,0.306348,0.002724,0.000334,0.184278
387400,0.7779,0.306348,0.002724,0.000334,0.183809
387500,0.7779,0.306348,0.002724,0.000334,0.184044
387600,0.7779,0.306348,0.002724,0.000334,0.184278
387700,0.7779,0.306348,0.002724,0.000334,0.184044
387800,0.7779,0.306348,0.002724,0.000334,0.184278
387900,0.7779,0.306348,0.002724,0.000334,0.184044
388000,0.7779,0.306348,0.002724,0.000334,0.184983
388100,0.7779,0.306348,0.002724,0.000334,0.183809
388200,0.7779,0.306348,0.002724,0.000334,0.184044
388300,0.7779,0.306348,0.002724,0.000334,0.184044
388400,0.7779,0.306348,0.002724,0.000334,0.184044
388500,0.7779,0.306348,0.002724,0.000334,0.184044
388600,0.7779,0.306348,0.002724,0.000334,0.183809
388700,0.7779,0.306348,0.002724,0.000334,0.184748
388800,0.7779,0.306348,0.002724,0.000334,0.183809
388900,0.7779,0.306348,0.002724,0.000334,0.184044
389000,0.7779,0.306348,0.002724,0.000334,0.184513
389100,0.7779,0.306348,0.002724,0.000334,0.184278
389200,0.7779,0.306348,0.002724,0.000334,0.184044
389300,0.7779,0.306348,0.002724,0.000334,0.184278
389400,0.7779,0.306348,0.002724,0.000334,0.183809
389500,0.7779,0.306348,0.002724,0.000334,0.184513
389600,0.7779,0.306348,0.002724,0.000334,0.183809
389700,0.7779,0.306348,0.002724,0.000334,0.184044
389800,0.7779,0.306348,0.002724,0.000334,0.183809
389900,0.7779,0.306348,0.002724,0.000334,0.184044
390000,0.7779,0.306348,0.002724,0.000334,0.184513
390100,0.7779,0.306348,0.002724,0.000334,0.184044
390200,0.7779,0.306348,0.002724,0.000334,0.184278
390300,0.7779,0.306348,0.002724,0.000334,0.184044
390400,0.7779,0.306348,0.002724,0.000334,0.184278
390500,0.7779,0.306348,0.002724,0.000334,0.184044
390600,0.7779,0.306348,0.002724,0.000334,0.183809
390700,0.7779,0.306348,0.002724,0.000334,0.183809
390800,0.7779,0.306348,0.002724,0.000334,0.184044
390900,0.7779,0.306348,0.002724,0.000334,0.184278
391000,0.7779,0.306348,0.002724,0.000334,0.184278
391100,0.7779,0.306348,0.002724,0.000334,0.184278
391200,0.7779,0.306348,0.002724,0.000334,0.183809
391300,0.7779,0.306348,0.002724,0.000334,0.184044
391400,0.7779,0.306348,0.002724,0.000334,0.183809
391500,0.7779,0.306348,0.002724,0.000334,0.183809
391600,0.7779,0.306348,0.002724,0.000334,0.184044
391700,0.7779,0.306348,0.002724,0.000334,0.184278
391800,0.7779,0.306348,0.002724,0.000334,0.184044
391900,0.7779,0.306348,0.002724,0.000334,0.183809
392000,0.7779,0.306348,0.002724,0.000334,0.183809
392100,0.7779,0.306348,0.002724,0.000334,0.183809
392200,0.7779,0.306348,0.002724,0.000334,0.184044
392300,0.7779,0.306348,0.002724,0.000334,0.184278
392400,0.7779,0.306348,0.002724,0.000334,0.184044
392500,0.7779,0.306348,0.002724,0.000334,0.183809
392600,0.7779,0.306348,0.002724,0.000334,0.184044
392700,0.7779,0.306348,0.002724,0.000334,0.184044
392800,0.7779,0.306348,0.002724,0.000334,0.183809
392900,0.7779,0.306348,0.002724,0.000334,0.183809
393000,0.7779,0.306348,0.002724,0.000334,0.184044
393100,0.7779,0.306348,0.002724,0.000334,0.184278
393200,0.7779,0.306348,0.002724,0.000334,0.184044
393300,0.7779,0.306348,0.002724,0.000334,0.184278
393400,0.7779,0.306348,0.002724,0.000334,0.184748
393500,0.7779,0.306348,0.002724,0.000334,0.183809
393600,0.7779,0.306348,0.002724,0.000334,0.183809
393700,0.7779,0.306348,0.002724,0.000334,0.184983
393800,0.7779,0.306348,0.002724,0.000334,0.183809
393900,0.7779,0.306348,0.002724,0.000334,0.184278
394000,0.7779,0.306348,0.002724,0.000334,0.184278
394100,0.7779,0.306348,0.002724,0.000334,0.183809
394200,0.7779,0.306348,0.002724,0.000334,0.183809
394300,0.7779,0.306348,0.002724,0.000334,0.184278
394400,0.7779,0.306348,0.002724,0.000334,0.184278
394500,0.7779,0.306348,0.002724,0.000334,0.183809
394600,0.7779,0.306348,0.002724,0.000334,0.183809
394700,0.7779,0.306348,0.002724,0.000334,0.184278
394800,0.7779,0.306348,0.002724,0.000334,0.183809
394900,0.7779,0.306348,0.002724,0.000334,0.184278
395000,0.7779,0.306348,0.002724,0.000334,0.183809
395100,0.7779,0.306348,0.002724,0.000334,0.184983
395200,0.7779,0.306348,0.002724,0.000334,0.184044
395300,0.7779,0.306348,0.002724,0.000334,0.183809
395400,0.7779,0.306348,0.002724,0.000334,0.184044
395500,0.7779,0.306348,0.002724,0.000334,0.184044
395600,0.7779,0.306348,0.002724,0.000334,0.184278
395700,0.7779,0.306348,0.002724,0.000334,0.184278
395800,0.7779,0.306348,0.002724,0.000334,0.184513
395900,0.7779,0.306348,0.002724,0.000334,0.183809
396000,0.7779,0.306348,0.002724,0.000334,0.184513
396100,0.7779,0.306348,0.002724,0.000334,0.184044
396200,0.7779,0.306348,0.002724,0.000334,0.184044
396300,0.7779,0.306348,0.002724,0.000334,0.183809
396400,0.7779,0.306348,0.002724,0.000334,0.184278
396500,0.7779,0.306348,0.002724,0.000334,0.183809
396600,0.7779,0.306348,0.002724,0.000334,0.184278
396700,0.7779,0.306348,0.002724,0.000334,0.184044
396800,0.7779,0.306348,0.002724,0.000334,0.184044
396900,0.7779,0.306348,0.002724,0.000334,0.183809
397000,0.7779,0.306348,0.002724,0.000334,0.184044
397100,0.7779,0.306348,0.002724,0.000334,0.184513
397200,0.7779,0.306348,0.002724,0.000334,0.184044
397300,0.7779,0.306348,0.002724,0.000334,0.184044
397400,0.7779,0.306348,0.002724,0.000334,0.184278
397500,0.7779,0.306348,0.002724,0.000334,0.184044
397600,0.7779,0.306348,0.002724,0.000334,0.183809
397700,0.7779,0.306348,0.002724,0.000334,0.183809
397800,0.7779,0.306348,0.002724,0.000334,0.184044
397900,0.7779,0.306348,0.002724,0.000334,0.183809
398000,0.7779,0.306348,0.002724,0.000334,0.184278
398100,0.7779,0.306348,0.002724,0.000334,0.183809
398200,0.7779,0.306348,0.002724,0.000334,0.183809
398300,0.7779,0.306348,0.002724,0.000334,0.184044
398400,0.7779,0.306348,0.002724,0.000334,0.184044
398500,0.7779,0.306348,0.002724,0.000334,0.184044
398600,0.7779,0.306348,0.002724,0.000334,0.184513
398700,0.7779,0.306348,0.002724,0.000334,0.183809
398800,0.7779,0.306348,0.002724,0.000334,0.184278
398900,0.7779,0.306348,0.002724,0.000334,0.183809
399000,0.7779,0.306348,0.002724,0.000334,0.183809
399100,0.7779,0.306348,0.002724,0.000334,0.183809
399200,0.7779,0.306348,0.002724,0.000334,0.184044
399300,0.7779,0.306348,0.002724,0.000334,0.184278
399400,0.7779,0.306348,0.002724,0.000334,0.184278
399500,0.7779,0.306348,0.002724,0.000334,0.184748
399600,0.7779,0.306348,0.002724,0.000334,0.184044
399700,0.7779,0.306348,0.002724,0.000334,0.184278
399800,0.7779,0.306348,0.002724,0.000334,0.183809
399900,0.7779,0.306348,0.002724,0.000334,0.184044
400000,0.7779,0.306348,0.002724,0.000334,0.184044
400100,0.7779,0.306348,0.002724,0.000334,0.184044
400200,0.7779,0.306348,0.002724,0.000334,0.184513
400300,0.7779,0.306348,0.002724,0.000334,0.183809
400400,0.7779,0.306348,0.002724,0.000334,0.183809
400500,0.7779,0.306348,0.002724,0.000334,0.183809
400600,0.7779,0.306348,0.002724,0.000334,0.183809
400700,0.7779,0.306348,0.002724,0.000334,0.183809
400800,0.7779,0.306348,0.002724,0.000334,0.184044
400900,0.7779,0.306348,0.002724,0.000334,0.184044
401000,0.7779,0.306348,0.002724,0.000334,0.184278
401100,0.7779,0.306348,0.002724,0.000334,0.184278
401200,0.7779,0.306348,0.002724,0.000334,0.184278
401300,0.7779,0.306348,0.002724,0.000334,0.184278
401400,0.7779,0.306348,0.002724,0.000334,0.184044
401500,0.7779,0.306348,0.002724,0.000334,0.184278
401600,0.7779,0.306348,0.002724,0.000334,0.183809
401700,0.7779,0.306348,0.002724,0.000334,0.184513
401800,0.7779,0.306348,0.002724,0.000334,0.184278
401900,0.7779,0.306348,0.002724,0.000334,0.184044
402000,0.7779,0.306348,0.002724,0.000334,0.184278
402100,0.7779,0.306348,0.002724,0.000334,0.183809
402200,0.7779,0.306348,0.002724,0.000334,0.184044
402300,0.7779,0.306348,0.002724,0.000334,0.183809
402400,0.7779,0.306348,0.002724,0.000334,0.184748
402500,0.7779,0.306348,0.002724,0.000334,0.184044
402600,0.7779,0.306348,0.002724,0.000334,0.184044
402700,0.7779,0.306348,0.002724,0.000334,0.183809
402800,0.7779,0.306348,0.002724,0.000334,0.184513
402900,0.7779,0.306348,0.002724,0.000334,0.183809
403000,0.7779,0.306348,0.002724,0.000334,0.184044
403100,0.7779,0.306348,0.002724,0.000334,0.184044
403200,0.7779,0.306348,0.002724,0.000334,0.183809
403300,0.7779,0.306348,0.002724,0.000334,0.183809
403400,0.7779,0.306348,0.002724,0.000334,0.183809
403500,0.7779,0.306348,0.002724,0.000334,0.184278
403600,0.7779,0.306348,0.002724,0.000334,0.184044
403700,0.7779,0.306348,0.002724,0.000334,0.184044
403800,0.7779,0.306348,0.002724,0.000334,0.184278
403900,0.7779,0.306348,0.002724,0.000334,0.184044
404000,0.7779,0.306348,0.002724,0.000334,0.183809
404100,0.7779,0.306348,0.002724,0.000334,0.183809
404200,0.7779,0.306348,0.002724,0.000334,0.183809
404300,0.7779,0.306348,0.002724,0.000334,0.184278
404400,0.7779,0.306348,0.002724,0.000334,0.183809
404500,0.7779,0.306348,0.002724,0.000334,0.184044
404600,0.7779,0.306348,0.002724,0.000334,0.184044
404700,0.7779,0.306348,0.002724,0.000334,0.183809
404800,0.7779,0.306348,0.002724,0.000334,0.183809
404900,0.7779,0.306348,0.002724,0.000334,0.183809
405000,0.7779,0.306348,0.002724,0.000334,0.184278
405100,0.7779,0.306348,0.002724,0.000334,0.184044
405200,0.7779,0.306348,0.002724,0.000334,0.184513
405300,0.7779,0.306348,0.002724,0.000334,0.186121
405400,0.7779,0.306348,0.002724,0.000334,0.183809
405500,0.7779,0.306348,0.002724,0.000334,0.184044
405600,0.7779,0.306348,0.002724,0.000334,0.183809
405700,0.7779,0.306348,0.002724,0.000334,0.183809
405800,0.7779,0.306348,0.002724,0.000334,0.183809
405900,0.7779,0.306348,0.002724,0.000334,0.183809
406000,0.7779,0.306348,0.002724,0.000334,0.183809
406100,0.7779,0.306348,0.002724,0.000334,0.184278
406200,0.7779,0.306348,0.002724,0.000334,0.184044
406300,0.7779,0.306348,0.002724,0.000334,0.184278
406400,0.7779,0.306348,0.002724,0.000334,0.184278
406500,0.7779,0.306348,0.002724,0.000334,0.184513
406600,0.7779,0.306348,0.002724,0.000334,0.183809
406700,0.7779,0.306348,0.002724,0.000334,0.183809
406800,0.7779,0.306348,0.002724,0.000334,0.184044
406900,0.7779,0.306348,0.002724,0.000334,0.183809
407000,0.7779,0.306348,0.002724,0.000334,0.184044
407100,0.7779,0.306348,0.002724,0.000334,0.183809
407200,0.7779,0.306348,0.002724,0.000334,0.184278
407300,0.7779,0.306348,0.002724,0.000334,0.184278
407400,0.7779,0.306348,0.002724,0.000334,0.184278
407500,0.7779,0.306348,0.002724,0.000334,0.184278
407600,0.7779,0.306348,0.002724,0.000334,0.184513
407700,0.7779,0.306348,0.002724,0.000334,0.183809
407800,0.7779,0.306348,0.002724,0.000334,0.183809
407900,0.7779,0.306348,0.002724,0.000334,0.183809
408000,0.7779,0.306348,0.002724,0.000334,0.184278
408100,0.7779,0.306348,0.002724,0.000334,0.184278
408200,0.7779,0.306348,0.002724,0.000334,0.184044
408300,0.7779,0.306348,0.002724,0.000334,0.183809
408400,0.7779,0.306348,0.002724,0.000334,0.183809
408500,0.7779,0.306348,0.002724,0.000334,0.184044
408600,0.7779,0.306348,0.002724,0.000334,0.184044
408700,0.7779,0.306348,0.002724,0.000334,0.184044
408800,0.7779,0.306348,0.002724,0.000334,0.183809
408900,0.7779,0.306348,0.002724,0.000334,0.184044
409000,0.7779,0.306348,0.002724,0.000334,0.184044
409100,0.7779,0.306348,0.002724,0.000334,0.183809
409200,0.7779,0.306348,0.002724,0.000334,0.184513
409300,0.7779,0.306348,0.002724,0.000334,0.183809
409400,0.7779,0.306348,0.002724,0.000334,0.184278
409500,0.7779,0.306348,0.002724,0.000334,0.183809
409600,0.7779,0.306348,0.002724,0.000334,0.183809
409700,0.7779,0.306348,0.002724,0.000334,0.183809
409800,0.7779,0.306348,0.002724,0.000334,0.183809
409900,0.7779,0.306348,0.002724,0.000334,0.183809
410000,0.7779,0.306348,0.002724,0.000334,0.184044
410100,0.7779,0.306348,0.002724,0.000334,0.184044
410200,0.7779,0.306348,0.002724,0.000334,0.183809
410300,0.7779,0.306348,0.002724,0.000334,0.183809
410400,0.7779,0.306348,0.002724,0.000334,0.184278
410500,0.7779,0.306348,0.002724,0.000334,0.183809
410600,0.7779,0.306348,0.002724,0.000334,0.184044
410700,0.7779,0.306348,0.002724,0.000334,0.183809
410800,0.7779,0.306348,0.002724,0.000334,0.183809
410900,0.7779,0.306348,0.002724,0.000334,0.184044
411000,0.7779,0.306348,0.002724,0.000334,0.183809
411100,0.7779,0.306348,0.002724,0.000334,0.184044
411200,0.7779,0.306348,0.002724,0.000334,0.184513
411300,0.7779,0.306348,0.002724,0.000334,0.184044
411400,0.7779,0.306348,0.002724,0.000334,0.184044
411500,0.7779,0.306348,0.002724,0.000334,0.184278
411600,0.7779,0.306348,0.002724,0.000334,0.184044
411700,0.7779,0.306348,0.002724,0.000334,0.183809
411800,0.7779,0.306348,0.002724,0.000334,0.183809
411900,0.7779,0.306348,0.002724,0.000334,0.184044
412000,0.7779,0.306348,0.002724,0.000334,0.183809
412100,0.7779,0.306348,0.002724,0.000334,0.183809
412200,0.7779,0.306348,0.002724,0.000334,0.184044
412300,0.7779,0.306348,0.002724,0.000334,0.184278
412400,0.7779,0.306348,0.002724,0.000334,0.183809
412500,0.7779,0.306348,0.002724,0.000334,0.184748
412600,0.7779,0.306348,0.002724,0.000334,0.183809
412700,0.7779,0.306348,0.002724,0.000334,0.184278
412800,0.7779,0.306348,0.002724,0.000334,0.183809
412900,0.7779,0.306348,0.002724,0.000334,0.184044
413000,0.7779,0.306348,0.002724,0.000334,0.184513
413100,0.7779,0.306348,0.002724,0.000334,0.184044
413200,0.7779,0.306348,0.002724,0.000334,0.184044
413300,0.7779,0.306348,0.002724,0.000334,0.184044
413400,0.7779,0.306348,0.002724,0.000334,0.183809
413500,0.7779,0.306348,0.002724,0.000334,0.183809
413600,0.7779,0.306348,0.002724,0.000334,0.184044
413700,0.7779,0.306348,0.002724,0.000334,0.183809
413800,0.7779,0.306348,0.002724,0.000334,0.183809
413900,0.7779,0.306348,0.002724,0.000334,0.184748
414000,0.7779,0.306348,0.002724,0.000334,0.184278
414100,0.7779,0.306348,0.002724,0.000334,0.184044
414200,0.7779,0.306348,0.002724,0.000334,0.183809
414300,0.7779,0.306348,0.002724,0.000334,0.183809
414400,0.7779,0.306348,0.002724,0.000334,0.184044
414500,0.7779,0.306348,0.002724,0.000334,0.184044
414600,0.7779,0.306348,0.002724,0.000334,0.183809
414700,0.7779,0.306348,0.002724,0.000334,0.184044
414800,0.7779,0.306348,0.002724,0.000334,0.183809
414900,0.7779,0.306348,0.002724,0.000334,0.184044
415000,0.7779,0.306348,0.002724,0.000334,0.184044
415100,0.7779,0.306348,0.002724,0.000334,0.184044
415200,0.7779,0.306348,0.002724,0.000334,0.184044
415300,0.7779,0.306348,0.002724,0.000334,0.184513
415400,0.7779,0.306348,0.002724,0.000334,0.184278
415500,0.7779,0.306348,0.002724,0.000334,0.183809
415600,0.7779,0.306348,0.002724,0.000334,0.184278
415700,0.7779,0.306348,0.002724,0.000334,0.183809
415800,0.7779,0.306348,0.002724,0.000334,0.184278
415900,0.7779,0.306348,0.002724,0.000334,0.184044
416000,0.7779,0.306348,0.002724,0.000334,0.184044
416100,0.7779,0.306348,0.002724,0.000334,0.183809
416200,0.7779,0.306348,0.002724,0.000334,0.183809
416300,0.7779,0.306348,0.002724,0.000334,0.184044
416400,0.7779,0.306348,0.002724,0.000334,0.184044
416500,0.7779,0.306348,0.002724,0.000334,0.184044
416600,0.7779,0.306348,0.002724,0.000334,0.183809
416700,0.7779,0.306348,0.002724,0.000334,0.184044
416800,0.7779,0.306348,0.002724,0.000334,0.184044
416900,0.7779,0.306348,0.002724,0.000334,0.183809
417000,0.7779,0.306348,0.002724,0.000334,0.183809
417100,0.7779,0.306348,0.002724,0.000334,0.184044
417200,0.7779,0.306348,0.002724,0.000334,0.184513
417300,0.7779,0.306348,0.002724,0.000334,0.184278
417400,0.7779,0.306348,0.002724,0.000334,0.183809
417500,0.7779,0.306348,0.002724,0.000334,0.184748
417600,0.7779,0.306348,0.002724,0.000334,0.183809
417700,0.7779,0.306348,0.002724,0.000334,0.183809
417800,0.7779,0.306348,0.002724,0.000334,0.183809
417900,0.7779,0.306348,0.002724,0.000334,0.184044
418000,0.7779,0.306348,0.002724,0.000334,0.184044
418100,0.7779,0.306348,0.002724,0.000334,0.183809
418200,0.7779,0.306348,0.002724,0.000334,0.184044
418300,0.7779,0.306348,0.002724,0.000334,0.184278
418400,0.7779,0.306348,0.002724,0.000334,0.184044
418500,0.7779,0.306348,0.002724,0.000334,0.183809
418600,0.7779,0.306348,0.002724,0.000334,0.183809
418700,0.7779,0.306348,0.002724,0.000334,0.183809
418800,0.7779,0.306348,0.002724,0.000334,0.183809
418900,0.7779,0.306348,0.002724,0.000334,0.184044
419000,0.7779,0.306348,0.002724,0.000334,0.184044
419100,0.7779,0.306348,0.002724,0.000334,0.184044
419200,0.7779,0.306348,0.002724,0.000334,0.185652
419300,0.7779,0.306348,0.002724,0.000334,0.183809
419400,0.7779,0.306348,0.002724,0.000334,0.183809
419500,0.7779,0.306348,0.002724,0.000334,0.184044
419600,0.7779,0.306348,0.002724,0.000334,0.183809
419700,0.7779,0.306348,0.002724,0.000334,0.183809
419800,0.7779,0.306348,0.002724,0.000334,0.183809
419900,0.7779,0.306348,0.002724,0.000334,0.183809
420000,0.7779,0.306348,0.002724,0.000334,0.183809
420100,0.7779,0.306348,0.002724,0.000334,0.184278
420200,0.7779,0.306348,0.002724,0.000334,0.184513
420300,0.7779,0.306348,0.002724,0.000334,0.184044
420400,0.7779,0.306348,0.002724,0.000334,0.184513
420500,0.7779,0.306348,0.002724,0.000334,0.183809
420600,0.7779,0.306348,0.002724,0.000334,0.183809
420700,0.7779,0.306348,0.002724,0.000334,0.184044
420800,0.7779,0.306348,0.002724,0.000334,0.183809
420900,0.7779,0.306348,0.002724,0.000334,0.184044
421000,0.7779,0.306348,0.002724,0.000334,0.184044
421100,0.7779,0.306348,0.002724,0.000334,0.184278
421200,0.7779,0.306348,0.002724,0.000334,0.184278
421300,0.7779,0.306348,0.002724,0.000334,0.184044
421400,0.7779,0.306348,0.002724,0.000334,0.183809
421500,0.7779,0.306348,0.002724,0.000334,0.184044
421600,0.7779,0.306348,0.002724,0.000334,0.184278
421700,0.7779,0.306348,0.002724,0.000334,0.184044
421800,0.7779,0.306348,0.002724,0.000334,0.184044
421900,0.7779,0.306348,0.002724,0.000334,0.183809
422000,0.7779,0.306348,0.002724,0.000334,0.183809
422100,0.7779,0.306348,0.002724,0.000334,0.184044
422200,0.7779,0.306348,0.002724,0.000334,0.183809
422300,0.7779,0.306348,0.002724,0.000334,0.183809
422400,0.7779,0.306348,0.002724,0.000334,0.184044
422500,0.7779,0.306348,0.002724,0.000334,0.184513
422600,0.7779,0.306348,0.002724,0.000334,0.183809
422700,0.7779,0.306348,0.002724,0.000334,0.184044
422800,0.7779,0.306348,0.002724,0.000334,0.183809
422900,0.7779,0.306348,0.002724,0.000334,0.183809
423000,0.7779,0.306348,0.002724,0.000334,0.183809
423100,0.7779,0.306348,0.002724,0.000334,0.184044
423200,0.7779,0.306348,0.002724,0.000334,0.184278
423300,0.7779,0.306348,0.002724,0.000334,0.184278
423400,0.7779,0.306348,0.002724,0.000334,0.184044
423500,0.7779,0.306348,0.002724,0.000334,0.184044
423600,0.7779,0.306348,0.002724,0.000334,0.183809
423700,0.7779,0.306348,0.002724,0.000334,0.184044
423800,0.7779,0.306348,0.002724,0.000334,0.184044
423900,0.7779,0.306348,0.002724,0.000334,0.184513
424000,0.7779,0.306348,0.002724,0.000334,0.183809
424100,0.7779,0.306348,0.002724,0.000334,0.184044
424200,0.7779,0.306348,0.002724,0.000334,0.183809
424300,0.7779,0.306348,0.002724,0.000334,0.183809
424400,0.7779,0.306348,0.002724,0.000334,0.184044
424500,0.7779,0.306348,0.002724,0.000334,0.183809
424600,0.7779,0.306348,0.002724,0.000334,0.183809
424700,0.7779,0.306348,0.002724,0.000334,0.183809
424800,0.7779,0.306348,0.002724,0.000334,0.183809
424900,0.7779,0.306348,0.002724,0.000334,0.184278
425000,0.7779,0.306348,0.002724,0.000334,0.184278
425100,0.7779,0.306348,0.002724,0.000334,0.184044
425200,0.7779,0.306348,0.002724,0.000334,0.184044
425300,0.7779,0.306348,0.002724,0.000334,0.183809
425400,0.7779,0.306348,0.002724,0.000334,0.183809
425500,0.7779,0.306348,0.002724,0.000334,0.184278
425600,0.7779,0.306348,0.002724,0.000334,0.183809
425700,0.7779,0.306348,0.002724,0.000334,0.183809
425800,0.7779,0.306348,0.002724,0.000334,0.184278
425900,0.7779,0.306348,0.002724,0.000334,0.183809
426000,0.7779,0.306348,0.002724,0.000334,0.183809
426100,0.7779,0.306348,0.002724,0.000334,0.184044
426200,0.7779,0.306348,0.002724,0.000334,0.184044
426300,0.7779,0.306348,0.002724,0.000334,0.184044
426400,0.7779,0.306348,0.002724,0.000334,0.184513
426500,0.7779,0.306348,0.002724,0.000334,0.183809
426600,0.7779,0.306348,0.002724,0.000334,0.184044
426700,0.7779,0.306348,0.002724,0.000334,0.184044
426800,0.7779,0.306348,0.002724,0.000334,0.184044
426900,0.7779,0.306348,0.002724,0.000334,0.183809
427000,0.7779,0.306348,0.002724,0.000334,0.184044
427100,0.7779,0.306348,0.002724,0.000334,0.183809
427200,0.7779,0.306348,0.002724,0.000334,0.183809
427300,0.7779,0.306348,0.002724,0.000334,0.183809
427400,0.7779,0.306348,0.002724,0.000334,0.184044
427500,0.7779,0.306348,0.002724,0.000334,0.183809
427600,0.7779,0.306348,0.002724,0.000334,0.184044
427700,0.7779,0.306348,0.002724,0.000334,0.184044
427800,0.7779,0.306348,0.002724,0.000334,0.184278
427900,0.7779,0.306348,0.002724,0.000334,0.183809
428000,0.7779,0.306348,0.002724,0.000334,0.183809
428100,0.7779,0.306348,0.002724,0.000334,0.184044
428200,0.7779,0.306348,0.002724,0.000334,0.184044
428300,0.7779,0.306348,0.002724,0.000334,0.184278
428400,0.7779,0.306348,0.002724,0.000334,0.183809
428500,0.7779,0.306348,0.002724,0.000334,0.183809
428600,0.7779,0.306348,0.002724,0.000334,0.183809
428700,0.7779,0.306348,0.002724,0.000334,0.183809
428800,0.7779,0.306348,0.002724,0.000334,0.183809
428900,0.7779,0.306348,0.002724,0.000334,0.183809
429000,0.7779,0.306348,0.002724,0.000334,0.183809
429100,0.7779,0.306348,0.002724,0.000334,0.183809
429200,0.7779,0.306348,0.002724,0.000334,0.183809
429300,0.7779,0.306348,0.002724,0.000334,0.184278
429400,0.7779,0.306348,0.002724,0.000334,0.183809
429500,0.7779,0.306348,0.002724,0.000334,0.184278
429600,0.7779,0.306348,0.002724,0.000334,0.183809
429700,0.7779,0.306348,0.002724,0.000334,0.184278
429800,0.7779,0.306348,0.002724,0.000334,0.185417
429900,0.7779,0.306348,0.002724,0.000334,0.183809
430000,0.7779,0.306348,0.002724,0.000334,0.184278
430100,0.7779,0.306348,0.002724,0.000334,0.184044
430200,0.7779,0.306348,0.002724,0.000334,0.184278
430300,0.7779,0.306348,0.002724,0.000334,0.183809
430400,0.7779,0.306348,0.002724,0.000334,0.184513
430500,0.7779,0.306348,0.002724,0.000334,0.183809
430600,0.7779,0.306348,0.002724,0.000334,0.184044
430700,0.7779,0.306348,0.002724,0.000334,0.184044
430800,0.7779,0.306348,0.002724,0.000334,0.183809
430900,0.7779,0.306348,0.002724,0.000334,0.183809
431000,0.7779,0.306348,0.002724,0.000334,0.184044
431100,0.7779,0.306348,0.002724,0.000334,0.184044
431200,0.7779,0.306348,0.002724,0.000334,0.184513
431300,0.7779,0.306348,0.002724,0.000334,0.184044
431400,0.7779,0.306348,0.002724,0.000334,0.183809
431500,0.7779,0.306348,0.002724,0.000334,0.183809
431600,0.7779,0.306348,0.002724,0.000334,0.184044
431700,0.7779,0.306348,0.002724,0.000334,0.184278
431800,0.7779,0.306348,0.002724,0.000334,0.183809
431900,0.7779,0.306348,0.002724,0.000334,0.184278
432000,0.7779,0.306348,0.002724,0.000334,0.183809
432100,0.7779,0.306348,0.002724,0.000334,0.184044
432200,0.7779,0.306348,0.002724,0.000334,0.183809
432300,0.7779,0.306348,0.002724,0.000334,0.183809
432400,0.7779,0.306348,0.002724,0.000334,0.183809
432500,0.7779,0.306348,0.002724,0.000334,0.185218
432600,0.7779,0.306348,0.002724,0.000334,0.184044
432700,0.7779,0.306348,0.002724,0.000334,0.183809
432800,0.7779,0.306348,0.002724,0.000334,0.184044
432900,0.7779,0.306348,0.002724,0.000334,0.183809
433000,0.7779,0.306348,0.002724,0.000334,0.183809
433100,0.7779,0.306348,0.002724,0.000334,0.183809
433200,0.7779,0.306348,0.002724,0.000334,0.183809
433300,0.7779,0.306348,0.002724,0.000334,0.184044
433400,0.7779,0.306348,0.002724,0.000334,0.183809
433500,0.7779,0.306348,0.002724,0.000334,0.183809
433600,0.7779,0.306348,0.002724,0.000334,0.183809
433700,0.7779,0.306348,0.002724,0.000334,0.184044
433800,0.7779,0.306348,0.002724,0.000334,0.183809
433900,0.7779,0.306348,0.002724,0.000334,0.184044
434000,0.7779,0.306348,0.002724,0.000334,0.184044
434100,0.7779,0.306348,0.002724,0.000334,0.183809
434200,0.7779,0.306348,0.002724,0.000334,0.183809
434300,0.7779,0.306348,0.002724,0.000334,0.183809
434400,0.7779,0.306348,0.002724,0.000334,0.184044
434500,0.7779,0.306348,0.002724,0.000334,0.183809
434600,0.7779,0.306348,0.002724,0.000334,0.184044
434700,0.7779,0.306348,0.002724,0.000334,0.183809
434800,0.7779,0.306348,0.002724,0.000334,0.183809
434900,0.7779,0.306348,0.002724,0.000334,0.183809
435000,0.7779,0.306348,0.002724,0.000334,0.183809
435100,0.7779,0.306348,0.002724,0.000334,0.183809
435200,0.7779,0.306348,0.002724,0.000334,0.183809
435300,0.7779,0.306348,0.002724,0.000334,0.184044
435400,0.7779,0.306348,0.002724,0.000334,0.184513
435500,0.7779,0.306348,0.002724,0.000334,0.183809
435600,0.7779,0.306348,0.002724,0.000334,0.183809
435700,0.7779,0.306348,0.002724,0.000334,0.184278
435800,0.7779,0.306348,0.002724,0.000334,0.184278
435900,0.7779,0.306348,0.002724,0.000334,0.184278
436000,0.7779,0.306348,0.002724,0.000334,0.184513
436100,0.7779,0.306348,0.002724,0.000334,0.183809
436200,0.7779,0.306348,0.002724,0.000334,0.184044
436300,0.7779,0.306348,0.002724,0.000334,0.183809
436400,0.7779,0.306348,0.002724,0.000334,0.183809
436500,0.7779,0.306348,0.002724,0.000334,0.183809
436600,0.7779,0.306348,0.002724,0.000334,0.183809
436700,0.7779,0.306348,0.002724,0.000334,0.183809
436800,0.7779,0.306348,0.002724,0.000334,0.184513
436900,0.7779,0.306348,0.002724,0.000334,0.184513
437000,0.7779,0.306348,0.002724,0.000334,0.184278
437100,0.7779,0.306348,0.002724,0.000334,0.184044
437200,0.7779,0.306348,0.002724,0.000334,0.184044
437300,0.7779,0.306348,0.002724,0.000334,0.184044
437400,0.7779,0.306348,0.002724,0.000334,0.183809
437500,0.7779,0.306348,0.002724,0.000334,0.184044
437600,0.7779,0.306348,0.002724,0.000334,0.183809
437700,0.7779,0.306348,0.002724,0.000334,0.183809
437800,0.7779,0.306348,0.002724,0.000334,0.183809
437900,0.7779,0.306348,0.002724,0.000334,0.184044
438000,0.7779,0.306348,0.002724,0.000334,0.184044
438100,0.7779,0.306348,0.002724,0.000334,0.184044
438200,0.7779,0.306348,0.002724,0.000334,0.183809
438300,0.7779,0.306348,0.002724,0.000334,0.184044
438400,0.7779,0.306348,0.002724,0.000334,0.184044
438500,0.7779,0.306348,0.002724,0.000334,0.183809
438600,0.7779,0.306348,0.002724,0.000334,0.183809
438700,0.7779,0.306348,0.002724,0.000334,0.183809
438800,0.7779,0.306348,0.002724,0.000334,0.184044
438900,0.7779,0.306348,0.002724,0.000334,0.184044
439000,0.7779,0.306348,0.002724,0.000334,0.183809
439100,0.7779,0.306348,0.002724,0.000334,0.183809
439200,0.7779,0.306348,0.002724,0.000334,0.183809
439300,0.7779,0.306348,0.002724,0.000334,0.183809
439400,0.7779,0.306348,0.002724,0.000334,0.183809
439500,0.7779,0.306348,0.002724,0.000334,0.183809
439600,0.7779,0.306348,0.002724,0.000334,0.183809
439700,0.7779,0.306348,0.002724,0.000334,0.183809
439800,0.7779,0.306348,0.002724,0.000334,0.184044
439900,0.7779,0.306348,0.002724,0.000334,0.184513
440000,0.7779,0.306348,0.002724,0.000334,0.184044
440100,0.7779,0.306348,0.002724,0.000334,0.184044
440200,0.7779,0.306348,0.002724,0.000334,0.184044
440300,0.7779,0.306348,0.002724,0.000334,0.184044
440400,0.7779,0.306348,0.002724,0.000334,0.183809
440500,0.7779,0.306348,0.002724,0.000334,0.184044
440600,0.7779,0.306348,0.002724,0.000334,0.183809
440700,0.7779,0.306348,0.002724,0.000334,0.184044
440800,0.7779,0.306348,0.002724,0.000334,0.184044
440900,0.7779,0.306348,0.002724,0.000334,0.184513
441000,0.7779,0.306348,0.002724,0.000334,0.183809
441100,0.7779,0.306348,0.002724,0.000334,0.183809
441200,0.7779,0.306348,0.002724,0.000334,0.183809
441300,0.7779,0.306348,0.002724,0.000334,0.183809
441400,0.7779,0.306348,0.002724,0.000334,0.183809
441500,0.7779,0.306348,0.002724,0.000334,0.184044
441600,0.7779,0.306348,0.002724,0.000334,0.184513
441700,0.7779,0.306348,0.002724,0.000334,0.184044
441800,0.7779,0.306348,0.002724,0.000334,0.183809
441900,0.7779,0.306348,0.002724,0.000334,0.183809
442000,0.7779,0.306348,0.002724,0.000334,0.183809
442100,0.7779,0.306348,0.002724,0.000334,0.184044
442200,0.7779,0.306348,0.002724,0.000334,0.183809
442300,0.7779,0.306348,0.002724,0.000334,0.184983
442400,0.7779,0.306348,0.002724,0.000334,0.184278
442500,0.7779,0.306348,0.002724,0.000334,0.185182
442600,0.7779,0.306348,0.002724,0.000334,0.183809
442700,0.7779,0.306348,0.002724,0.000334,0.183809
442800,0.7779,0.306348,0.002724,0.000334,0.183809
442900,0.7779,0.306348,0.002724,0.000334,0.184044
443000,0.7779,0.306348,0.002724,0.000334,0.184044
443100,0.7779,0.306348,0.002724,0.000334,0.183809
443200,0.7779,0.306348,0.002724,0.000334,0.183809
443300,0.7779,0.306348,0.002724,0.000334,0.183809
443400,0.7779,0.306348,0.002724,0.000334,0.183809
443500,0.7779,0.306348,0.002724,0.000334,0.183809
443600,0.7779,0.306348,0.002724,0.000334,0.184044
443700,0.7779,0.306348,0.002724,0.000334,0.184278
443800,0.7779,0.306348,0.002724,0.000334,0.183809
443900,0.7779,0.306348,0.002724,0.000334,0.184044
444000,0.7779,0.306348,0.002724,0.000334,0.184044
444100,0.7779,0.306348,0.002724,0.000334,0.183809
444200,0.7779,0.306348,0.002724,0.000334,0.183809
444300,0.7779,0.306348,0.002724,0.000334,0.184278
444400,0.7779,0.306348,0.002724,0.000334,0.184513
444500,0.7779,0.306348,0.002724,0.000334,0.183809
444600,0.7779,0.306348,0.002724,0.000334,0.183809
444700,0.7779,0.306348,0.002724,0.000334,0.183809
444800,0.7779,0.306348,0.002724,0.000334,0.183809
444900,0.7779,0.306348,0.002724,0.000334,0.183809
445000,0.7779,0.306348,0.002724,0.000334,0.183809
445100,0.7779,0.306348,0.002724,0.000334,0.183809
445200,0.7779,0.306348,0.002724,0.000334,0.184044
445300,0.7779,0.306348,0.002724,0.000334,0.184044
445400,0.7779,0.306348,0.002724,0.000334,0.183809
445500,0.7779,0.306348,0.002724,0.000334,0.184044
445600,0.7779,0.306348,0.002724,0.000334,0.183809
445700,0.7779,0.306348,0.002724,0.000334,0.184044
445800,0.7779,0.306348,0.002724,0.000334,0.184044
445900,0.7779,0.306348,0.002724,0.000334,0.183809
446000,0.7779,0.306348,0.002724,0.000334,0.183809
446100,0.7779,0.306348,0.002724,0.000334,0.183809
446200,0.7779,0.306348,0.002724,0.000334,0.184044
446300,0.7779,0.306348,0.002724,0.000334,0.183809
446400,0.7779,0.306348,0.002724,0.000334,0.184044
446500,0.7779,0.306348,0.002724,0.000334,0.183809
446600,0.7779,0.306348,0.002724,0.000334,0.184278
446700,0.7779,0.306348,0.002724,0.000334,0.184044
446800,0.7779,0.306348,0.002724,0.000334,0.183809
446900,0.7779,0.306348,0.002724,0.000334,0.184044
447000,0.7779,0.306348,0.002724,0.000334,0.183809
447100,0.7779,0.306348,0.002724,0.000334,0.183809
447200,0.7779,0.306348,0.002724,0.000334,0.184044
447300,0.7779,0.306348,0.002724,0.000334,0.184044
447400,0.7779,0.306348,0.002724,0.000334,0.184278
447500,0.7779,0.306348,0.002724,0.000334,0.183809
447600,0.7779,0.306348,0.002724,0.000334,0.183809
447700,0.7779,0.306348,0.002724,0.000334,0.184278
447800,0.7779,0.306348,0.002724,0.000334,0.183809
447900,0.7779,0.306348,0.002724,0.000334,0.183809
448000,0.7779,0.306348,0.002724,0.000334,0.183809
448100,0.7779,0.306348,0.002724,0.000334,0.183809
448200,0.7779,0.306348,0.002724,0.000334,0.183809
448300,0.7779,0.306348,0.002724,0.000334,0.184044
448400,0.7779,0.306348,0.002724,0.000334,0.183809
448500,0.7779,0.306348,0.002724,0.000334,0.183809
448600,0.7779,0.306348,0.002724,0.000334,0.184044
448700,0.7779,0.306348,0.002724,0.000334,0.184278
448800,0.7779,0.306348,0.002724,0.000334,0.183809
448900,0.7779,0.306348,0.002724,0.000334,0.184278
449000,0.7779,0.306348,0.002724,0.000334,0.184044
449100,0.7779,0.306348,0.002724,0.000334,0.184044
449200,0.7779,0.306348,0.002724,0.000334,0.184044
449300,0.7779,0.306348,0.002724,0.000334,0.183809
449400,0.7779,0.306348,0.002724,0.000334,0.184044
449500,0.7779,0.306348,0.002724,0.000334,0.184513
449600,0.7779,0.306348,0.002724,0.000334,0.184278
449700,0.7779,0.306348,0.002724,0.000334,0.184044
449800,0.7779,0.306348,0.002724,0.000334,0.183809
449900,0.7779,0.306348,0.002724,0.000334,0.184044
450000,0.7779,0.306348,0.002724,0.000334,0.184044
450100,0.7779,0.306348,0.002724,0.000334,0.183809
450200,0.7779,0.306348,0.002724,0.000334,0.184044
450300,0.7779,0.306348,0.002724,0.000334,0.184044
450400,0.7779,0.306348,0.002724,0.000334,0.183809
450500,0.7779,0.306348,0.002724,0.000334,0.183809
450600,0.7779,0.306348,0.002724,0.000334,0.183809
450700,0.7779,0.306348,0.002724,0.000334,0.183809
450800,0.7779,0.306348,0.002724,0.000334,0.183809
450900,0.7779,0.306348,0.002724,0.000334,0.184044
451000,0.7779,0.306348,0.002724,0.000334,0.184278
451100,0.7779,0.306348,0.002724,0.000334,0.184044
451200,0.7779,0.306348,0.002724,0.000334,0.183809
451300,0.7779,0.306348,0.002724,0.000334,0.183809
451400,0.7779,0.306348,0.002724,0.000334,0.184044
451500,0.7779,0.306348,0.002724,0.000334,0.183809
451600,0.7779,0.306348,0.002724,0.000334,0.184278
451700,0.7779,0.306348,0.002724,0.000334,0.183809
451800,0.7779,0.306348,0.002724,0.000334,0.184278
451900,0.7779,0.306348,0.002724,0.000334,0.183809
452000,0.7779,0.306348,0.002724,0.000334,0.183809
452100,0.7779,0.306348,0.002724,0.000334,0.184044
452200,0.7779,0.306348,0.002724,0.000334,0.184278
452300,0.7779,0.306348,0.002724,0.000334,0.184044
452400,0.7779,0.306348,0.002724,0.000334,0.183809
452500,0.7779,0.306348,0.002724,0.000334,0.183809
452600,0.7779,0.306348,0.002724,0.000334,0.183809
452700,0.7779,0.306348,0.002724,0.000334,0.183809
452800,0.7779,0.306348,0.002724,0.000334,0.184044
452900,0.7779,0.306348,0.002724,0.000334,0.183809
453000,0.7779,0.306348,0.002724,0.000334,0.183809
453100,0.7779,0.306348,0.002724,0.000334,0.184044
453200,0.7779,0.306348,0.002724,0.000334,0.183809
453300,0.7779,0.306348,0.002724,0.000334,0.183809
453400,0.7779,0.306348,0.002724,0.000334,0.184278
453500,0.7779,0.306348,0.002724,0.000334,0.184044
453600,0.7779,0.306348,0.002724,0.000334,0.183809
453700,0.7779,0.306348,0.002724,0.000334,0.184044
453800,0.7779,0.306348,0.002724,0.000334,0.184044
453900,0.7779,0.306348,0.002724,0.000334,0.184044
454000,0.7779,0.306348,0.002724,0.000334,0.183809
454100,0.7779,0.306348,0.002724,0.000334,0.184044
454200,0.7779,0.306348,0.002724,0.000334,0.184044
454300,0.7779,0.306348,0.002724,0.000334,0.184983
454400,0.7779,0.306348,0.002724,0.000334,0.183809
454500,0.7779,0.306348,0.002724,0.000334,0.183809
454600,0.7779,0.306348,0.002724,0.000334,0.184044
454700,0.7779,0.306348,0.002724,0.000334,0.183809
454800,0.7779,0.306348,0.002724,0.000334,0.183809
454900,0.7779,0.306348,0.002724,0.000334,0.183809
455000,0.7779,0.306348,0.002724,0.000334,0.183809
455100,0.7779,0.306348,0.002724,0.000334,0.183809
455200,0.7779,0.306348,0.002724,0.000334,0.183809
455300,0.7779,0.306348,0.002724,0.000334,0.184044
455400,0.7779,0.306348,0.002724,0.000334,0.183809
455500,0.7779,0.306348,0.002724,0.000334,0.184044
455600,0.7779,0.306348,0.002724,0.000334,0.183809
455700,0.7779,0.306348,0.002724,0.000334,0.184044
455800,0.7779,0.306348,0.002724,0.000334,0.183809
455900,0.7779,0.306348,0.002724,0.000334,0.184278
456000,0.7779,0.306348,0.002724,0.000334,0.184044
456100,0.7779,0.306348,0.002724,0.000334,0.183809
456200,0.7779,0.306348,0.002724,0.000334,0.184044
456300,0.7779,0.306348,0.002724,0.000334,0.184513
456400,0.7779,0.306348,0.002724,0.000334,0.184044
456500,0.7779,0.306348,0.002724,0.000334,0.183809
456600,0.7779,0.306348,0.002724,0.000334,0.184278
456700,0.7779,0.306348,0.002724,0.000334,0.183809
456800,0.7779,0.306348,0.002724,0.000334,0.184044
456900,0.7779,0.306348,0.002724,0.000334,0.183809
457000,0.7779,0.306348,0.002724,0.000334,0.183809
457100,0.7779,0.306348,0.002724,0.000334,0.184044
457200,0.7779,0.306348,0.002724,0.000334,0.183809
457300,0.7779,0.306348,0.002724,0.000334,0.183809
457400,0.7779,0.306348,0.002724,0.000334,0.183809
457500,0.7779,0.306348,0.002724,0.000334,0.183809
457600,0.7779,0.306348,0.002724,0.000334,0.183809
457700,0.7779,0.306348,0.002724,0.000334,0.183809
457800,0.7779,0.306348,0.002724,0.000334,0.184044
457900,0.7779,0.306348,0.002724,0.000334,0.183809
458000,0.7779,0.306348,0.002724,0.000334,0.183809
458100,0.7779,0.306348,0.002724,0.000334,0.184278
458200,0.7779,0.306348,0.002724,0.000334,0.183809
458300,0.7779,0.306348,0.002724,0.000334,0.183809
458400,0.7779,0.306348,0.002724,0.000334,0.183809
458500,0.7779,0.306348,0.002724,0.000334,0.184513
458600,0.7779,0.306348,0.002724,0.000334,0.183809
458700,0.7779,0.306348,0.002724,0.000334,0.183809
458800,0.7779,0.306348,0.002724,0.000334,0.184044
458900,0.7779,0.306348,0.002724,0.000334,0.183809
459000,0.7779,0.306348,0.002724,0.000334,0.184044
459100,0.7779,0.306348,0.002724,0.000334,0.184044
459200,0.7779,0.306348,0.002724,0.000334,0.183809
459300,0.7779,0.306348,0.002724,0.000334,0.183809
459400,0.7779,0.306348,0.002724,0.000334,0.183809
459500,0.7779,0.306348,0.002724,0.000334,0.184278
459600,0.7779,0.306348,0.002724,0.000334,0.184044
459700,0.7779,0.306348,0.002724,0.000334,0.184044
459800,0.7779,0.306348,0.002724,0.000334,0.183809
459900,0.7779,0.306348,0.002724,0.000334,0.183809
460000,0.7779,0.306348,0.002724,0.000334,0.184278
460100,0.7779,0.306348,0.002724,0.000334,0.183809
460200,0.7779,0.306348,0.002724,0.000334,0.183809
460300,0.7779,0.306348,0.002724,0.000334,0.184278
460400,0.7779,0.306348,0.002724,0.000334,0.183809
460500,0.7779,0.306348,0.002724,0.000334,0.183809
460600,0.7779,0.306348,0.002724,0.000334,0.183809
460700,0.7779,0.306348,0.002724,0.000334,0.183809
460800,0.7779,0.306348,0.002724,0.000334,0.184278
460900,0.7779,0.306348,0.002724,0.000334,0.184278
461000,0.7779,0.306348,0.002724,0.000334,0.184044
461100,0.7779,0.306348,0.002724,0.000334,0.183809
461200,0.7779,0.306348,0.002724,0.000334,0.183809
461300,0.7779,0.306348,0.002724,0.000334,0.183809
461400,0.7779,0.306348,0.002724,0.000334,0.184278
461500,0.7779,0.306348,0.002724,0.000334,0.184044
461600,0.7779,0.306348,0.002724,0.000334,0.183809
461700,0.7779,0.306348,0.002724,0.000334,0.183809
461800,0.7779,0.306348,0.002724,0.000334,0.184044
461900,0.7779,0.306348,0.002724,0.000334,0.183809
462000,0.7779,0.306348,0.002724,0.000334,0.184044
462100,0.7779,0.306348,0.002724,0.000334,0.183809
462200,0.7779,0.306348,0.002724,0.000334,0.184513
462300,0.7779,0.306348,0.002724,0.000334,0.184044
462400,0.7779,0.306348,0.002724,0.000334,0.183809
462500,0.7779,0.306348,0.002724,0.000334,0.183809
462600,0.7779,0.306348,0.002724,0.000334,0.183809
462700,0.7779,0.306348,0.002724,0.000334,0.183809
462800,0.7779,0.306348,0.002724,0.000334,0.183809
462900,0.7779,0.306348,0.002724,0.000334,0.183809
463000,0.7779,0.306348,0.002724,0.000334,0.183809
463100,0.7779,0.306348,0.002724,0.000334,0.183809
463200,0.7779,0.306348,0.002724,0.000334,0.183809
463300,0.7779,0.306348,0.002724,0.000334,0.184044
463400,0.7779,0.306348,0.002724,0.000334,0.184278
463500,0.7779,0.306348,0.002724,0.000334,0.183809
463600,0.7779,0.306348,0.002724,0.000334,0.184044
463700,0.7779,0.306348,0.002724,0.000334,0.184044
463800,0.7779,0.306348,0.002724,0.000334,0.183809
463900,0.7779,0.306348,0.002724,0.000334,0.184044
464000,0.7779,0.306348,0.002724,0.000334,0.184044
464100,0.7779,0.306348,0.002724,0.000334,0.184044
464200,0.7779,0.306348,0.002724,0.000334,0.183809
464300,0.7779,0.306348,0.002724,0.000334,0.183809
464400,0.7779,0.306348,0.002724,0.000334,0.183809
464500,0.7779,0.306348,0.002724,0.000334,0.183809
464600,0.7779,0.306348,0.002724,0.000334,0.183809
464700,0.7779,0.306348,0.002724,0.000334,0.184044
464800,0.7779,0.306348,0.002724,0.000334,0.184278
464900,0.7779,0.306348,0.002724,0.000334,0.183809
465000,0.7779,0.306348,0.002724,0.000334,0.183809
465100,0.7779,0.306348,0.002724,0.000334,0.183809
465200,0.7779,0.306348,0.002724,0.000334,0.183809
465300,0.7779,0.306348,0.002724,0.000334,0.183809
465400,0.7779,0.306348,0.002724,0.000334,0.184278
465500,0.7779,0.306348,0.002724,0.000334,0.183809
465600,0.7779,0.306348,0.002724,0.000334,0.184044
465700,0.7779,0.306348,0.002724,0.000334,0.184044
465800,0.7779,0.306348,0.002724,0.000334,0.183809
465900,0.7779,0.306348,0.002724,0.000334,0.183809
466000,0.7779,0.306348,0.002724,0.000334,0.183809
466100,0.7779,0.306348,0.002724,0.000334,0.183809
466200,0.7779,0.306348,0.002724,0.000334,0.183809
466300,0.7779,0.306348,0.002724,0.000334,0.183809
466400,0.7779,0.306348,0.002724,0.000334,0.184044
466500,0.7779,0.306348,0.002724,0.000334,0.183809
466600,0.7779,0.306348,0.002724,0.000334,0.183809
466700,0.7779,0.306348,0.002724,0.000334,0.184044
466800,0.7779,0.306348,0.002724,0.000334,0.183809
466900,0.7779,0.306348,0.002724,0.000334,0.184278
467000,0.7779,0.306348,0.002724,0.000334,0.183809
467100,0.7779,0.306348,0.002724,0.000334,0.184278
467200,0.7779,0.306348,0.002724,0.000334,0.184044
467300,0.7779,0.306348,0.002724,0.000334,0.184278
467400,0.7779,0.306348,0.002724,0.000334,0.184044
467500,0.7779,0.306348,0.002724,0.000334,0.183809
467600,0.7779,0.306348,0.002724,0.000334,0.184513
467700,0.7779,0.306348,0.002724,0.000334,0.183809
467800,0.7779,0.306348,0.002724,0.000334,0.184044
467900,0.7779,0.306348,0.002724,0.000334,0.183809
468000,0.7779,0.306348,0.002724,0.000334,0.184278
468100,0.7779,0.306348,0.002724,0.000334,0.183809
468200,0.7779,0.306348,0.002724,0.000334,0.183809
468300,0.7779,0.306348,0.002724,0.000334,0.183809
468400,0.7779,0.306348,0.002724,0.000334,0.183809
468500,0.7779,0.306348,0.002724,0.000334,0.183809
468600,0.7779,0.306348,0.002724,0.000334,0.184044
468700,0.7779,0.306348,0.002724,0.000334,0.184044
468800,0.7779,0.306348,0.002724,0.000334,0.183809
468900,0.7779,0.306348,0.002724,0.000334,0.183809
469000,0.7779,0.306348,0.002724,0.000334,0.184044
469100,0.7779,0.306348,0.002724,0.000334,0.184044
469200,0.7779,0.306348,0.002724,0.000334,0.183809
469300,0.7779,0.306348,0.002724,0.000334,0.183809
469400,0.7779,0.306348,0.002724,0.000334,0.184044
469500,0.7779,0.306348,0.002724,0.000334,0.184044
469600,0.7779,0.306348,0.002724,0.000334,0.184044
469700,0.7779,0.306348,0.002724,0.000334,0.183809
469800,0.7779,0.306348,0.002724,0.000334,0.183809
469900,0.7779,0.306348,0.002724,0.000334,0.183809
470000,0.7779,0.306348,0.002724,0.000334,0.183809
470100,0.7779,0.306348,0.002724,0.000334,0.184044
470200,0.7779,0.306348,0.002724,0.000334,0.183809
470300,0.7779,0.306348,0.002724,0.000334,0.184044
470400,0.7779,0.306348,0.002724,0.000334,0.184278
470500,0.7779,0.306348,0.002724,0.000334,0.183809
470600,0.7779,0.306348,0.002724,0.000334,0.183809
470700,0.7779,0.306348,0.002724,0.000334,0.184044
470800,0.7779,0.306348,0.002724,0.000334,0.183809
470900,0.7779,0.306348,0.002724,0.000334,0.183809
471000,0.7779,0.306348,0.002724,0.000334,0.183809
471100,0.7779,0.306348,0.002724,0.000334,0.184044
471200,0.7779,0.306348,0.002724,0.000334,0.183809
471300,0.7779,0.306348,0.002724,0.000334,0.183809
471400,0.7779,0.306348,0.002724,0.000334,0.184044
471500,0.7779,0.306348,0.002724,0.000334,0.183809
471600,0.7779,0.306348,0.002724,0.000334,0.183809
471700,0.7779,0.306348,0.002724,0.000334,0.183809
471800,0.7779,0.306348,0.002724,0.000334,0.183809
471900,0.7779,0.306348,0.002724,0.000334,0.183809
472000,0.7779,0.306348,0.002724,0.000334,0.184044
472100,0.7779,0.306348,0.002724,0.000334,0.183809
472200,0.7779,0.306348,0.002724,0.000334,0.184044
472300,0.7779,0.306348,0.002724,0.000334,0.184044
472400,0.7779,0.306348,0.002724,0.000334,0.184278
472500,0.7779,0.306348,0.002724,0.000334,0.184044
472600,0.7779,0.306348,0.002724,0.000334,0.183809
472700,0.7779,0.306348,0.002724,0.000334,0.183809
472800,0.7779,0.306348,0.002724,0.000334,0.183809
472900,0.7779,0.306348,0.002724,0.000334,0.183809
473000,0.7779,0.306348,0.002724,0.000334,0.183809
473100,0.7779,0.306348,0.002724,0.000334,0.184278
473200,0.7779,0.306348,0.002724,0.000334,0.183809
473300,0.7779,0.306348,0.002724,0.000334,0.183809
473400,0.7779,0.306348,0.002724,0.000334,0.184044
473500,0.7779,0.306348,0.002724,0.000334,0.183809
473600,0.7779,0.306348,0.002724,0.000334,0.183809
473700,0.7779,0.306348,0.002724,0.000334,0.184044
473800,0.7779,0.306348,0.002724,0.000334,0.184513
473900,0.7779,0.306348,0.002724,0.000334,0.183809
474000,0.7779,0.306348,0.002724,0.000334,0.183809
474100,0.7779,0.306348,0.002724,0.000334,0.183809
474200,0.7779,0.306348,0.002724,0.000334,0.183809
474300,0.7779,0.306348,0.002724,0.000334,0.184044
474400,0.7779,0.306348,0.002724,0.000334,0.183809
474500,0.7779,0.306348,0.002724,0.000334,0.184513
474600,0.7779,0.306348,0.002724,0.000334,0.183809
474700,0.7779,0.306348,0.002724,0.000334,0.184044
474800,0.7779,0.306348,0.002724,0.000334,0.183809
474900,0.7779,0.306348,0.002724,0.000334,0.183809
475000,0.7779,0.306348,0.002724,0.000334,0.183809
475100,0.7779,0.306348,0.002724,0.000334,0.183809
475200,0.7779,0.306348,0.002724,0.000334,0.184044
475300,0.7779,0.306348,0.002724,0.000334,0.183809
475400,0.7779,0.306348,0.002724,0.000334,0.184044
475500,0.7779,0.306348,0.002724,0.000334,0.184044
475600,0.7779,0.306348,0.002724,0.000334,0.183809
475700,0.7779,0.306348,0.002724,0.000334,0.183809
475800,0.7779,0.306348,0.002724,0.000334,0.183809
475900,0.7779,0.306348,0.002724,0.000334,0.183809
476000,0.7779,0.306348,0.002724,0.000334,0.184044
476100,0.7779,0.306348,0.002724,0.000334,0.183809
476200,0.7779,0.306348,0.002724,0.000334,0.183809
476300,0.7779,0.306348,0.002724,0.000334,0.183809
476400,0.7779,0.306348,0.002724,0.000334,0.183809
476500,0.7779,0.306348,0.002724,0.000334,0.184044
476600,0.7779,0.306348,0.002724,0.000334,0.183809
476700,0.7779,0.306348,0.002724,0.000334,0.184044
476800,0.7779,0.306348,0.002724,0.000334,0.183809
476900,0.7779,0.306348,0.002724,0.000334,0.183809
477000,0.7779,0.306348,0.002724,0.000334,0.183809
477100,0.7779,0.306348,0.002724,0.000334,0.184278
477200,0.7779,0.306348,0.002724,0.000334,0.183809
477300,0.7779,0.306348,0.002724,0.000334,0.183809
477400,0.7779,0.306348,0.002724,0.000334,0.183809
477500,0.7779,0.306348,0.002724,0.000334,0.183809
477600,0.7779,0.306348,0.002724,0.000334,0.184278
477700,0.7779,0.306348,0.002724,0.000334,0.184278
477800,0.7779,0.306348,0.002724,0.000334,0.183809
477900,0.7779,0.306348,0.002724,0.000334,0.183809
478000,0.7779,0.306348,0.002724,0.000334,0.184044
478100,0.7779,0.306348,0.002724,0.000334,0.184044
478200,0.7779,0.306348,0.002724,0.000334,0.183809
478300,0.7779,0.306348,0.002724,0.000334,0.183809
478400,0.7779,0.306348,0.002724,0.000334,0.183809
478500,0.7779,0.306348,0.002724,0.000334,0.184044
478600,0.7779,0.306348,0.002724,0.000334,0.183809
478700,0.7779,0.306348,0.002724,0.000334,0.184044
478800,0.7779,0.306348,0.002724,0.000334,0.183809
478900,0.7779,0.306348,0.002724,0.000334,0.184044
479000,0.7779,0.306348,0.002724,0.000334,0.184278
479100,0.7779,0.306348,0.002724,0.000334,0.183809
479200,0.7779,0.306348,0.002724,0.000334,0.184278
479300,0.7779,0.306348,0.002724,0.000334,0.183809
479400,0.7779,0.306348,0.002724,0.000334,0.184278
479500,0.7779,0.306348,0.002724,0.000334,0.183809
479600,0.7779,0.306348,0.002724,0.000334,0.183809
479700,0.7779,0.306348,0.002724,0.000334,0.183809
479800,0.7779,0.306348,0.002724,0.000334,0.183809
479900,0.7779,0.306348,0.002724,0.000334,0.183809
480000,0.7779,0.306348,0.002724,0.000334,0.183809
480100,0.7779,0.306348,0.002724,0.000334,0.183809
480200,0.7779,0.306348,0.002724,0.000334,0.183809
480300,0.7779,0.306348,0.002724,0.000334,0.183809
480400,0.7779,0.306348,0.002724,0.000334,0.184044
480500,0.7779,0.306348,0.002724,0.000334,0.184044
480600,0.7779,0.306348,0.002724,0.000334,0.184044
480700,0.7779,0.306348,0.002724,0.000334,0.183809
480800,0.7779,0.306348,0.002724,0.000334,0.183809
480900,0.7779,0.306348,0.002724,0.000334,0.183809
481000,0.7779,0.306348,0.002724,0.000334,0.183809
481100,0.7779,0.306348,0.002724,0.000334,0.184044
481200,0.7779,0.306348,0.002724,0.000334,0.183809
481300,0.7779,0.306348,0.002724,0.000334,0.184044
481400,0.7779,0.306348,0.002724,0.000334,0.184044
481500,0.7779,0.306348,0.002724,0.000334,0.183809
481600,0.7779,0.306348,0.002724,0.000334,0.183809
481700,0.7779,0.306348,0.002724,0.000334,0.184044
481800,0.7779,0.306348,0.002724,0.000334,0.183809
481900,0.7779,0.306348,0.002724,0.000334,0.183809
482000,0.7779,0.306348,0.002724,0.000334,0.184044
482100,0.7779,0.306348,0.002724,0.000334,0.183809
482200,0.7779,0.306348,0.002724,0.000334,0.183809
482300,0.7779,0.306348,0.002724,0.000334,0.183809
482400,0.7779,0.306348,0.002724,0.000334,0.184044
482500,0.7779,0.306348,0.002724,0.000334,0.183809
482600,0.7779,0.306348,0.002724,0.000334,0.183809
482700,0.7779,0.306348,0.002724,0.000334,0.183809
482800,0.7779,0.306348,0.002724,0.000334,0.183809
482900,0.7779,0.306348,0.002724,0.000334,0.183809
483000,0.7779,0.306348,0.002724,0.000334,0.184044
483100,0.7779,0.306348,0.002724,0.000334,0.184044
483200,0.7779,0.306348,0.002724,0.000334,0.184044
483300,0.7779,0.306348,0.002724,0.000334,0.184044
483400,0.7779,0.306348,0.002724,0.000334,0.183809
483500,0.7779,0.306348,0.002724,0.000334,0.184278
483600,0.7779,0.306348,0.002724,0.000334,0.184044
483700,0.7779,0.306348,0.002724,0.000334,0.183809
483800,0.7779,0.306348,0.002724,0.000334,0.183809
483900,0.7779,0.306348,0.002724,0.000334,0.183809
484000,0.7779,0.306348,0.002724,0.000334,0.183809
484100,0.7779,0.306348,0.002724,0.000334,0.183809
484200,0.7779,0.306348,0.002724,0.000334,0.184044
484300,0.7779,0.306348,0.002724,0.000334,0.183809
484400,0.7779,0.306348,0.002724,0.000334,0.183809
484500,0.7779,0.306348,0.002724,0.000334,0.184044
484600,0.7779,0.306348,0.002724,0.000334,0.184044
484700,0.7779,0.306348,0.002724,0.000334,0.183809
484800,0.7779,0.306348,0.002724,0.000334,0.183809
484900,0.7779,0.306348,0.002724,0.000334,0.183809
485000,0.7779,0.306348,0.002724,0.000334,0.183809
485100,0.7779,0.306348,0.002724,0.000334,0.183809
485200,0.7779,0.306348,0.002724,0.000334,0.183809
485300,0.7779,0.306348,0.002724,0.000334,0.183809
485400,0.7779,0.306348,0.002724,0.000334,0.184044
485500,0.7779,0.306348,0.002724,0.000334,0.183809
485600,0.7779,0.306348,0.002724,0.000334,0.184278
485700,0.7779,0.306348,0.002724,0.000334,0.183809
485800,0.7779,0.306348,0.002724,0.000334,0.183809
485900,0.7779,0.306348,0.002724,0.000334,0.183809
486000,0.7779,0.306348,0.002724,0.000334,0.183809
486100,0.7779,0.306348,0.002724,0.000334,0.184044
486200,0.7779,0.306348,0.002724,0.000334,0.183809
486300,0.7779,0.306348,0.002724,0.000334,0.184044
486400,0.7779,0.306348,0.002724,0.000334,0.183809
486500,0.7779,0.306348,0.002724,0.000334,0.183809
486600,0.7779,0.306348,0.002724,0.000334,0.183809
486700,0.7779,0.306348,0.002724,0.000334,0.183809
486800,0.7779,0.306348,0.002724,0.000334,0.183809
486900,0.7779,0.306348,0.002724,0.000334,0.183809
487000,0.7779,0.306348,0.002724,0.000334,0.183809
487100,0.7779,0.306348,0.002724,0.000334,0.184044
487200,0.7779,0.306348,0.002724,0.000334,0.183809
487300,0.7779,0.306348,0.002724,0.000334,0.184044
487400,0.7779,0.306348,0.002724,0.000334,0.184044
487500,0.7779,0.306348,0.002724,0.000334,0.183809
487600,0.7779,0.306348,0.002724,0.000334,0.183809
487700,0.7779,0.306348,0.002724,0.000334,0.184044
487800,0.7779,0.306348,0.002724,0.000334,0.183809
487900,0.7779,0.306348,0.002724,0.000334,0.183809
488000,0.7779,0.306348,0.002724,0.000334,0.184513
488100,0.7779,0.306348,0.002724,0.000334,0.184044
488200,0.7779,0.306348,0.002724,0.000334,0.183809
488300,0.7779,0.306348,0.002724,0.000334,0.183809
488400,0.7779,0.306348,0.002724,0.000334,0.183809
488500,0.7779,0.306348,0.002724,0.000334,0.183809
488600,0.7779,0.306348,0.002724,0.000334,0.183809
488700,0.7779,0.306348,0.002724,0.000334,0.183809
488800,0.7779,0.306348,0.002724,0.000334,0.183809
488900,0.7779,0.306348,0.002724,0.000334,0.183809
489000,0.7779,0.306348,0.002724,0.000334,0.184044
489100,0.7779,0.306348,0.002724,0.000334,0.183809
489200,0.7779,0.306348,0.002724,0.000334,0.183809
489300,0.7779,0.306348,0.002724,0.000334,0.184044
489400,0.7779,0.306348,0.002724,0.000334,0.183809
489500,0.7779,0.306348,0.002724,0.000334,0.183809
489600,0.7779,0.306348,0.002724,0.000334,0.184044
489700,0.7779,0.306348,0.002724,0.000334,0.184044
489800,0.7779,0.306348,0.002724,0.000334,0.183809
489900,0.7779,0.306348,0.002724,0.000334,0.183809
490000,0.7779,0.306348,0.002724,0.000334,0.184044
490100,0.7779,0.306348,0.002724,0.000334,0.183809
490200,0.7779,0.306348,0.002724,0.000334,0.183809
490300,0.7779,0.306348,0.002724,0.000334,0.183809
490400,0.7779,0.306348,0.002724,0.000334,0.183809
490500,0.7779,0.306348,0.002724,0.000334,0.183809
490600,0.7779,0.306348,0.002724,0.000334,0.183809
490700,0.7779,0.306348,0.002724,0.000334,0.183809
490800,0.7779,0.306348,0.002724,0.000334,0.183809
490900,0.7779,0.306348,0.002724,0.000334,0.183809
491000,0.7779,0.306348,0.002724,0.000334,0.184044
491100,0.7779,0.306348,0.002724,0.000334,0.183809
491200,0.7779,0.306348,0.002724,0.000334,0.183809
491300,0.7779,0.306348,0.002724,0.000334,0.184044
491400,0.7779,0.306348,0.002724,0.000334,0.184044
491500,0.7779,0.306348,0.002724,0.000334,0.183809
491600,0.7779,0.306348,0.002724,0.000334,0.183809
491700,0.7779,0.306348,0.002724,0.000334,0.184044
491800,0.7779,0.306348,0.002724,0.000334,0.183809
491900,0.7779,0.306348,0.002724,0.000334,0.183809
492000,0.7779,0.306348,0.002724,0.000334,0.183809
492100,0.7779,0.306348,0.002724,0.000334,0.183809
492200,0.7779,0.306348,0.002724,0.000334,0.184044
492300,0.7779,0.306348,0.002724,0.000334,0.183809
492400,0.7779,0.306348,0.002724,0.000334,0.183809
492500,0.7779,0.306348,0.002724,0.000334,0.183809
492600,0.7779,0.306348,0.002724,0.000334,0.184044
492700,0.7779,0.306348,0.002724,0.000334,0.183809
492800,0.7779,0.306348,0.002724,0.000334,0.184044
492900,0.7779,0.306348,0.002724,0.000334,0.184278
493000,0.7779,0.306348,0.002724,0.000334,0.183809
493100,0.7779,0.306348,0.002724,0.000334,0.183809
493200,0.7779,0.306348,0.002724,0.000334,0.183809
493300,0.7779,0.306348,0.002724,0.000334,0.183809
493400,0.7779,0.306348,0.002724,0.000334,0.183809
493500,0.7779,0.306348,0.002724,0.000334,0.183809
493600,0.7779,0.306348,0.002724,0.000334,0.183809
493700,0.7779,0.306348,0.002724,0.000334,0.184044
493800,0.7779,0.306348,0.002724,0.000334,0.183809
493900,0.7779,0.306348,0.002724,0.000334,0.183809
494000,0.7779,0.306348,0.002724,0.000334,0.183809
494100,0.7779,0.306348,0.002724,0.000334,0.183809
494200,0.7779,0.306348,0.002724,0.000334,0.183809
494300,0.7779,0.306348,0.002724,0.000334,0.183809
494400,0.7779,0.306348,0.002724,0.000334,0.184044
494500,0.7779,0.306348,0.002724,0.000334,0.183809
494600,0.7779,0.306348,0.002724,0.000334,0.183809
494700,0.7779,0.306348,0.002724,0.000334,0.183809
494800,0.7779,0.306348,0.002724,0.000334,0.183809
494900,0.7779,0.306348,0.002724,0.000334,0.183809
495000,0.7779,0.306348,0.002724,0.000334,0.183809
495100,0.7779,0.306348,0.002724,0.000334,0.184278
495200,0.7779,0.306348,0.002724,0.000334,0.183809
495300,0.7779,0.306348,0.002724,0.000334,0.184044
495400,0.7779,0.306348,0.002724,0.000334,0.183809
495500,0.7779,0.306348,0.002724,0.000334,0.183809
495600,0.7779,0.306348,0.002724,0.000334,0.184044
495700,0.7779,0.306348,0.002724,0.000334,0.184278
495800,0.7779,0.306348,0.002724,0.000334,0.183809
495900,0.7779,0.306348,0.002724,0.000334,0.183809
496000,0.7779,0.306348,0.002724,0.000334,0.184044
496100,0.7779,0.306348,0.002724,0.000334,0.183809
496200,0.7779,0.306348,0.002724,0.000334,0.184044
496300,0.7779,0.306348,0.002724,0.000334,0.183809
496400,0.7779,0.306348,0.002724,0.000334,0.184044
496500,0.7779,0.306348,0.002724,0.000334,0.183809
496600,0.7779,0.306348,0.002724,0.000334,0.183809
496700,0.7779,0.306348,0.002724,0.000334,0.184044
496800,0.7779,0.306348,0.002724,0.000334,0.183809
496900,0.7779,0.306348,0.002724,0.000334,0.183809
497000,0.7779,0.306348,0.002724,0.000334,0.184278
497100,0.7779,0.306348,0.002724,0.000334,0.183809
497200,0.7779,0.306348,0.002724,0.000334,0.183809
497300,0.7779,0.306348,0.002724,0.000334,0.184044
497400,0.7779,0.306348,0.002724,0.000334,0.184044
497500,0.7779,0.306348,0.002724,0.000334,0.183809
497600,0.7779,0.306348,0.002724,0.000334,0.184044
497700,0.7779,0.306348,0.002724,0.000334,0.184044
497800,0.7779,0.306348,0.002724,0.000334,0.183809
497900,0.7779,0.306348,0.002724,0.000334,0.183809
498000,0.7779,0.306348,0.002724,0.000334,0.183809
498100,0.7779,0.306348,0.002724,0.000334,0.183809
498200,0.7779,0.306348,0.002724,0.000334,0.183809
498300,0.7779,0.306348,0.002724,0.000334,0.183809
498400,0.7779,0.306348,0.002724,0.000334,0.183809
498500,0.7779,0.306348,0.002724,0.000334,0.183809
498600,0.7779,0.306348,0.002724,0.000334,0.183809
498700,0.7779,0.306348,0.002724,0.000334,0.183809
498800,0.7779,0.306348,0.002724,0.000334,0.183809
498900,0.7779,0.306348,0.002724,0.000334,0.183809
499000,0.7779,0.306348,0.002724,0.000334,0.184278
499100,0.7779,0.306348,0.002724,0.000334,0.183809
499200,0.7779,0.306348,0.002724,0.000334,0.183809
499300,0.7779,0.306348,0.002724,0.000334,0.183809
499400,0.7779,0.306348,0.002724,0.000334,0.183809
499500,0.7779,0.306348,0.002724,0.000334,0.183809
499600,0.7779,0.306348,0.002724,0.000334,0.183809
499700,0.7779,0.306348,0.002724,0.000334,0.183809
499800,0.7779,0.306348,0.002724,0.000334,0.183809
499900,0.7779,0.306348,0.002724,0.000334,0.184278
500000,0.7779,0.306348,0.002724,0.000334,0.183809
500100,0.7779,0.306348,0.002724,0.000334,0.183809
500200,0.7779,0.306348,0.002724,0.000334,0.184044
500300,0.7779,0.306348,0.002724,0.000334,0.183809
500400,0.7779,0.306348,0.002724,0.000334,0.183809
500500,0.7779,0.306348,0.002724,0.000334,0.183809
500600,0.7779,0.306348,0.002724,0.000334,0.183809
500700,0.7779,0.306348,0.002724,0.000334,0.183809
500800,0.7779,0.306348,0.002724,0.000334,0.184278
500900,0.7779,0.306348,0.002724,0.000334,0.183809
501000,0.7779,0.306348,0.002724,0.000334,0.183809
501100,0.7779,0.306348,0.002724,0.000334,0.184044
501200,0.7779,0.306348,0.002724,0.000334,0.183809
501300,0.7779,0.306348,0.002724,0.000334,0.183809
501400,0.7779,0.306348,0.002724,0.000334,0.183809
501500,0.7779,0.306348,0.002724,0.000334,0.183809
501600,0.7779,0.306348,0.002724,0.000334,0.183809
501700,0.7779,0.306348,0.002724,0.000334,0.184044
501800,0.7779,0.306348,0.002724,0.000334,0.183809
501900,0.7779,0.306348,0.002724,0.000334,0.184044
502000,0.7779,0.306348,0.002724,0.000334,0.183809
502100,0.7779,0.306348,0.002724,0.000334,0.183809
502200,0.7779,0.306348,0.002724,0.000334,0.184044
502300,0.7779,0.306348,0.002724,0.000334,0.184044
502400,0.7779,0.306348,0.002724,0.000334,0.183809
502500,0.7779,0.306348,0.002724,0.000334,0.183809
502600,0.7779,0.306348,0.002724,0.000334,0.184278
502700,0.7779,0.306348,0.002724,0.000334,0.183809
502800,0.7779,0.306348,0.002724,0.000334,0.183809
502900,0.7779,0.306348,0.002724,0.000334,0.183809
503000,0.7779,0.306348,0.002724,0.000334,0.183809
503100,0.7779,0.306348,0.002724,0.000334,0.184278
503200,0.7779,0.306348,0.002724,0.000334,0.184044
503300,0.7779,0.306348,0.002724,0.000334,0.183809
503400,0.7779,0.306348,0.002724,0.000334,0.183809
503500,0.7779,0.306348,0.002724,0.000334,0.183809
503600,0.7779,0.306348,0.002724,0.000334,0.183809
503700,0.7779,0.306348,0.002724,0.000334,0.183809
503800,0.7779,0.306348,0.002724,0.000334,0.184044
503900,0.7779,0.306348,0.002724,0.000334,0.184044
504000,0.7779,0.306348,0.002724,0.000334,0.184044
504100,0.7779,0.306348,0.002724,0.000334,0.183809
504200,0.7779,0.306348,0.002724,0.000334,0.183809
504300,0.7779,0.306348,0.002724,0.000334,0.183809
504400,0.7779,0.306348,0.002724,0.000334,0.183809
504500,0.7779,0.306348,0.002724,0.000334,0.183809
504600,0.7779,0.306348,0.002724,0.000334,0.183809
504700,0.7779,0.306348,0.002724,0.000334,0.183809
504800,0.7779,0.306348,0.002724,0.000334,0.184044
504900,0.7779,0.306348,0.002724,0.000334,0.184044
505000,0.7779,0.306348,0.002724,0.000334,0.184044
505100,0.7779,0.306348,0.002724,0.000334,0.184044
505200,0.7779,0.306348,0.002724,0.000334,0.183809
505300,0.7779,0.306348,0.002724,0.000334,0.183809
505400,0.7779,0.306348,0.002724,0.000334,0.183809
505500,0.7779,0.306348,0.002724,0.000334,0.183809
505600,0.7779,0.306348,0.002724,0.000334,0.183809
505700,0.7779,0.306348,0.002724,0.000334,0.183809
505800,0.7779,0.306348,0.002724,0.000334,0.183809
505900,0.7779,0.306348,0.002724,0.000334,0.183809
506000,0.7779,0.306348,0.002724,0.000334,0.183809
506100,0.7779,0.306348,0.002724,0.000334,0.183809
506200,0.7779,0.306348,0.002724,0.000334,0.183809
506300,0.7779,0.306348,0.002724,0.000334,0.183809
506400,0.7779,0.306348,0.002724,0.000334,0.184278
506500,0.7779,0.306348,0.002724,0.000334,0.184044
506600,0.7779,0.306348,0.002724,0.000334,0.183809
506700,0.7779,0.306348,0.002724,0.000334,0.183809
506800,0.7779,0.306348,0.002724,0.000334,0.183809
506900,0.7779,0.306348,0.002724,0.000334,0.184044
507000,0.7779,0.306348,0.002724,0.000334,0.183809
507100,0.7779,0.306348,0.002724,0.000334,0.183809
507200,0.7779,0.306348,0.002724,0.000334,0.183809
507300,0.7779,0.306348,0.002724,0.000334,0.183809
507400,0.7779,0.306348,0.002724,0.000334,0.184044
507500,0.7779,0.306348,0.002724,0.000334,0.183809
507600,0.7779,0.306348,0.002724,0.000334,0.183809
507700,0.7779,0.306348,0.002724,0.000334,0.183809
507800,0.7779,0.306348,0.002724,0.000334,0.183809
507900,0.7779,0.306348,0.002724,0.000334,0.184044
508000,0.7779,0.306348,0.002724,0.000334,0.183809
508100,0.7779,0.306348,0.002724,0.000334,0.184044
508200,0.7779,0.306348,0.002724,0.000334,0.183809
508300,0.7779,0.306348,0.002724,0.000334,0.183809
508400,0.7779,0.306348,0.002724,0.000334,0.183809
508500,0.7779,0.306348,0.002724,0.000334,0.184044
508600,0.7779,0.306348,0.002724,0.000334,0.183809
508700,0.7779,0.306348,0.002724,0.000334,0.183809
508800,0.7779,0.306348,0.002724,0.000334,0.183809
508900,0.7779,0.306348,0.002724,0.000334,0.183809
509000,0.7779,0.306348,0.002724,0.000334,0.184044
509100,0.7779,0.306348,0.002724,0.000334,0.184044
509200,0.7779,0.306348,0.002724,0.000334,0.183809
509300,0.7779,0.306348,0.002724,0.000334,0.184044
509400,0.7779,0.306348,0.002724,0.000334,0.184278
509500,0.7779,0.306348,0.002724,0.000334,0.183809
509600,0.7779,0.306348,0.002724,0.000334,0.183809
509700,0.7779,0.306348,0.002724,0.000334,0.184044
509800,0.7779,0.306348,0.002724,0.000334,0.183809
509900,0.7779,0.306348,0.002724,0.000334,0.183809
510000,0.7779,0.306348,0.002724,0.000334,0.183809
510100,0.7779,0.306348,0.002724,0.000334,0.183809
510200,0.7779,0.306348,0.002724,0.000334,0.183809
510300,0.7779,0.306348,0.002724,0.000334,0.183809
510400,0.7779,0.306348,0.002724,0.000334,0.183809
510500,0.7779,0.306348,0.002724,0.000334,0.184044
510600,0.7779,0.306348,0.002724,0.000334,0.183809
510700,0.7779,0.306348,0.002724,0.000334,0.184044
510800,0.7779,0.306348,0.002724,0.000334,0.183809
510900,0.7779,0.306348,0.002724,0.000334,0.184044
511000,0.7779,0.306348,0.002724,0.000334,0.183809
511100,0.7779,0.306348,0.002724,0.000334,0.183809
511200,0.7779,0.306348,0.002724,0.000334,0.183809
511300,0.7779,0.306348,0.002724,0.000334,0.183809
511400,0.7779,0.306348,0.002724,0.000334,0.183809
511500,0.7779,0.306348,0.002724,0.000334,0.183809
511600,0.7779,0.306348,0.002724,0.000334,0.184278
511700,0.7779,0.306348,0.002724,0.000334,0.184044
511800,0.7779,0.306348,0.002724,0.000334,0.183809
511900,0.7779,0.306348,0.002724,0.000334,0.183809
512000,0.7779,0.306348,0.002724,0.000334,0.183809
512100,0.7779,0.306348,0.002724,0.000334,0.183809
512200,0.7779,0.306348,0.002724,0.000334,0.183809
512300,0.7779,0.306348,0.002724,0.000334,0.183809
512400,0.7779,0.306348,0.002724,0.000334,0.183809
512500,0.7779,0.306348,0.002724,0.000334,0.183809
512600,0.7779,0.306348,0.002724,0.000334,0.183809
512700,0.7779,0.306348,0.002724,0.000334,0.183809
512800,0.7779,0.306348,0.002724,0.000334,0.183809
512900,0.7779,0.306348,0.002724,0.000334,0.183809
513000,0.7779,0.306348,0.002724,0.000334,0.184044
513100,0.7779,0.306348,0.002724,0.000334,0.183809
513200,0.7779,0.306348,0.002724,0.000334,0.183809
513300,0.7779,0.306348,0.002724,0.000334,0.184044
513400,0.7779,0.306348,0.002724,0.000334,0.183809
513500,0.7779,0.306348,0.002724,0.000334,0.184044
513600,0.7779,0.306348,0.002724,0.000334,0.183809
513700,0.7779,0.306348,0.002724,0.000334,0.183809
513800,0.7779,0.306348,0.002724,0.000334,0.183809
513900,0.7779,0.306348,0.002724,0.000334,0.184044
514000,0.7779,0.306348,0.002724,0.000334,0.183809
514100,0.7779,0.306348,0.002724,0.000334,0.183809
514200,0.7779,0.306348,0.002724,0.000334,0.184278
514300,0.7779,0.306348,0.002724,0.000334,0.183809
514400,0.7779,0.306348,0.002724,0.000334,0.184513
514500,0.7779,0.306348,0.002724,0.000334,0.183809
514600,0.7779,0.306348,0.002724,0.000334,0.183809
514700,0.7779,0.306348,0.002724,0.000334,0.183809
514800,0.7779,0.306348,0.002724,0.000334,0.184044
514900,0.7779,0.306348,0.002724,0.000334,0.183809
515000,0.7779,0.306348,0.002724,0.000334,0.183809
515100,0.7779,0.306348,0.002724,0.000334,0.183809
515200,0.7779,0.306348,0.002724,0.000334,0.183809
515300,0.7779,0.306348,0.002724,0.000334,0.184044
515400,0.7779,0.306348,0.002724,0.000334,0.183809
515500,0.7779,0.306348,0.002724,0.000334,0.183809
515600,0.7779,0.306348,0.002724,0.000334,0.183809
515700,0.7779,0.306348,0.002724,0.000334,0.183809
515800,0.7779,0.306348,0.002724,0.000334,0.183809
515900,0.7779,0.306348,0.002724,0.000334,0.183809
516000,0.7779,0.306348,0.002724,0.000334,0.183809
516100,0.7779,0.306348,0.002724,0.000334,0.183809
516200,0.7779,0.306348,0.002724,0.000334,0.183809
516300,0.7779,0.306348,0.002724,0.000334,0.183809
516400,0.7779,0.306348,0.002724,0.000334,0.183809
516500,0.7779,0.306348,0.002724,0.000334,0.184044
516600,0.7779,0.306348,0.002724,0.000334,0.183809
516700,0.7779,0.306348,0.002724,0.000334,0.183809
516800,0.7779,0.306348,0.002724,0.000334,0.183809
516900,0.7779,0.306348,0.002724,0.000334,0.184044
517000,0.7779,0.306348,0.002724,0.000334,0.183809
517100,0.7779,0.306348,0.002724,0.000334,0.183809
517200,0.7779,0.306348,0.002724,0.000334,0.183809
517300,0.7779,0.306348,0.002724,0.000334,0.183809
517400,0.7779,0.306348,0.002724,0.000334,0.183809
517500,0.7779,0.306348,0.002724,0.000334,0.184044
517600,0.7779,0.306348,0.002724,0.000334,0.183809
517700,0.7779,0.306348,0.002724,0.000334,0.183809
517800,0.7779,0.306348,0.002724,0.000334,0.183809
517900,0.7779,0.306348,0.002724,0.000334,0.184044
518000,0.7779,0.306348,0.002724,0.000334,0.183809
518100,0.7779,0.306348,0.002724,0.000334,0.184278
518200,0.7779,0.306348,0.002724,0.000334,0.183809
518300,0.7779,0.306348,0.002724,0.000334,0.183809
518400,0.7779,0.306348,0.002724,0.000334,0.184278
518500,0.7779,0.306348,0.002724,0.000334,0.183809
518600,0.7779,0.306348,0.002724,0.000334,0.184044
518700,0.7779,0.306348,0.002724,0.000334,0.183809
518800,0.7779,0.306348,0.002724,0.000334,0.184044
518900,0.7779,0.306348,0.002724,0.000334,0.183809
519000,0.7779,0.306348,0.002724,0.000334,0.184044
519100,0.7779,0.306348,0.002724,0.000334,0.183809
519200,0.7779,0.306348,0.002724,0.000334,0.183809
519300,0.7779,0.306348,0.002724,0.000334,0.183809
519400,0.7779,0.306348,0.002724,0.000334,0.183809
519500,0.7779,0.306348,0.002724,0.000334,0.183809
519600,0.7779,0.306348,0.002724,0.000334,0.184044
519700,0.7779,0.306348,0.002724,0.000334,0.184044
519800,0.7779,0.306348,0.002724,0.000334,0.183809
519900,0.7779,0.306348,0.002724,0.000334,0.183809
520000,0.7779,0.306348,0.002724,0.000334,0.183809
520100,0.7779,0.306348,0.002724,0.000334,0.183809
520200,0.7779,0.306348,0.002724,0.000334,0.183809
520300,0.7779,0.306348,0.002724,0.000334,0.184044
520400,0.7779,0.306348,0.002724,0.000334,0.183809
520500,0.7779,0.306348,0.002724,0.000334,0.183809
520600,0.7779,0.306348,0.002724,0.000334,0.184278
520700,0.7779,0.306348,0.002724,0.000334,0.183809
520800,0.7779,0.306348,0.002724,0.000334,0.183809
520900,0.7779,0.306348,0.002724,0.000334,0.183809
521000,0.7779,0.306348,0.002724,0.000334,0.184044
521100,0.7779,0.306348,0.002724,0.000334,0.183809
521200,0.7779,0.306348,0.002724,0.000334,0.183809
521300,0.7779,0.306348,0.002724,0.000334,0.183809
521400,0.7779,0.306348,0.002724,0.000334,0.184044
521500,0.7779,0.306348,0.002724,0.000334,0.183809
521600,0.7779,0.306348,0.002724,0.000334,0.183809
521700,0.7779,0.306348,0.002724,0.000334,0.183809
521800,0.7779,0.306348,0.002724,0.000334,0.183809
521900,0.7779,0.306348,0.002724,0.000334,0.183809
522000,0.7779,0.306348,0.002724,0.000334,0.183809
522100,0.7779,0.306348,0.002724,0.000334,0.184044
522200,0.7779,0.306348,0.002724,0.000334,0.184044
522300,0.7779,0.306348,0.002724,0.000334,0.183809
522400,0.7779,0.306348,0.002724,0.000334,0.183809
522500,0.7779,0.306348,0.002724,0.000334,0.184044
522600,0.7779,0.306348,0.002724,0.000334,0.183809
522700,0.7779,0.306348,0.002724,0.000334,0.183809
522800,0.7779,0.306348,0.002724,0.000334,0.183809
522900,0.7779,0.306348,0.002724,0.000334,0.183809
523000,0.7779,0.306348,0.002724,0.000334,0.184278
523100,0.7779,0.306348,0.002724,0.000334,0.183809
523200,0.7779,0.306348,0.002724,0.000334,0.183809
523300,0.7779,0.306348,0.002724,0.000334,0.183809
523400,0.7779,0.306348,0.002724,0.000334,0.183809
523500,0.7779,0.306348,0.002724,0.000334,0.184044
523600,0.7779,0.306348,0.002724,0.000334,0.183809
523700,0.7779,0.306348,0.002724,0.000334,0.184044
523800,0.7779,0.306348,0.002724,0.000334,0.184044
523900,0.7779,0.306348,0.002724,0.000334,0.184278
524000,0.7779,0.306348,0.002724,0.000334,0.183809
524100,0.7779,0.306348,0.002724,0.000334,0.183809
524200,0.7779,0.306348,0.002724,0.000334,0.183809
524300,0.7779,0.306348,0.002724,0.000334,0.183809
524400,0.7779,0.306348,0.002724,0.000334,0.183809
524500,0.7779,0.306348,0.002724,0.000334,0.184044
524600,0.7779,0.306348,0.002724,0.000334,0.183809
524700,0.7779,0.306348,0.002724,0.000334,0.183809
524800,0.7779,0.306348,0.002724,0.000334,0.183809
524900,0.7779,0.306348,0.002724,0.000334,0.183809
525000,0.7779,0.306348,0.002724,0.000334,0.183809
525100,0.7779,0.306348,0.002724,0.000334,0.183809
525200,0.7779,0.306348,0.002724,0.000334,0.183809
525300,0.7779,0.306348,0.002724,0.000334,0.183809
525400,0.7779,0.306348,0.002724,0.000334,0.184278
525500,0.7779,0.306348,0.002724,0.000334,0.183809
525600,0.7779,0.306348,0.002724,0.000334,0.184278
525700,0.7779,0.306348,0.002724,0.000334,0.183809
525800,0.7779,0.306348,0.002724,0.000334,0.183809
525900,0.7779,0.306348,0.002724,0.000334,0.183809
526000,0.7779,0.306348,0.002724,0.000334,0.184044
526100,0.7779,0.306348,0.002724,0.000334,0.183809
526200,0.7779,0.306348,0.002724,0.000334,0.184044
526300,0.7779,0.306348,0.002724,0.000334,0.184044
526400,0.7779,0.306348,0.002724,0.000334,0.183809
526500,0.7779,0.306348,0.002724,0.000334,0.184044
526600,0.7779,0.306348,0.002724,0.000334,0.183809
526700,0.7779,0.306348,0.002724,0.000334,0.183809
526800,0.7779,0.306348,0.002724,0.000334,0.183809
526900,0.7779,0.306348,0.002724,0.000334,0.183809
527000,0.7779,0.306348,0.002724,0.000334,0.183809
527100,0.7779,0.306348,0.002724,0.000334,0.184044
527200,0.7779,0.306348,0.002724,0.000334,0.184044
527300,0.7779,0.306348,0.002724,0.000334,0.183809
527400,0.7779,0.306348,0.002724,0.000334,0.183809
527500,0.7779,0.306348,0.002724,0.000334,0.183809
527600,0.7779,0.306348,0.002724,0.000334,0.183809
527700,0.7779,0.306348,0.002724,0.000334,0.183809
527800,0.7779,0.306348,0.002724,0.000334,0.183809
527900,0.7779,0.306348,0.002724,0.000334,0.183809
528000,0.7779,0.306348,0.002724,0.000334,0.183809
528100,0.7779,0.306348,0.002724,0.000334,0.184513
528200,0.7779,0.306348,0.002724,0.000334,0.183809
528300,0.7779,0.306348,0.002724,0.000334,0.183809
528400,0.7779,0.306348,0.002724,0.000334,0.183809
528500,0.7779,0.306348,0.002724,0.000334,0.183809
528600,0.7779,0.306348,0.002724,0.000334,0.183809
528700,0.7779,0.306348,0.002724,0.000334,0.184278
528800,0.7779,0.306348,0.002724,0.000334,0.183809
528900,0.7779,0.306348,0.002724,0.000334,0.184044
529000,0.7779,0.306348,0.002724,0.000334,0.183809
529100,0.7779,0.306348,0.002724,0.000334,0.183809
529200,0.7779,0.306348,0.002724,0.000334,0.184044
529300,0.7779,0.306348,0.002724,0.000334,0.183809
529400,0.7779,0.306348,0.002724,0.000334,0.183809
529500,0.7779,0.306348,0.002724,0.000334,0.183809
529600,0.7779,0.306348,0.002724,0.000334,0.184044
529700,0.7779,0.306348,0.002724,0.000334,0.183809
529800,0.7779,0.306348,0.002724,0.000334,0.183809
529900,0.7779,0.306348,0.002724,0.000334,0.183809
530000,0.7779,0.306348,0.002724,0.000334,0.183809
530100,0.7779,0.306348,0.002724,0.000334,0.183809
530200,0.7779,0.306348,0.002724,0.000334,0.184044
530300,0.7779,0.306348,0.002724,0.000334,0.183809
530400,0.7779,0.306348,0.002724,0.000334,0.183809
530500,0.7779,0.306348,0.002724,0.000334,0.184278
530600,0.7779,0.306348,0.002724,0.000334,0.183809
530700,0.7779,0.306348,0.002724,0.000334,0.184044
530800,0.7779,0.306348,0.002724,0.000334,0.183809
530900,0.7779,0.306348,0.002724,0.000334,0.184044
531000,0.7779,0.306348,0.002724,0.000334,0.183809
531100,0.7779,0.306348,0.002724,0.000334,0.183809
531200,0.7779,0.306348,0.002724,0.000334,0.183809
531300,0.7779,0.306348,0.002724,0.000334,0.184044
531400,0.7779,0.306348,0.002724,0.000334,0.183809
531500,0.7779,0.306348,0.002724,0.000334,0.184044
531600,0.7779,0.306348,0.002724,0.000334,0.183809
531700,0.7779,0.306348,0.002724,0.000334,0.183809
531800,0.7779,0.306348,0.002724,0.000334,0.183809
531900,0.7779,0.306348,0.002724,0.000334,0.183809
532000,0.7779,0.306348,0.002724,0.000334,0.183809
532100,0.7779,0.306348,0.002724,0.000334,0.183809
532200,0.7779,0.306348,0.002724,0.000334,0.183809
532300,0.7779,0.306348,0.002724,0.000334,0.183809
532400,0.7779,0.306348,0.002724,0.000334,0.183809
532500,0.7779,0.306348,0.002724,0.000334,0.184278
532600,0.7779,0.306348,0.002724,0.000334,0.183809
532700,0.7779,0.306348,0.002724,0.000334,0.183809
532800,0.7779,0.306348,0.002724,0.000334,0.184044
532900,0.7779,0.306348,0.002724,0.000334,0.183809
533000,0.7779,0.306348,0.002724,0.000334,0.183809
533100,0.7779,0.306348,0.002724,0.000334,0.184044
533200,0.7779,0.306348,0.002724,0.000334,0.183809
533300,0.7779,0.306348,0.002724,0.000334,0.183809
533400,0.7779,0.306348,0.002724,0.000334,0.184044
533500,0.7779,0.306348,0.002724,0.000334,0.183809
533600,0.7779,0.306348,0.002724,0.000334,0.183809
533700,0.7779,0.306348,0.002724,0.000334,0.184278
533800,0.7779,0.306348,0.002724,0.000334,0.183809
533900,0.7779,0.306348,0.002724,0.000334,0.183809
534000,0.7779,0.306348,0.002724,0.000334,0.183809
534100,0.7779,0.306348,0.002724,0.000334,0.183809
534200,0.7779,0.306348,0.002724,0.000334,0.183809
534300,0.7779,0.306348,0.002724,0.000334,0.183809
534400,0.7779,0.306348,0.002724,0.000334,0.183809
534500,0.7779,0.306348,0.002724,0.000334,0.183809
534600,0.7779,0.306348,0.002724,0.000334,0.183809
534700,0.7779,0.306348,0.002724,0.000334,0.183809
534800,0.7779,0.306348,0.002724,0.000334,0.184044
534900,0.7779,0.306348,0.002724,0.000334,0.183809
535000,0.7779,0.306348,0.002724,0.000334,0.183809
535100,0.7779,0.306348,0.002724,0.000334,0.184044
535200,0.7779,0.306348,0.002724,0.000334,0.183809
535300,0.7779,0.306348,0.002724,0.000334,0.184044
535400,0.7779,0.306348,0.002724,0.000334,0.183809
535500,0.7779,0.306348,0.002724,0.000334,0.184044
535600,0.7779,0.306348,0.002724,0.000334,0.183809
535700,0.7779,0.306348,0.002724,0.000334,0.183809
535800,0.7779,0.306348,0.002724,0.000334,0.184044
535900,0.7779,0.306348,0.002724,0.000334,0.183809
536000,0.7779,0.306348,0.002724,0.000334,0.183809
536100,0.7779,0.306348,0.002724,0.000334,0.183809
536200,0.7779,0.306348,0.002724,0.000334,0.184278
536300,0.7779,0.306348,0.002724,0.000334,0.183809
536400,0.7779,0.306348,0.002724,0.000334,0.183809
536500,0.7779,0.306348,0.002724,0.000334,0.183809
536600,0.7779,0.306348,0.002724,0.000334,0.184044
536700,0.7779,0.306348,0.002724,0.000334,0.183809
536800,0.7779,0.306348,0.002724,0.000334,0.183809
536900,0.7779,0.306348,0.002724,0.000334,0.183809
537000,0.7779,0.306348,0.002724,0.000334,0.183809
537100,0.7779,0.306348,0.002724,0.000334,0.184278
537200,0.7779,0.306348,0.002724,0.000334,0.183809
537300,0.7779,0.306348,0.002724,0.000334,0.183809
537400,0.7779,0.306348,0.002724,0.000334,0.183809
537500,0.7779,0.306348,0.002724,0.000334,0.183809
537600,0.7779,0.306348,0.002724,0.000334,0.183809
537700,0.7779,0.306348,0.002724,0.000334,0.183809
537800,0.7779,0.306348,0.002724,0.000334,0.184044
537900,0.7779,0.306348,0.002724,0.000334,0.184044
538000,0.7779,0.306348,0.002724,0.000334,0.183809
538100,0.7779,0.306348,0.002724,0.000334,0.184044
538200,0.7779,0.306348,0.002724,0.000334,0.183809
538300,0.7779,0.306348,0.002724,0.000334,0.183809
538400,0.7779,0.306348,0.002724,0.000334,0.183809
538500,0.7779,0.306348,0.002724,0.000334,0.183809
538600,0.7779,0.306348,0.002724,0.000334,0.184044
538700,0.7779,0.306348,0.002724,0.000334,0.183809
538800,0.7779,0.306348,0.002724,0.000334,0.183809
538900,0.7779,0.306348,0.002724,0.000334,0.183809
539000,0.7779,0.306348,0.002724,0.000334,0.183809
539100,0.7779,0.306348,0.002724,0.000334,0.183809
539200,0.7779,0.306348,0.002724,0.000334,0.183809
539300,0.7779,0.306348,0.002724,0.000334,0.184278
539400,0.7779,0.306348,0.002724,0.000334,0.183809
539500,0.7779,0.306348,0.002724,0.000334,0.184278
539600,0.7779,0.306348,0.002724,0.000334,0.183809
539700,0.7779,0.306348,0.002724,0.000334,0.183809
539800,0.7779,0.306348,0.002724,0.000334,0.183809
539900,0.7779,0.306348,0.002724,0.000334,0.184044
540000,0.7779,0.306348,0.002724,0.000334,0.183809
540100,0.7779,0.306348,0.002724,0.000334,0.184044
540200,0.7779,0.306348,0.002724,0.000334,0.183809
540300,0.7779,0.306348,0.002724,0.000334,0.184278
540400,0.7779,0.306348,0.002724,0.000334,0.183809
540500,0.7779,0.306348,0.002724,0.000334,0.183809
540600,0.7779,0.306348,0.002724,0.000334,0.183809
540700,0.7779,0.306348,0.002724,0.000334,0.183809
540800,0.7779,0.306348,0.002724,0.000334,0.183809
540900,0.7779,0.306348,0.002724,0.000334,0.183809
541000,0.7779,0.306348,0.002724,0.000334,0.184044
541100,0.7779,0.306348,0.002724,0.000334,0.183809
541200,0.7779,0.306348,0.002724,0.000334,0.183809
541300,0.7779,0.306348,0.002724,0.000334,0.183809
541400,0.7779,0.306348,0.002724,0.000334,0.184044
541500,0.7779,0.306348,0.002724,0.000334,0.183809
541600,0.7779,0.306348,0.002724,0.000334,0.183809
541700,0.7779,0.306348,0.002724,0.000334,0.183809
541800,0.7779,0.306348,0.002724,0.000334,0.183809
541900,0.7779,0.306348,0.002724,0.000334,0.183809
542000,0.7779,0.306348,0.002724,0.000334,0.184044
542100,0.7779,0.306348,0.002724,0.000334,0.183809
542200,0.7779,0.306348,0.002724,0.000334,0.183809
542300,0.7779,0.306348,0.002724,0.000334,0.183809
542400,0.7779,0.306348,0.002724,0.000334,0.183809
542500,0.7779,0.306348,0.002724,0.000334,0.183809
542600,0.7779,0.306348,0.002724,0.000334,0.184278
542700,0.7779,0.306348,0.002724,0.000334,0.183809
542800,0.7779,0.306348,0.002724,0.000334,0.183809
542900,0.7779,0.306348,0.002724,0.000334,0.184044
543000,0.7779,0.306348,0.002724,0.000334,0.183809
543100,0.7779,0.306348,0.002724,0.000334,0.183809
543200,0.7779,0.306348,0.002724,0.000334,0.183809
543300,0.7779,0.306348,0.002724,0.000334,0.184044
543400,0.7779,0.306348,0.002724,0.000334,0.183809
543500,0.7779,0.306348,0.002724,0.000334,0.183809
543600,0.7779,0.306348,0.002724,0.000334,0.183809
543700,0.7779,0.306348,0.002724,0.000334,0.183809
543800,0.7779,0.306348,0.002724,0.000334,0.184044
543900,0.7779,0.306348,0.002724,0.000334,0.183809
544000,0.7779,0.306348,0.002724,0.000334,0.184044
544100,0.7779,0.306348,0.002724,0.000334,0.183809
544200,0.7779,0.306348,0.002724,0.000334,0.183809
544300,0.7779,0.306348,0.002724,0.000334,0.183809
544400,0.7779,0.306348,0.002724,0.000334,0.184044
544500,0.7779,0.306348,0.002724,0.000334,0.184044
544600,0.7779,0.306348,0.002724,0.000334,0.183809
544700,0.7779,0.306348,0.002724,0.000334,0.183809
544800,0.7779,0.306348,0.002724,0.000334,0.184044
544900,0.7779,0.306348,0.002724,0.000334,0.183809
545000,0.7779,0.306348,0.002724,0.000334,0.183809
545100,0.7779,0.306348,0.002724,0.000334,0.183809
545200,0.7779,0.306348,0.002724,0.000334,0.184278
545300,0.7779,0.306348,0.002724,0.000334,0.183809
545400,0.7779,0.306348,0.002724,0.000334,0.183809
545500,0.7779,0.306348,0.002724,0.000334,0.183809
545600,0.7779,0.306348,0.002724,0.000334,0.183809
545700,0.7779,0.306348,0.002724,0.000334,0.184278
545800,0.7779,0.306348,0.002724,0.000334,0.183809
545900,0.7779,0.306348,0.002724,0.000334,0.183809
546000,0.7779,0.306348,0.002724,0.000334,0.183809
546100,0.7779,0.306348,0.002724,0.000334,0.184044
546200,0.7779,0.306348,0.002724,0.000334,0.183809
546300,0.7779,0.306348,0.002724,0.000334,0.183809
546400,0.7779,0.306348,0.002724,0.000334,0.183809
546500,0.7779,0.306348,0.002724,0.000334,0.183809
546600,0.7779,0.306348,0.002724,0.000334,0.183809
546700,0.7779,0.306348,0.002724,0.000334,0.183809
546800,0.7779,0.306348,0.002724,0.000334,0.183809
546900,0.7779,0.306348,0.002724,0.000334,0.183809
547000,0.7779,0.306348,0.002724,0.000334,0.183809
547100,0.7779,0.306348,0.002724,0.000334,0.184044
547200,0.7779,0.306348,0.002724,0.000334,0.183809
547300,0.7779,0.306348,0.002724,0.000334,0.183809
547400,0.7779,0.306348,0.002724,0.000334,0.183809
547500,0.7779,0.306348,0.002724,0.000334,0.184044
547600,0.7779,0.306348,0.002724,0.000334,0.183809
547700,0.7779,0.306348,0.002724,0.000334,0.183809
547800,0.7779,0.306348,0.002724,0.000334,0.183809
547900,0.7779,0.306348,0.002724,0.000334,0.183809
548000,0.7779,0.306348,0.002724,0.000334,0.184278
548100,0.7779,0.306348,0.002724,0.000334,0.184044
548200,0.7779,0.306348,0.002724,0.000334,0.183809
548300,0.7779,0.306348,0.002724,0.000334,0.183809
548400,0.7779,0.306348,0.002724,0.000334,0.183809
548500,0.7779,0.306348,0.002724,0.000334,0.183809
548600,0.7779,0.306348,0.002724,0.000334,0.184044
548700,0.7779,0.306348,0.002724,0.000334,0.183809
548800,0.7779,0.306348,0.002724,0.000334,0.183809
548900,0.7779,0.306348,0.002724,0.000334,0.183809
549000,0.7779,0.306348,0.002724,0.000334,0.183809
549100,0.7779,0.306348,0.002724,0.000334,0.183809
549200,0.7779,0.306348,0.002724,0.000334,0.184044
549300,0.7779,0.306348,0.002724,0.000334,0.183809
549400,0.7779,0.306348,0.002724,0.000334,0.183809
549500,0.7779,0.306348,0.002724,0.000334,0.183809
549600,0.7779,0.306348,0.002724,0.000334,0.183809
549700,0.7779,0.306348,0.002724,0.000334,0.184044
549800,0.7779,0.306348,0.002724,0.000334,0.183809
549900,0.7779,0.306348,0.002724,0.000334,0.184044
550000,0.7779,0.306348,0.002724,0.000334,0.184044
550100,0.7779,0.306348,0.002724,0.000334,0.183809
550200,0.7779,0.306348,0.002724,0.000334,0.184044
550300,0.7779,0.306348,0.002724,0.000334,0.183809
550400,0.7779,0.306348,0.002724,0.000334,0.183809
550500,0.7779,0.306348,0.002724,0.000334,0.183809
550600,0.7779,0.306348,0.002724,0.000334,0.183809
550700,0.7779,0.306348,0.002724,0.000334,0.184044
550800,0.7779,0.306348,0.002724,0.000334,0.183809
550900,0.7779,0.306348,0.002724,0.000334,0.184044
551000,0.7779,0.306348,0.002724,0.000334,0.183809
551100,0.7779,0.306348,0.002724,0.000334,0.183809
551200,0.7779,0.306348,0.002724,0.000334,0.183809
551300,0.7779,0.306348,0.002724,0.000334,0.183809
551400,0.7779,0.306348,0.002724,0.000334,0.184044
551500,0.7779,0.306348,0.002724,0.000334,0.184044
551600,0.7779,0.306348,0.002724,0.000334,0.183809
551700,0.7779,0.306348,0.002724,0.000334,0.183809
551800,0.7779,0.306348,0.002724,0.000334,0.183809
551900,0.7779,0.306348,0.002724,0.000334,0.184044
552000,0.7779,0.306348,0.002724,0.000334,0.183809
552100,0.7779,0.306348,0.002724,0.000334,0.183809
552200,0.7779,0.306348,0.002724,0.000334,0.183809
552300,0.7779,0.306348,0.002724,0.000334,0.183809
552400,0.7779,0.306348,0.002724,0.000334,0.183809
552500,0.7779,0.306348,0.002724,0.000334,0.183809
552600,0.7779,0.306348,0.002724,0.000334,0.184044
552700,0.7779,0.306348,0.002724,0.000334,0.183809
552800,0.7779,0.306348,0.002724,0.000334,0.184044
552900,0.7779,0.306348,0.002724,0.000334,0.183809
553000,0.7779,0.306348,0.002724,0.000334,0.183809
553100,0.7779,0.306348,0.002724,0.000334,0.183809
553200,0.7779,0.306348,0.002724,0.000334,0.184044
553300,0.7779,0.306348,0.002724,0.000334,0.183809
553400,0.7779,0.306348,0.002724,0.000334,0.183809
553500,0.7779,0.306348,0.002724,0.000334,0.183809
553600,0.7779,0.306348,0.002724,0.000334,0.183809
553700,0.7779,0.306348,0.002724,0.000334,0.183809
553800,0.7779,0.306348,0.002724,0.000334,0.183809
553900,0.7779,0.306348,0.002724,0.000334,0.183809
554000,0.7779,0.306348,0.002724,0.000334,0.183809
554100,0.7779,0.306348,0.002724,0.000334,0.183809
554200,0.7779,0.306348,0.002724,0.000334,0.184513
554300,0.7779,0.306348,0.002724,0.000334,0.184278
554400,0.7779,0.306348,0.002724,0.000334,0.183809
554500,0.7779,0.306348,0.002724,0.000334,0.183809
554600,0.7779,0.306348,0.002724,0.000334,0.183809
554700,0.7779,0.306348,0.002724,0.000334,0.183809
554800,0.7779,0.306348,0.002724,0.000334,0.183809
554900,0.7779,0.306348,0.002724,0.000334,0.183809
555000,0.7779,0.306348,0.002724,0.000334,0.183809
555100,0.7779,0.306348,0.002724,0.000334,0.184278
555200,0.7779,0.306348,0.002724,0.000334,0.183809
555300,0.7779,0.306348,0.002724,0.000334,0.183809
555400,0.7779,0.306348,0.002724,0.000334,0.184044
555500,0.7779,0.306348,0.002724,0.000334,0.184044
555600,0.7779,0.306348,0.002724,0.000334,0.183809
555700,0.7779,0.306348,0.002724,0.000334,0.183809
555800,0.7779,0.306348,0.002724,0.000334,0.183809
555900,0.7779,0.306348,0.002724,0.000334,0.183809
556000,0.7779,0.306348,0.002724,0.000334,0.183809
556100,0.7779,0.306348,0.002724,0.000334,0.183809
556200,0.7779,0.306348,0.002724,0.000334,0.183809
556300,0.7779,0.306348,0.002724,0.000334,0.183809
556400,0.7779,0.306348,0.002724,0.000334,0.183809
556500,0.7779,0.306348,0.002724,0.000334,0.184278
556600,0.7779,0.306348,0.002724,0.000334,0.183809
556700,0.7779,0.306348,0.002724,0.000334,0.183809
556800,0.7779,0.306348,0.002724,0.000334,0.183809
556900,0.7779,0.306348,0.002724,0.000334,0.183809
557000,0.7779,0.306348,0.002724,0.000334,0.183809
557100,0.7779,0.306348,0.002724,0.000334,0.184044
557200,0.7779,0.306348,0.002724,0.000334,0.183809
557300,0.7779,0.306348,0.002724,0.000334,0.184044
557400,0.7779,0.306348,0.002724,0.000334,0.183809
557500,0.7779,0.306348,0.002724,0.000334,0.183809
557600,0.7779,0.306348,0.002724,0.000334,0.183809
557700,0.7779,0.306348,0.002724,0.000334,0.183809
557800,0.7779,0.306348,0.002724,0.000334,0.183809
557900,0.7779,0.306348,0.002724,0.000334,0.183809
558000,0.7779,0.306348,0.002724,0.000334,0.183809
558100,0.7779,0.306348,0.002724,0.000334,0.184044
558200,0.7779,0.306348,0.002724,0.000334,0.183809
558300,0.7779,0.306348,0.002724,0.000334,0.183809
558400,0.7779,0.306348,0.002724,0.000334,0.184044
558500,0.7779,0.306348,0.002724,0.000334,0.184044
558600,0.7779,0.306348,0.002724,0.000334,0.183809
558700,0.7779,0.306348,0.002724,0.000334,0.183809
558800,0.7779,0.306348,0.002724,0.000334,0.184044
558900,0.7779,0.306348,0.002724,0.000334,0.184044
559000,0.7779,0.306348,0.002724,0.000334,0.183809
559100,0.7779,0.306348,0.002724,0.000334,0.183809
559200,0.7779,0.306348,0.002724,0.000334,0.184044
559300,0.7779,0.306348,0.002724,0.000334,0.183809
559400,0.7779,0.306348,0.002724,0.000334,0.183809
559500,0.7779,0.306348,0.002724,0.000334,0.184044
559600,0.7779,0.306348,0.002724,0.000334,0.183809
559700,0.7779,0.306348,0.002724,0.000334,0.183809
559800,0.7779,0.306348,0.002724,0.000334,0.183809
559900,0.7779,0.306348,0.002724,0.000334,0.184044
560000,0.7779,0.306348,0.002724,0.000334,0.183809
560100,0.7779,0.306348,0.002724,0.000334,0.184044
560200,0.7779,0.306348,0.002724,0.000334,0.184044
560300,0.7779,0.306348,0.002724,0.000334,0.183809
560400,0.7779,0.306348,0.002724,0.000334,0.184044
560500,0.7779,0.306348,0.002724,0.000334,0.183809
560600,0.7779,0.306348,0.002724,0.000334,0.183809
560700,0.7779,0.306348,0.002724,0.000334,0.183809
560800,0.7779,0.306348,0.002724,0.000334,0.183809
560900,0.7779,0.306348,0.002724,0.000334,0.183809
561000,0.7779,0.306348,0.002724,0.000334,0.183809
561100,0.7779,0.306348,0.002724,0.000334,0.184044
561200,0.7779,0.306348,0.002724,0.000334,0.183809
561300,0.7779,0.306348,0.002724,0.000334,0.183809
561400,0.7779,0.306348,0.002724,0.000334,0.183809
561500,0.7779,0.306348,0.002724,0.000334,0.183809
561600,0.7779,0.306348,0.002724,0.000334,0.183809
561700,0.7779,0.306348,0.002724,0.000334,0.183809
561800,0.7779,0.306348,0.002724,0.000334,0.184044
561900,0.7779,0.306348,0.002724,0.000334,0.183809
562000,0.7779,0.306348,0.002724,0.000334,0.183809
562100,0.7779,0.306348,0.002724,0.000334,0.183809
562200,0.7779,0.306348,0.002724,0.000334,0.183809
562300,0.7779,0.306348,0.002724,0.000334,0.183809
562400,0.7779,0.306348,0.002724,0.000334,0.183809
562500,0.7779,0.306348,0.002724,0.000334,0.183809
562600,0.7779,0.306348,0.002724,0.000334,0.183809
562700,0.7779,0.306348,0.002724,0.000334,0.183809
562800,0.7779,0.306348,0.002724,0.000334,0.184044
562900,0.7779,0.306348,0.002724,0.000334,0.183809
563000,0.7779,0.306348,0.002724,0.000334,0.183809
563100,0.7779,0.306348,0.002724,0.000334,0.184044
563200,0.7779,0.306348,0.002724,0.000334,0.184278
563300,0.7779,0.306348,0.002724,0.000334,0.183809
563400,0.7779,0.306348,0.002724,0.000334,0.184044
563500,0.7779,0.306348,0.002724,0.000334,0.183809
563600,0.7779,0.306348,0.002724,0.000334,0.183809
563700,0.7779,0.306348,0.002724,0.000334,0.183809
563800,0.7779,0.306348,0.002724,0.000334,0.184044
563900,0.7779,0.306348,0.002724,0.000334,0.183809
564000,0.7779,0.306348,0.002724,0.000334,0.183809
564100,0.7779,0.306348,0.002724,0.000334,0.183809
564200,0.7779,0.306348,0.002724,0.000334,0.184044
564300,0.7779,0.306348,0.002724,0.000334,0.183809
564400,0.7779,0.306348,0.002724,0.000334,0.183809
564500,0.7779,0.306348,0.002724,0.000334,0.183809
564600,0.7779,0.306348,0.002724,0.000334,0.184044
564700,0.7779,0.306348,0.002724,0.000334,0.183809
564800,0.7779,0.306348,0.002724,0.000334,0.183809
564900,0.7779,0.306348,0.002724,0.000334,0.184044
565000,0.7779,0.306348,0.002724,0.000334,0.183809
565100,0.7779,0.306348,0.002724,0.000334,0.183809
565200,0.7779,0.306348,0.002724,0.000334,0.184044
565300,0.7779,0.306348,0.002724,0.000334,0.183809
565400,0.7779,0.306348,0.002724,0.000334,0.183809
565500,0.7779,0.306348,0.002724,0.000334,0.184278
565600,0.7779,0.306348,0.002724,0.000334,0.183809
565700,0.7779,0.306348,0.002724,0.000334,0.183809
565800,0.7779,0.306348,0.002724,0.000334,0.183809
565900,0.7779,0.306348,0.002724,0.000334,0.183809
566000,0.7779,0.306348,0.002724,0.000334,0.183809
566100,0.7779,0.306348,0.002724,0.000334,0.183809
566200,0.7779,0.306348,0.002724,0.000334,0.184044
566300,0.7779,0.306348,0.002724,0.000334,0.183809
566400,0.7779,0.306348,0.002724,0.000334,0.183809
566500,0.7779,0.306348,0.002724,0.000334,0.184044
566600,0.7779,0.306348,0.002724,0.000334,0.183809
566700,0.7779,0.306348,0.002724,0.000334,0.183809
566800,0.7779,0.306348,0.002724,0.000334,0.183809
566900,0.7779,0.306348,0.002724,0.000334,0.183809
567000,0.7779,0.306348,0.002724,0.000334,0.184278
567100,0.7779,0.306348,0.002724,0.000334,0.183809
567200,0.7779,0.306348,0.002724,0.000334,0.184044
567300,0.7779,0.306348,0.002724,0.000334,0.183809
567400,0.7779,0.306348,0.002724,0.000334,0.183809
567500,0.7779,0.306348,0.002724,0.000334,0.183809
567600,0.7779,0.306348,0.002724,0.000334,0.183809
567700,0.7779,0.306348,0.002724,0.000334,0.183809
567800,0.7779,0.306348,0.002724,0.000334,0.184044
567900,0.7779,0.306348,0.002724,0.000334,0.183809
568000,0.7779,0.306348,0.002724,0.000334,0.183809
568100,0.7779,0.306348,0.002724,0.000334,0.183809
568200,0.7779,0.306348,0.002724,0.000334,0.183809
568300,0.7779,0.306348,0.002724,0.000334,0.183809
568400,0.7779,0.306348,0.002724,0.000334,0.184044
568500,0.7779,0.306348,0.002724,0.000334,0.183809
568600,0.7779,0.306348,0.002724,0.000334,0.183809
568700,0.7779,0.306348,0.002724,0.000334,0.184044
568800,0.7779,0.306348,0.002724,0.000334,0.183809
568900,0.7779,0.306348,0.002724,0.000334,0.183809
569000,0.7779,0.306348,0.002724,0.000334,0.183809
569100,0.7779,0.306348,0.002724,0.000334,0.183809
569200,0.7779,0.306348,0.002724,0.000334,0.183809
569300,0.7779,0.306348,0.002724,0.000334,0.183809
569400,0.7779,0.306348,0.002724,0.000334,0.183809
569500,0.7779,0.306348,0.002724,0.000334,0.183809
569600,0.7779,0.306348,0.002724,0.000334,0.183809
569700,0.7779,0.306348,0.002724,0.000334,0.183809
569800,0.7779,0.306348,0.002724,0.000334,0.184044
569900,0.7779,0.306348,0.002724,0.000334,0.183809
570000,0.7779,0.306348,0.002724,0.000334,0.184044
570100,0.7779,0.306348,0.002724,0.000334,0.183809
570200,0.7779,0.306348,0.002724,0.000334,0.183809
570300,0.7779,0.306348,0.002724,0.000334,0.184044
570400,0.7779,0.306348,0.002724,0.000334,0.183809
570500,0.7779,0.306348,0.002724,0.000334,0.183809
570600,0.7779,0.306348,0.002724,0.000334,0.183809
570700,0.7779,0.306348,0.002724,0.000334,0.183809
570800,0.7779,0.306348,0.002724,0.000334,0.183809
570900,0.7779,0.306348,0.002724,0.000334,0.183809
571000,0.7779,0.306348,0.002724,0.000334,0.184044
571100,0.7779,0.306348,0.002724,0.000334,0.183809
571200,0.7779,0.306348,0.002724,0.000334,0.184044
571300,0.7779,0.306348,0.002724,0.000334,0.183809
571400,0.7779,0.306348,0.002724,0.000334,0.184044
571500,0.7779,0.306348,0.002724,0.000334,0.183809
571600,0.7779,0.306348,0.002724,0.000334,0.183809
571700,0.7779,0.306348,0.002724,0.000334,0.184044
571800,0.7779,0.306348,0.002724,0.000334,0.183809
571900,0.7779,0.306348,0.002724,0.000334,0.183809
572000,0.7779,0.306348,0.002724,0.000334,0.184044
572100,0.7779,0.306348,0.002724,0.000334,0.183809
572200,0.7779,0.306348,0.002724,0.000334,0.183809
572300,0.7779,0.306348,0.002724,0.000334,0.183809
572400,0.7779,0.306348,0.002724,0.000334,0.183809
572500,0.7779,0.306348,0.002724,0.000334,0.183809
572600,0.7779,0.306348,0.002724,0.000334,0.184278
572700,0.7779,0.306348,0.002724,0.000334,0.183809
572800,0.7779,0.306348,0.002724,0.000334,0.183809
572900,0.7779,0.306348,0.002724,0.000334,0.183809
573000,0.7779,0.306348,0.002724,0.000334,0.183809
573100,0.7779,0.306348,0.002724,0.000334,0.183809
573200,0.7779,0.306348,0.002724,0.000334,0.183809
573300,0.7779,0.306348,0.002724,0.000334,0.183809
573400,0.7779,0.306348,0.002724,0.000334,0.183809
573500,0.7779,0.306348,0.002724,0.000334,0.184044
573600,0.7779,0.306348,0.002724,0.000334,0.183809
573700,0.7779,0.306348,0.002724,0.000334,0.183809
573800,0.7779,0.306348,0.002724,0.000334,0.183809
573900,0.7779,0.306348,0.002724,0.000334,0.183809
574000,0.7779,0.306348,0.002724,0.000334,0.183809
574100,0.7779,0.306348,0.002724,0.000334,0.184044
574200,0.7779,0.306348,0.002724,0.000334,0.183809
574300,0.7779,0.306348,0.002724,0.000334,0.183809
574400,0.7779,0.306348,0.002724,0.000334,0.184044
574500,0.7779,0.306348,0.002724,0.000334,0.183809
574600,0.7779,0.306348,0.002724,0.000334,0.184044
574700,0.7779,0.306348,0.002724,0.000334,0.183809
574800,0.7779,0.306348,0.002724,0.000334,0.183809
574900,0.7779,0.306348,0.002724,0.000334,0.183809
575000,0.7779,0.306348,0.002724,0.000334,0.183809
575100,0.7779,0.306348,0.002724,0.000334,0.184044
575200,0.7779,0.306348,0.002724,0.000334,0.183809
575300,0.7779,0.306348,0.002724,0.000334,0.183809
575400,0.7779,0.306348,0.002724,0.000334,0.183809
575500,0.7779,0.306348,0.002724,0.000334,0.184278
575600,0.7779,0.306348,0.002724,0.000334,0.183809
575700,0.7779,0.306348,0.002724,0.000334,0.183809
575800,0.7779,0.306348,0.002724,0.000334,0.183809
575900,0.7779,0.306348,0.002724,0.000334,0.183809
576000,0.7779,0.306348,0.002724,0.000334,0.183809
576100,0.7779,0.306348,0.002724,0.000334,0.183809
576200,0.7779,0.306348,0.002724,0.000334,0.183809
576300,0.7779,0.306348,0.002724,0.000334,0.184044
576400,0.7779,0.306348,0.002724,0.000334,0.183809
576500,0.7779,0.306348,0.002724,0.000334,0.183809
576600,0.7779,0.306348,0.002724,0.000334,0.183809
576700,0.7779,0.306348,0.002724,0.000334,0.183809
576800,0.7779,0.306348,0.002724,0.000334,0.183809
576900,0.7779,0.306348,0.002724,0.000334,0.183809
577000,0.7779,0.306348,0.002724,0.000334,0.183809
577100,0.7779,0.306348,0.002724,0.000334,0.184044
577200,0.7779,0.306348,0.002724,0.000334,0.183809
577300,0.7779,0.306348,0.002724,0.000334,0.183809
577400,0.7779,0.306348,0.002724,0.000334,0.184044
577500,0.7779,0.306348,0.002724,0.000334,0.183809
577600,0.7779,0.306348,0.002724,0.000334,0.184044
577700,0.7779,0.306348,0.002724,0.000334,0.183809
577800,0.7779,0.306348,0.002724,0.000334,0.183809
577900,0.7779,0.306348,0.002724,0.000334,0.183809
578000,0.7779,0.306348,0.002724,0.000334,0.184044
578100,0.7779,0.306348,0.002724,0.000334,0.184044
578200,0.7779,0.306348,0.002724,0.000334,0.183809
578300,0.7779,0.306348,0.002724,0.000334,0.183809
578400,0.7779,0.306348,0.002724,0.000334,0.183809
578500,0.7779,0.306348,0.002724,0.000334,0.183809
578600,0.7779,0.306348,0.002724,0.000334,0.183809
578700,0.7779,0.306348,0.002724,0.000334,0.183809
578800,0.7779,0.306348,0.002724,0.000334,0.183809
578900,0.7779,0.306348,0.002724,0.000334,0.183809
579000,0.7779,0.306348,0.002724,0.000334,0.183809
579100,0.7779,0.306348,0.002724,0.000334,0.183809
579200,0.7779,0.306348,0.002724,0.000334,0.183809
579300,0.7779,0.306348,0.002724,0.000334,0.183809
579400,0.7779,0.306348,0.002724,0.000334,0.184044
579500,0.7779,0.306348,0.002724,0.000334,0.183809
579600,0.7779,0.306348,0.002724,0.000334,0.183809
579700,0.7779,0.306348,0.002724,0.000334,0.183809
579800,0.7779,0.306348,0.002724,0.000334,0.183809
579900,0.7779,0.306348,0.002724,0.000334,0.184044
580000,0.7779,0.306348,0.002724,0.000334,0.184044
580100,0.7779,0.306348,0.002724,0.000334,0.183809
580200,0.7779,0.306348,0.002724,0.000334,0.183809
580300,0.7779,0.306348,0.002724,0.000334,0.184044
580400,0.7779,0.306348,0.002724,0.000334,0.184044
580500,0.7779,0.306348,0.002724,0.000334,0.183809
580600,0.7779,0.306348,0.002724,0.000334,0.183809
580700,0.7779,0.306348,0.002724,0.000334,0.183809
580800,0.7779,0.306348,0.002724,0.000334,0.183809
580900,0.7779,0.306348,0.002724,0.000334,0.183809
581000,0.7779,0.306348,0.002724,0.000334,0.183809
581100,0.7779,0.306348,0.002724,0.000334,0.184044
581200,0.7779,0.306348,0.002724,0.000334,0.184044
581300,0.7779,0.306348,0.002724,0.000334,0.183809
581400,0.7779,0.306348,0.002724,0.000334,0.183809
581500,0.7779,0.306348,0.002724,0.000334,0.183809
581600,0.7779,0.306348,0.002724,0.000334,0.183809
581700,0.7779,0.306348,0.002724,0.000334,0.183809
581800,0.7779,0.306348,0.002724,0.000334,0.183809
581900,0.7779,0.306348,0.002724,0.000334,0.183809
582000,0.7779,0.306348,0.002724,0.000334,0.184513
582100,0.7779,0.306348,0.002724,0.000334,0.183809
582200,0.7779,0.306348,0.002724,0.000334,0.183809
582300,0.7779,0.306348,0.002724,0.000334,0.184044
582400,0.7779,0.306348,0.002724,0.000334,0.183809
582500,0.7779,0.306348,0.002724,0.000334,0.183809
582600,0.7779,0.306348,0.002724,0.000334,0.183809
582700,0.7779,0.306348,0.002724,0.000334,0.183809
582800,0.7779,0.306348,0.002724,0.000334,0.183809
582900,0.7779,0.306348,0.002724,0.000334,0.183809
583000,0.7779,0.306348,0.002724,0.000334,0.183809
583100,0.7779,0.306348,0.002724,0.000334,0.183809
583200,0.7779,0.306348,0.002724,0.000334,0.183809
583300,0.7779,0.306348,0.002724,0.000334,0.183809
583400,0.7779,0.306348,0.002724,0.000334,0.184044
583500,0.7779,0.306348,0.002724,0.000334,0.183809
583600,0.7779,0.306348,0.002724,0.000334,0.183809
583700,0.7779,0.306348,0.002724,0.000334,0.183809
583800,0.7779,0.306348,0.002724,0.000334,0.183809
583900,0.7779,0.306348,0.002724,0.000334,0.183809
584000,0.7779,0.306348,0.002724,0.000334,0.183809
584100,0.7779,0.306348,0.002724,0.000334,0.183809
584200,0.7779,0.306348,0.002724,0.000334,0.183809
584300,0.7779,0.306348,0.002724,0.000334,0.184044
584400,0.7779,0.306348,0.002724,0.000334,0.183809
584500,0.7779,0.306348,0.002724,0.000334,0.183809
584600,0.7779,0.306348,0.002724,0.000334,0.184044
584700,0.7779,0.306348,0.002724,0.000334,0.183809
584800,0.7779,0.306348,0.002724,0.000334,0.184513
584900,0.7779,0.306348,0.002724,0.000334,0.183809
585000,0.7779,0.306348,0.002724,0.000334,0.183809
585100,0.7779,0.306348,0.002724,0.000334,0.184044
585200,0.7779,0.306348,0.002724,0.000334,0.183809
585300,0.7779,0.306348,0.002724,0.000334,0.183809
585400,0.7779,0.306348,0.002724,0.000334,0.183809
585500,0.7779,0.306348,0.002724,0.000334,0.183809
585600,0.7779,0.306348,0.002724,0.000334,0.183809
585700,0.7779,0.306348,0.002724,0.000334,0.184044
585800,0.7779,0.306348,0.002724,0.000334,0.183809
585900,0.7779,0.306348,0.002724,0.000334,0.183809
586000,0.7779,0.306348,0.002724,0.000334,0.183809
586100,0.7779,0.306348,0.002724,0.000334,0.183809
586200,0.7779,0.306348,0.002724,0.000334,0.183809
586300,0.7779,0.306348,0.002724,0.000334,0.183809
586400,0.7779,0.306348,0.002724,0.000334,0.183809
586500,0.7779,0.306348,0.002724,0.000334,0.184044
586600,0.7779,0.306348,0.002724,0.000334,0.183809
586700,0.7779,0.306348,0.002724,0.000334,0.184044
586800,0.7779,0.306348,0.002724,0.000334,0.183809
586900,0.7779,0.306348,0.002724,0.000334,0.183809
587000,0.7779,0.306348,0.002724,0.000334,0.183809
587100,0.7779,0.306348,0.002724,0.000334,0.183809
587200,0.7779,0.306348,0.002724,0.000334,0.183809
587300,0.7779,0.306348,0.002724,0.000334,0.184044
587400,0.7779,0.306348,0.002724,0.000334,0.183809
587500,0.7779,0.306348,0.002724,0.000334,0.184044
587600,0.7779,0.306348,0.002724,0.000334,0.183809
587700,0.7779,0.306348,0.002724,0.000334,0.183809
587800,0.7779,0.306348,0.002724,0.000334,0.183809
587900,0.7779,0.306348,0.002724,0.000334,0.183809
588000,0.7779,0.306348,0.002724,0.000334,0.183809
588100,0.7779,0.306348,0.002724,0.000334,0.183809
588200,0.7779,0.306348,0.002724,0.000334,0.183809
588300,0.7779,0.306348,0.002724,0.000334,0.183809
588400,0.7779,0.306348,0.002724,0.000334,0.183809
588500,0.7779,0.306348,0.002724,0.000334,0.183809
588600,0.7779,0.306348,0.002724,0.000334,0.183809
588700,0.7779,0.306348,0.002724,0.000334,0.184044
588800,0.7779,0.306348,0.002724,0.000334,0.184044
588900,0.7779,0.306348,0.002724,0.000334,0.183809
589000,0.7779,0.306348,0.002724,0.000334,0.183809
589100,0.7779,0.306348,0.002724,0.000334,0.183809
589200,0.7779,0.306348,0.002724,0.000334,0.184044
589300,0.7779,0.306348,0.002724,0.000334,0.183809
589400,0.7779,0.306348,0.002724,0.000334,0.183809
589500,0.7779,0.306348,0.002724,0.000334,0.183809
589600,0.7779,0.306348,0.002724,0.000334,0.184044
589700,0.7779,0.306348,0.002724,0.000334,0.183809
589800,0.7779,0.306348,0.002724,0.000334,0.183809
589900,0.7779,0.306348,0.002724,0.000334,0.183809
590000,0.7779,0.306348,0.002724,0.000334,0.183809
590100,0.7779,0.306348,0.002724,0.000334,0.183809
590200,0.7779,0.306348,0.002724,0.000334,0.183809
590300,0.7779,0.306348,0.002724,0.000334,0.183809
590400,0.7779,0.306348,0.002724,0.000334,0.184044
590500,0.7779,0.306348,0.002724,0.000334,0.183809
590600,0.7779,0.306348,0.002724,0.000334,0.183809
590700,0.7779,0.306348,0.002724,0.000334,0.183809
590800,0.7779,0.306348,0.002724,0.000334,0.183809
590900,0.7779,0.306348,0.002724,0.000334,0.183809
591000,0.7779,0.306348,0.002724,0.000334,0.184044
591100,0.7779,0.306348,0.002724,0.000334,0.184278
591200,0.7779,0.306348,0.002724,0.000334,0.183809
591300,0.7779,0.306348,0.002724,0.000334,0.183809
591400,0.7779,0.306348,0.002724,0.000334,0.183809
591500,0.7779,0.306348,0.002724,0.000334,0.183809
591600,0.7779,0.306348,0.002724,0.000334,0.183809
591700,0.7779,0.306348,0.002724,0.000334,0.183809
591800,0.7779,0.306348,0.002724,0.000334,0.183809
591900,0.7779,0.306348,0.002724,0.000334,0.183809
592000,0.7779,0.306348,0.002724,0.000334,0.184278
592100,0.7779,0.306348,0.002724,0.000334,0.183809
592200,0.7779,0.306348,0.002724,0.000334,0.184044
592300,0.7779,0.306348,0.002724,0.000334,0.183809
592400,0.7779,0.306348,0.002724,0.000334,0.183809
592500,0.7779,0.306348,0.002724,0.000334,0.183809
592600,0.7779,0.306348,0.002724,0.000334,0.183809
592700,0.7779,0.306348,0.002724,0.000334,0.183809
592800,0.7779,0.306348,0.002724,0.000334,0.183809
592900,0.7779,0.306348,0.002724,0.000334,0.183809
593000,0.7779,0.306348,0.002724,0.000334,0.183809
593100,0.7779,0.306348,0.002724,0.000334,0.184044
593200,0.7779,0.306348,0.002724,0.000334,0.183809
593300,0.7779,0.306348,0.002724,0.000334,0.183809
593400,0.7779,0.306348,0.002724,0.000334,0.184278
593500,0.7779,0.306348,0.002724,0.000334,0.183809
593600,0.7779,0.306348,0.002724,0.000334,0.183809
593700,0.7779,0.306348,0.002724,0.000334,0.183809
593800,0.7779,0.306348,0.002724,0.000334,0.183809
593900,0.7779,0.306348,0.002724,0.000334,0.183809
594000,0.7779,0.306348,0.002724,0.000334,0.183809
594100,0.7779,0.306348,0.002724,0.000334,0.183809
594200,0.7779,0.306348,0.002724,0.000334,0.184044
594300,0.7779,0.306348,0.002724,0.000334,0.183809
594400,0.7779,0.306348,0.002724,0.000334,0.183809
594500,0.7779,0.306348,0.002724,0.000334,0.183809
594600,0.7779,0.306348,0.002724,0.000334,0.183809
594700,0.7779,0.306348,0.002724,0.000334,0.183809
594800,0.7779,0.306348,0.002724,0.000334,0.184278
594900,0.7779,0.306348,0.002724,0.000334,0.183809
595000,0.7779,0.306348,0.002724,0.000334,0.183809
595100,0.7779,0.306348,0.002724,0.000334,0.183809
595200,0.7779,0.306348,0.002724,0.000334,0.183809
595300,0.7779,0.306348,0.002724,0.000334,0.183809
595400,0.7779,0.306348,0.002724,0.000334,0.183809
595500,0.7779,0.306348,0.002724,0.000334,0.184044
595600,0.7779,0.306348,0.002724,0.000334,0.183809
595700,0.7779,0.306348,0.002724,0.000334,0.183809
595800,0.7779,0.306348,0.002724,0.000334,0.183809
595900,0.7779,0.306348,0.002724,0.000334,0.183809
596000,0.7779,0.306348,0.002724,0.000334,0.183809
596100,0.7779,0.306348,0.002724,0.000334,0.183809
596200,0.7779,0.306348,0.002724,0.000334,0.184044
596300,0.7779,0.306348,0.002724,0.000334,0.184044
596400,0.7779,0.306348,0.002724,0.000334,0.183809
596500,0.7779,0.306348,0.002724,0.000334,0.183809
596600,0.7779,0.306348,0.002724,0.000334,0.183809
596700,0.7779,0.306348,0.002724,0.000334,0.183809
596800,0.7779,0.306348,0.002724,0.000334,0.183809
596900,0.7779,0.306348,0.002724,0.000334,0.183809
597000,0.7779,0.306348,0.002724,0.000334,0.183809
597100,0.7779,0.306348,0.002724,0.000334,0.183809
597200,0.7779,0.306348,0.002724,0.000334,0.183809
597300,0.7779,0.306348,0.002724,0.000334,0.184044
597400,0.7779,0.306348,0.002724,0.000334,0.183809
597500,0.7779,0.306348,0.002724,0.000334,0.183809
597600,0.7779,0.306348,0.002724,0.000334,0.183809
597700,0.7779,0.306348,0.002724,0.000334,0.183809
597800,0.7779,0.306348,0.002724,0.000334,0.183809
597900,0.7779,0.306348,0.002724,0.000334,0.183809
598000,0.7779,0.306348,0.002724,0.000334,0.183809
598100,0.7779,0.306348,0.002724,0.000334,0.183809
598200,0.7779,0.306348,0.002724,0.000334,0.183809
598300,0.7779,0.306348,0.002724,0.000334,0.184044
598400,0.7779,0.306348,0.002724,0.000334,0.183809
598500,0.7779,0.306348,0.002724,0.000334,0.183809
598600,0.7779,0.306348,0.002724,0.000334,0.183809
598700,0.7779,0.306348,0.002724,0.000334,0.183809
598800,0.7779,0.306348,0.002724,0.000334,0.183809
598900,0.7779,0.306348,0.002724,0.000334,0.184044
599000,0.7779,0.306348,0.002724,0.000334,0.183809
599100,0.7779,0.306348,0.002724,0.000334,0.184044
599200,0.7779,0.306348,0.002724,0.000334,0.184278
599300,0.7779,0.306348,0.002724,0.000334,0.183809
599400,0.7779,0.306348,0.002724,0.000334,0.183809
599500,0.7779,0.306348,0.002724,0.000334,0.183809
599600,0.7779,0.306348,0.002724,0.000334,0.183809
599700,0.7779,0.306348,0.002724,0.000334,0.183809
599800,0.7779,0.306348,0.002724,0.000334,0.183809
599900,0.7779,0.306348,0.002724,0.000334,0.183809
600000,0.7779,0.306348,0.002724,0.000334,0.183809
600100,0.7779,0.306348,0.002724,0.000334,0.183809
600200,0.7779,0.306348,0.002724,0.000334,0.183809
600300,0.7779,0.306348,0.002724,0.000334,0.183809
600400,0.7779,0.306348,0.002724,0.000334,0.183809
600500,0.7779,0.306348,0.002724,0.000334,0.183809
600600,0.7779,0.306348,0.002724,0.000334,0.184044
600700,0.7779,0.306348,0.002724,0.000334,0.183809
600800,0.7779,0.306348,0.002724,0.000334,0.183809
600900,0.7779,0.306348,0.002724,0.000334,0.184044
601000,0.7779,0.306348,0.002724,0.000334,0.183809
601100,0.7779,0.306348,0.002724,0.000334,0.183809
601200,0.7779,0.306348,0.002724,0.000334,0.183809
601300,0.7779,0.306348,0.002724,0.000334,0.183809
601400,0.7779,0.306348,0.002724,0.000334,0.183809
601500,0.7779,0.306348,0.002724,0.000334,0.184278
601600,0.7779,0.306348,0.002724,0.000334,0.183809
601700,0.7779,0.306348,0.002724,0.000334,0.183809
601800,0.7779,0.306348,0.002724,0.000334,0.183809
601900,0.7779,0.306348,0.002724,0.000334,0.183809
602000,0.7779,0.306348,0.002724,0.000334,0.183809
602100,0.7779,0.306348,0.002724,0.000334,0.184044
602200,0.7779,0.306348,0.002724,0.000334,0.183809
602300,0.7779,0.306348,0.002724,0.000334,0.183809
602400,0.7779,0.306348,0.002724,0.000334,0.183809
602500,0.7779,0.306348,0.002724,0.000334,0.183809
602600,0.7779,0.306348,0.002724,0.000334,0.183809
602700,0.7779,0.306348,0.002724,0.000334,0.183809
602800,0.7779,0.306348,0.002724,0.000334,0.183809
602900,0.7779,0.306348,0.002724,0.000334,0.184044
603000,0.7779,0.306348,0.002724,0.000334,0.183809
603100,0.7779,0.306348,0.002724,0.000334,0.183809
603200,0.7779,0.306348,0.002724,0.000334,0.183809
603300,0.7779,0.306348,0.002724,0.000334,0.183809
603400,0.7779,0.306348,0.002724,0.000334,0.183809
603500,0.7779,0.306348,0.002724,0.000334,0.183809
603600,0.7779,0.306348,0.002724,0.000334,0.183809
603700,0.7779,0.306348,0.002724,0.000334,0.184044
603800,0.7779,0.306348,0.002724,0.000334,0.183809
603900,0.7779,0.306348,0.002724,0.000334,0.183809
604000,0.7779,0.306348,0.002724,0.000334,0.183809
604100,0.7779,0.306348,0.002724,0.000334,0.183809
604200,0.7779,0.306348,0.002724,0.000334,0.184278
604300,0.7779,0.306348,0.002724,0.000334,0.184278
604400,0.7779,0.306348,0.002724,0.000334,0.183809
604500,0.7779,0.306348,0.002724,0.000334,0.183809
604600,0.7779,0.306348,0.002724,0.000334,0.183809
604700,0.7779,0.306348,0.002724,0.000334,0.183809
604800,0.7779,0.306348,0.002724,0.000334,0.183809
604900,0.7779,0.306348,0.002724,0.000334,0.183809
605000,0.7779,0.306348,0.002724,0.000334,0.183809
605100,0.7779,0.306348,0.002724,0.000334,0.183809
605200,0.7779,0.306348,0.002724,0.000334,0.183809
605300,0.7779,0.306348,0.002724,0.000334,0.183809
605400,0.7779,0.306348,0.002724,0.000334,0.183809
605500,0.7779,0.306348,0.002724,0.000334,0.183809
605600,0.7779,0.306348,0.002724,0.000334,0.183809
605700,0.7779,0.306348,0.002724,0.000334,0.183809
605800,0.7779,0.306348,0.002724,0.000334,0.183809
605900,0.7779,0.306348,0.002724,0.000334,0.184044
606000,0.7779,0.306348,0.002724,0.000334,0.183809
606100,0.7779,0.306348,0.002724,0.000334,0.183809
606200,0.7779,0.306348,0.002724,0.000334,0.183809
606300,0.7779,0.306348,0.002724,0.000334,0.183809
606400,0.7779,0.306348,0.002724,0.000334,0.183809
606500,0.7779,0.306348,0.002724,0.000334,0.184044
606600,0.7779,0.306348,0.002724,0.000334,0.183809
606700,0.7779,0.306348,0.002724,0.000334,0.183809
606800,0.7779,0.306348,0.002724,0.000334,0.184044
606900,0.7779,0.306348,0.002724,0.000334,0.183809
607000,0.7779,0.306348,0.002724,0.000334,0.183809
607100,0.7779,0.306348,0.002724,0.000334,0.183809
607200,0.7779,0.306348,0.002724,0.000334,0.183809
607300,0.7779,0.306348,0.002724,0.000334,0.183809
607400,0.7779,0.306348,0.002724,0.000334,0.183809
607500,0.7779,0.306348,0.002724,0.000334,0.183809
607600,0.7779,0.306348,0.002724,0.000334,0.183809
607700,0.7779,0.306348,0.002724,0.000334,0.183809
607800,0.7779,0.306348,0.002724,0.000334,0.183809
607900,0.7779,0.306348,0.002724,0.000334,0.183809
608000,0.7779,0.306348,0.002724,0.000334,0.183809
608100,0.7779,0.306348,0.002724,0.000334,0.183809
608200,0.7779,0.306348,0.002724,0.000334,0.183809
608300,0.7779,0.306348,0.002724,0.000334,0.184044
608400,0.7779,0.306348,0.002724,0.000334,0.183809
608500,0.7779,0.306348,0.002724,0.000334,0.183809
608600,0.7779,0.306348,0.002724,0.000334,0.183809
608700,0.7779,0.306348,0.002724,0.000334,0.184044
608800,0.7779,0.306348,0.002724,0.000334,0.183809
608900,0.7779,0.306348,0.002724,0.000334,0.183809
609000,0.7779,0.306348,0.002724,0.000334,0.184044
609100,0.7779,0.306348,0.002724,0.000334,0.183809
609200,0.7779,0.306348,0.002724,0.000334,0.184044
609300,0.7779,0.306348,0.002724,0.000334,0.183809
609400,0.7779,0.306348,0.002724,0.000334,0.183809
609500,0.7779,0.306348,0.002724,0.000334,0.183809
609600,0.7779,0.306348,0.002724,0.000334,0.183809
609700,0.7779,0.306348,0.002724,0.000334,0.184044
609800,0.7779,0.306348,0.002724,0.000334,0.183809
609900,0.7779,0.306348,0.002724,0.000334,0.183809
610000,0.7779,0.306348,0.002724,0.000334,0.183809
610100,0.7779,0.306348,0.002724,0.000334,0.183809
610200,0.7779,0.306348,0.002724,0.000334,0.183809
610300,0.7779,0.306348,0.002724,0.000334,0.183809
610400,0.7779,0.306348,0.002724,0.000334,0.183809
610500,0.7779,0.306348,0.002724,0.000334,0.183809
610600,0.7779,0.306348,0.002724,0.000334,0.183809
610700,0.7779,0.306348,0.002724,0.000334,0.183809
610800,0.7779,0.306348,0.002724,0.000334,0.184044
610900,0.7779,0.306348,0.002724,0.000334,0.183809
611000,0.7779,0.306348,0.002724,0.000334,0.183809
611100,0.7779,0.306348,0.002724,0.000334,0.184044
611200,0.7779,0.306348,0.002724,0.000334,0.183809
611300,0.7779,0.306348,0.002724,0.000334,0.183809
611400,0.7779,0.306348,0.002724,0.000334,0.183809
611500,0.7779,0.306348,0.002724,0.000334,0.184044
611600,0.7779,0.306348,0.002724,0.000334,0.183809
611700,0.7779,0.306348,0.002724,0.000334,0.183809
611800,0.7779,0.306348,0.002724,0.000334,0.183809
611900,0.7779,0.306348,0.002724,0.000334,0.183809
612000,0.7779,0.306348,0.002724,0.000334,0.183809
612100,0.7779,0.306348,0.002724,0.000334,0.183809
612200,0.7779,0.306348,0.002724,0.000334,0.183809
612300,0.7779,0.306348,0.002724,0.000334,0.183809
612400,0.7779,0.306348,0.002724,0.000334,0.183809
612500,0.7779,0.306348,0.002724,0.000334,0.184278
612600,0.7779,0.306348,0.002724,0.000334,0.183809
612700,0.7779,0.306348,0.002724,0.000334,0.183809
612800,0.7779,0.306348,0.002724,0.000334,0.183809
612900,0.7779,0.306348,0.002724,0.000334,0.183809
613000,0.7779,0.306348,0.002724,0.000334,0.183809
613100,0.7779,0.306348,0.002724,0.000334,0.183809
613200,0.7779,0.306348,0.002724,0.000334,0.183809
613300,0.7779,0.306348,0.002724,0.000334,0.183809
613400,0.7779,0.306348,0.002724,0.000334,0.184044
613500,0.7779,0.306348,0.002724,0.000334,0.184044
613600,0.7779,0.306348,0.002724,0.000334,0.183809
613700,0.7779,0.306348,0.002724,0.000334,0.183809
613800,0.7779,0.306348,0.002724,0.000334,0.184044
613900,0.7779,0.306348,0.002724,0.000334,0.183809
614000,0.7779,0.306348,0.002724,0.000334,0.184044
614100,0.7779,0.306348,0.002724,0.000334,0.183809
614200,0.7779,0.306348,0.002724,0.000334,0.183809
614300,0.7779,0.306348,0.002724,0.000334,0.183809
614400,0.7779,0.306348,0.002724,0.000334,0.183809
614500,0.7779,0.306348,0.002724,0.000334,0.183809
614600,0.7779,0.306348,0.002724,0.000334,0.183809
614700,0.7779,0.306348,0.002724,0.000334,0.183809
614800,0.7779,0.306348,0.002724,0.000334,0.184278
614900,0.7779,0.306348,0.002724,0.000334,0.183809
615000,0.7779,0.306348,0.002724,0.000334,0.183809
615100,0.7779,0.306348,0.002724,0.000334,0.183809
615200,0.7779,0.306348,0.002724,0.000334,0.183809
615300,0.7779,0.306348,0.002724,0.000334,0.183809
615400,0.7779,0.306348,0.002724,0.000334,0.183809
615500,0.7779,0.306348,0.002724,0.000334,0.183809
615600,0.7779,0.306348,0.002724,0.000334,0.184044
615700,0.7779,0.306348,0.002724,0.000334,0.183809
615800,0.7779,0.306348,0.002724,0.000334,0.183809
615900,0.7779,0.306348,0.002724,0.000334,0.183809
616000,0.7779,0.306348,0.002724,0.000334,0.183809
616100,0.7779,0.306348,0.002724,0.000334,0.183809
616200,0.7779,0.306348,0.002724,0.000334,0.183809
616300,0.7779,0.306348,0.002724,0.000334,0.184044
616400,0.7779,0.306348,0.002724,0.000334,0.183809
616500,0.7779,0.306348,0.002724,0.000334,0.183809
616600,0.7779,0.306348,0.002724,0.000334,0.183809
616700,0.7779,0.306348,0.002724,0.000334,0.183809
616800,0.7779,0.306348,0.002724,0.000334,0.183809
616900,0.7779,0.306348,0.002724,0.000334,0.183809
617000,0.7779,0.306348,0.002724,0.000334,0.183809
617100,0.7779,0.306348,0.002724,0.000334,0.183809
617200,0.7779,0.306348,0.002724,0.000334,0.183809
617300,0.7779,0.306348,0.002724,0.000334,0.184044
617400,0.7779,0.306348,0.002724,0.000334,0.183809
617500,0.7779,0.306348,0.002724,0.000334,0.183809
617600,0.7779,0.306348,0.002724,0.000334,0.183809
617700,0.7779,0.306348,0.002724,0.000334,0.183809
617800,0.7779,0.306348,0.002724,0.000334,0.183809
617900,0.7779,0.306348,0.002724,0.000334,0.183809
618000,0.7779,0.306348,0.002724,0.000334,0.183809
618100,0.7779,0.306348,0.002724,0.000334,0.184044
618200,0.7779,0.306348,0.002724,0.000334,0.183809
618300,0.7779,0.306348,0.002724,0.000334,0.183809
618400,0.7779,0.306348,0.002724,0.000334,0.183809
618500,0.7779,0.306348,0.002724,0.000334,0.183809
618600,0.7779,0.306348,0.002724,0.000334,0.183809
618700,0.7779,0.306348,0.002724,0.000334,0.183809
618800,0.7779,0.306348,0.002724,0.000334,0.184044
618900,0.7779,0.306348,0.002724,0.000334,0.183809
619000,0.7779,0.306348,0.002724,0.000334,0.184278
619100,0.7779,0.306348,0.002724,0.000334,0.183809
619200,0.7779,0.306348,0.002724,0.000334,0.183809
619300,0.7779,0.306348,0.002724,0.000334,0.183809
619400,0.7779,0.306348,0.002724,0.000334,0.183809
619500,0.7779,0.306348,0.002724,0.000334,0.183809
619600,0.7779,0.306348,0.002724,0.000334,0.183809
619700,0.7779,0.306348,0.002724,0.000334,0.184044
619800,0.7779,0.306348,0.002724,0.000334,0.183809
619900,0.7779,0.306348,0.002724,0.000334,0.183809
620000,0.7779,0.306348,0.002724,0.000334,0.183809
620100,0.7779,0.306348,0.002724,0.000334,0.183809
620200,0.7779,0.306348,0.002724,0.000334,0.183809
620300,0.7779,0.306348,0.002724,0.000334,0.183809
620400,0.7779,0.306348,0.002724,0.000334,0.183809
620500,0.7779,0.306348,0.002724,0.000334,0.183809
620600,0.7779,0.306348,0.002724,0.000334,0.184044
620700,0.7779,0.306348,0.002724,0.000334,0.184044
620800,0.7779,0.306348,0.002724,0.000334,0.183809
620900,0.7779,0.306348,0.002724,0.000334,0.183809
621000,0.7779,0.306348,0.002724,0.000334,0.183809
621100,0.7779,0.306348,0.002724,0.000334,0.183809
621200,0.7779,0.306348,0.002724,0.000334,0.183809
621300,0.7779,0.306348,0.002724,0.000334,0.183809
621400,0.7779,0.306348,0.002724,0.000334,0.183809
621500,0.7779,0.306348,0.002724,0.000334,0.183809
621600,0.7779,0.306348,0.002724,0.000334,0.183809
621700,0.7779,0.306348,0.002724,0.000334,0.184044
621800,0.7779,0.306348,0.002724,0.000334,0.183809
621900,0.7779,0.306348,0.002724,0.000334,0.183809
622000,0.7779,0.306348,0.002724,0.000334,0.184278
622100,0.7779,0.306348,0.002724,0.000334,0.183809
622200,0.7779,0.306348,0.002724,0.000334,0.183809
622300,0.7779,0.306348,0.002724,0.000334,0.183809
622400,0.7779,0.306348,0.002724,0.000334,0.183809
622500,0.7779,0.306348,0.002724,0.000334,0.183809
622600,0.7779,0.306348,0.002724,0.000334,0.183809
622700,0.7779,0.306348,0.002724,0.000334,0.183809
622800,0.7779,0.306348,0.002724,0.000334,0.183809
622900,0.7779,0.306348,0.002724,0.000334,0.183809
623000,0.7779,0.306348,0.002724,0.000334,0.183809
623100,0.7779,0.306348,0.002724,0.000334,0.184044
623200,0.7779,0.306348,0.002724,0.000334,0.183809
623300,0.7779,0.306348,0.002724,0.000334,0.183809
623400,0.7779,0.306348,0.002724,0.000334,0.184044
623500,0.7779,0.306348,0.002724,0.000334,0.183809
623600,0.7779,0.306348,0.002724,0.000334,0.183809
623700,0.7779,0.306348,0.002724,0.000334,0.183809
623800,0.7779,0.306348,0.002724,0.000334,0.183809
623900,0.7779,0.306348,0.002724,0.000334,0.183809
624000,0.7779,0.306348,0.002724,0.000334,0.183809
624100,0.7779,0.306348,0.002724,0.000334,0.184044
624200,0.7779,0.306348,0.002724,0.000334,0.183809
624300,0.7779,0.306348,0.002724,0.000334,0.183809
624400,0.7779,0.306348,0.002724,0.000334,0.184044
624500,0.7779,0.306348,0.002724,0.000334,0.183809
624600,0.7779,0.306348,0.002724,0.000334,0.183809
624700,0.7779,0.306348,0.002724,0.000334,0.183809
624800,0.7779,0.306348,0.002724,0.000334,0.184278
624900,0.7779,0.306348,0.002724,0.000334,0.183809
625000,0.7779,0.306348,0.002724,0.000334,0.183809
625100,0.7779,0.306348,0.002724,0.000334,0.183809
625200,0.7779,0.306348,0.002724,0.000334,0.183809
625300,0.7779,0.306348,0.002724,0.000334,0.183809
625400,0.7779,0.306348,0.002724,0.000334,0.183809
625500,0.7779,0.306348,0.002724,0.000334,0.183809
625600,0.7779,0.306348,0.002724,0.000334,0.183809
625700,0.7779,0.306348,0.002724,0.000334,0.183809
625800,0.7779,0.306348,0.002724,0.000334,0.184044
625900,0.7779,0.306348,0.002724,0.000334,0.183809
626000,0.7779,0.306348,0.002724,0.000334,0.183809
626100,0.7779,0.306348,0.002724,0.000334,0.183809
626200,0.7779,0.306348,0.002724,0.000334,0.183809
626300,0.7779,0.306348,0.002724,0.000334,0.183809
626400,0.7779,0.306348,0.002724,0.000334,0.183809
626500,0.7779,0.306348,0.002724,0.000334,0.183809
626600,0.7779,0.306348,0.002724,0.000334,0.183809
626700,0.7779,0.306348,0.002724,0.000334,0.183809
626800,0.7779,0.306348,0.002724,0.000334,0.183809
626900,0.7779,0.306348,0.002724,0.000334,0.184044
627000,0.7779,0.306348,0.002724,0.000334,0.183809
627100,0.7779,0.306348,0.002724,0.000334,0.184044
627200,0.7779,0.306348,0.002724,0.000334,0.183809
627300,0.7779,0.306348,0.002724,0.000334,0.183809
627400,0.7779,0.306348,0.002724,0.000334,0.183809
627500,0.7779,0.306348,0.002724,0.000334,0.183809
627600,0.7779,0.306348,0.002724,0.000334,0.183809
627700,0.7779,0.306348,0.002724,0.000334,0.183809
627800,0.7779,0.306348,0.002724,0.000334,0.183809
627900,0.7779,0.306348,0.002724,0.000334,0.183809
628000,0.7779,0.306348,0.002724,0.000334,0.184044
628100,0.7779,0.306348,0.002724,0.000334,0.183809
628200,0.7779,0.306348,0.002724,0.000334,0.183809
628300,0.7779,0.306348,0.002724,0.000334,0.184044
628400,0.7779,0.306348,0.002724,0.000334,0.183809
628500,0.7779,0.306348,0.002724,0.000334,0.183809
628600,0.7779,0.306348,0.002724,0.000334,0.183809
628700,0.7779,0.306348,0.002724,0.000334,0.183809
628800,0.7779,0.306348,0.002724,0.000334,0.183809
628900,0.7779,0.306348,0.002724,0.000334,0.183809
629000,0.7779,0.306348,0.002724,0.000334,0.183809
629100,0.7779,0.306348,0.002724,0.000334,0.183809
629200,0.7779,0.306348,0.002724,0.000334,0.183809
629300,0.7779,0.306348,0.002724,0.000334,0.183809
629400,0.7779,0.306348,0.002724,0.000334,0.183809
629500,0.7779,0.306348,0.002724,0.000334,0.183809
629600,0.7779,0.306348,0.002724,0.000334,0.183809
629700,0.7779,0.306348,0.002724,0.000334,0.184278
629800,0.7779,0.306348,0.002724,0.000334,0.184044
629900,0.7779,0.306348,0.002724,0.000334,0.184044
630000,0.7779,0.306348,0.002724,0.000334,0.183809
630100,0.7779,0.306348,0.002724,0.000334,0.183809
630200,0.7779,0.306348,0.002724,0.000334,0.183809
630300,0.7779,0.306348,0.002724,0.000334,0.183809
630400,0.7779,0.306348,0.002724,0.000334,0.183809
630500,0.7779,0.306348,0.002724,0.000334,0.183809
630600,0.7779,0.306348,0.002724,0.000334,0.183809
630700,0.7779,0.306348,0.002724,0.000334,0.183809
630800,0.7779,0.306348,0.002724,0.000334,0.183809
630900,0.7779,0.306348,0.002724,0.000334,0.183809
631000,0.7779,0.306348,0.002724,0.000334,0.183809
631100,0.7779,0.306348,0.002724,0.000334,0.184044
631200,0.7779,0.306348,0.002724,0.000334,0.183809
631300,0.7779,0.306348,0.002724,0.000334,0.183809
631400,0.7779,0.306348,0.002724,0.000334,0.183809
631500,0.7779,0.306348,0.002724,0.000334,0.183809
631600,0.7779,0.306348,0.002724,0.000334,0.183809
631700,0.7779,0.306348,0.002724,0.000334,0.183809
631800,0.7779,0.306348,0.002724,0.000334,0.183809
631900,0.7779,0.306348,0.002724,0.000334,0.183809
632000,0.7779,0.306348,0.002724,0.000334,0.183809
632100,0.7779,0.306348,0.002724,0.000334,0.183809
632200,0.7779,0.306348,0.002724,0.000334,0.183809
632300,0.7779,0.306348,0.002724,0.000334,0.183809
632400,0.7779,0.306348,0.002724,0.000334,0.183809
632500,0.7779,0.306348,0.002724,0.000334,0.184513
632600,0.7779,0.306348,0.002724,0.000334,0.183809
632700,0.7779,0.306348,0.002724,0.000334,0.183809
632800,0.7779,0.306348,0.002724,0.000334,0.184044
632900,0.7779,0.306348,0.002724,0.000334,0.183809
633000,0.7779,0.306348,0.002724,0.000334,0.183809
633100,0.7779,0.306348,0.002724,0.000334,0.183809
633200,0.7779,0.306348,0.002724,0.000334,0.183809
633300,0.7779,0.306348,0.002724,0.000334,0.183809
633400,0.7779,0.306348,0.002724,0.000334,0.183809
633500,0.7779,0.306348,0.002724,0.000334,0.183809
633600,0.7779,0.306348,0.002724,0.000334,0.183809
633700,0.7779,0.306348,0.002724,0.000334,0.183809
633800,0.7779,0.306348,0.002724,0.000334,0.183809
633900,0.7779,0.306348,0.002724,0.000334,0.184044
634000,0.7779,0.306348,0.002724,0.000334,0.183809
634100,0.7779,0.306348,0.002724,0.000334,0.183809
634200,0.7779,0.306348,0.002724,0.000334,0.183809
634300,0.7779,0.306348,0.002724,0.000334,0.183809
634400,0.7779,0.306348,0.002724,0.000334,0.183809
634500,0.7779,0.306348,0.002724,0.000334,0.183809
634600,0.7779,0.306348,0.002724,0.000334,0.183809
634700,0.7779,0.306348,0.002724,0.000334,0.183809
634800,0.7779,0.306348,0.002724,0.000334,0.183809
634900,0.7779,0.306348,0.002724,0.000334,0.184278
635000,0.7779,0.306348,0.002724,0.000334,0.184044
635100,0.7779,0.306348,0.002724,0.000334,0.183809
635200,0.7779,0.306348,0.002724,0.000334,0.183809
635300,0.7779,0.306348,0.002724,0.000334,0.184044
635400,0.7779,0.306348,0.002724,0.000334,0.183809
635500,0.7779,0.306348,0.002724,0.000334,0.184044
635600,0.7779,0.306348,0.002724,0.000334,0.183809
635700,0.7779,0.306348,0.002724,0.000334,0.183809
635800,0.7779,0.306348,0.002724,0.000334,0.183809
635900,0.7779,0.306348,0.002724,0.000334,0.183809
636000,0.7779,0.306348,0.002724,0.000334,0.183809
636100,0.7779,0.306348,0.002724,0.000334,0.183809
636200,0.7779,0.306348,0.002724,0.000334,0.183809
636300,0.7779,0.306348,0.002724,0.000334,0.183809
636400,0.7779,0.306348,0.002724,0.000334,0.183809
636500,0.7779,0.306348,0.002724,0.000334,0.183809
636600,0.7779,0.306348,0.002724,0.000334,0.183809
636700,0.7779,0.306348,0.002724,0.000334,0.183809
636800,0.7779,0.306348,0.002724,0.000334,0.183809
636900,0.7779,0.306348,0.002724,0.000334,0.184044
637000,0.7779,0.306348,0.002724,0.000334,0.183809
637100,0.7779,0.306348,0.002724,0.000334,0.183809
637200,0.7779,0.306348,0.002724,0.000334,0.183809
637300,0.7779,0.306348,0.002724,0.000334,0.183809
637400,0.7779,0.306348,0.002724,0.000334,0.183809
637500,0.7779,0.306348,0.002724,0.000334,0.184044
637600,0.7779,0.306348,0.002724,0.000334,0.183809
637700,0.7779,0.306348,0.002724,0.000334,0.183809
637800,0.7779,0.306348,0.002724,0.000334,0.184044
637900,0.7779,0.306348,0.002724,0.000334,0.183809
638000,0.7779,0.306348,0.002724,0.000334,0.183809
638100,0.7779,0.306348,0.002724,0.000334,0.183809
638200,0.7779,0.306348,0.002724,0.000334,0.183809
638300,0.7779,0.306348,0.002724,0.000334,0.184044
638400,0.7779,0.306348,0.002724,0.000334,0.183809
638500,0.7779,0.306348,0.002724,0.000334,0.183809
638600,0.7779,0.306348,0.002724,0.000334,0.183809
638700,0.7779,0.306348,0.002724,0.000334,0.183809
638800,0.7779,0.306348,0.002724,0.000334,0.183809
638900,0.7779,0.306348,0.002724,0.000334,0.183809
639000,0.7779,0.306348,0.002724,0.000334,0.183809
639100,0.7779,0.306348,0.002724,0.000334,0.183809
639200,0.7779,0.306348,0.002724,0.000334,0.183809
639300,0.7779,0.306348,0.002724,0.000334,0.183809
639400,0.7779,0.306348,0.002724,0.000334,0.183809
639500,0.7779,0.306348,0.002724,0.000334,0.183809
639600,0.7779,0.306348,0.002724,0.000334,0.183809
639700,0.7779,0.306348,0.002724,0.000334,0.184044
639800,0.7779,0.306348,0.002724,0.000334,0.183809
639900,0.7779,0.306348,0.002724,0.000334,0.183809
640000,0.7779,0.306348,0.002724,0.000334,0.183809
640100,0.7779,0.306348,0.002724,0.000334,0.183809
640200,0.7779,0.306348,0.002724,0.000334,0.184044
640300,0.7779,0.306348,0.002724,0.000334,0.183809
640400,0.7779,0.306348,0.002724,0.000334,0.183809
640500,0.7779,0.306348,0.002724,0.000334,0.183809
640600,0.7779,0.306348,0.002724,0.000334,0.183809
640700,0.7779,0.306348,0.002724,0.000334,0.183809
640800,0.7779,0.306348,0.002724,0.000334,0.183809
640900,0.7779,0.306348,0.002724,0.000334,0.183809
641000,0.7779,0.306348,0.002724,0.000334,0.183809
641100,0.7779,0.306348,0.002724,0.000334,0.184044
641200,0.7779,0.306348,0.002724,0.000334,0.183809
641300,0.7779,0.306348,0.002724,0.000334,0.183809
641400,0.7779,0.306348,0.002724,0.000334,0.184044
641500,0.7779,0.306348,0.002724,0.000334,0.183809
641600,0.7779,0.306348,0.002724,0.000334,0.183809
641700,0.7779,0.306348,0.002724,0.000334,0.183809
641800,0.7779,0.306348,0.002724,0.000334,0.183809
641900,0.7779,0.306348,0.002724,0.000334,0.183809
642000,0.7779,0.306348,0.002724,0.000334,0.183809
642100,0.7779,0.306348,0.002724,0.000334,0.183809
642200,0.7779,0.306348,0.002724,0.000334,0.183809
642300,0.7779,0.306348,0.002724,0.000334,0.183809
642400,0.7779,0.306348,0.002724,0.000334,0.183809
642500,0.7779,0.306348,0.002724,0.000334,0.184278
642600,0.7779,0.306348,0.002724,0.000334,0.183809
642700,0.7779,0.306348,0.002724,0.000334,0.184044
642800,0.7779,0.306348,0.002724,0.000334,0.183809
642900,0.7779,0.306348,0.002724,0.000334,0.183809
643000,0.7779,0.306348,0.002724,0.000334,0.183809
643100,0.7779,0.306348,0.002724,0.000334,0.184044
643200,0.7779,0.306348,0.002724,0.000334,0.183809
643300,0.7779,0.306348,0.002724,0.000334,0.183809
643400,0.7779,0.306348,0.002724,0.000334,0.183809
643500,0.7779,0.306348,0.002724,0.000334,0.183809
643600,0.7779,0.306348,0.002724,0.000334,0.183809
643700,0.7779,0.306348,0.002724,0.000334,0.183809
643800,0.7779,0.306348,0.002724,0.000334,0.183809
643900,0.7779,0.306348,0.002724,0.000334,0.184044
644000,0.7779,0.306348,0.002724,0.000334,0.183809
644100,0.7779,0.306348,0.002724,0.000334,0.183809
644200,0.7779,0.306348,0.002724,0.000334,0.183809
644300,0.7779,0.306348,0.002724,0.000334,0.183809
644400,0.7779,0.306348,0.002724,0.000334,0.183809
644500,0.7779,0.306348,0.002724,0.000334,0.183809
644600,0.7779,0.306348,0.002724,0.000334,0.183809
644700,0.7779,0.306348,0.002724,0.000334,0.183809
644800,0.7779,0.306348,0.002724,0.000334,0.183809
644900,0.7779,0.306348,0.002724,0.000334,0.183809
645000,0.7779,0.306348,0.002724,0.000334,0.183809
645100,0.7779,0.306348,0.002724,0.000334,0.183809
645200,0.7779,0.306348,0.002724,0.000334,0.183809
645300,0.7779,0.306348,0.002724,0.000334,0.183809
645400,0.7779,0.306348,0.002724,0.000334,0.184278
645500,0.7779,0.306348,0.002724,0.000334,0.183809
645600,0.7779,0.306348,0.002724,0.000334,0.183809
645700,0.7779,0.306348,0.002724,0.000334,0.183809
645800,0.7779,0.306348,0.002724,0.000334,0.183809
645900,0.7779,0.306348,0.002724,0.000334,0.183809
646000,0.7779,0.306348,0.002724,0.000334,0.183809
646100,0.7779,0.306348,0.002724,0.000334,0.183809
646200,0.7779,0.306348,0.002724,0.000334,0.183809
646300,0.7779,0.306348,0.002724,0.000334,0.184044
646400,0.7779,0.306348,0.002724,0.000334,0.184044
646500,0.7779,0.306348,0.002724,0.000334,0.183809
646600,0.7779,0.306348,0.002724,0.000334,0.183809
646700,0.7779,0.306348,0.002724,0.000334,0.183809
646800,0.7779,0.306348,0.002724,0.000334,0.183809
646900,0.7779,0.306348,0.002724,0.000334,0.183809
647000,0.7779,0.306348,0.002724,0.000334,0.183809
647100,0.7779,0.306348,0.002724,0.000334,0.183809
647200,0.7779,0.306348,0.002724,0.000334,0.183809
647300,0.7779,0.306348,0.002724,0.000334,0.183809
647400,0.7779,0.306348,0.002724,0.000334,0.184044
647500,0.7779,0.306348,0.002724,0.000334,0.183809
647600,0.7779,0.306348,0.002724,0.000334,0.183809
647700,0.7779,0.306348,0.002724,0.000334,0.184044
647800,0.7779,0.306348,0.002724,0.000334,0.183809
647900,0.7779,0.306348,0.002724,0.000334,0.183809
648000,0.7779,0.306348,0.002724,0.000334,0.183809
648100,0.7779,0.306348,0.002724,0.000334,0.183809
648200,0.7779,0.306348,0.002724,0.000334,0.183809
648300,0.7779,0.306348,0.002724,0.000334,0.183809
648400,0.7779,0.306348,0.002724,0.000334,0.183809
648500,0.7779,0.306348,0.002724,0.000334,0.183809
648600,0.7779,0.306348,0.002724,0.000334,0.183809
648700,0.7779,0.306348,0.002724,0.000334,0.183809
648800,0.7779,0.306348,0.002724,0.000334,0.184044
648900,0.7779,0.306348,0.002724,0.000334,0.183809
649000,0.7779,0.306348,0.002724,0.000334,0.184044
649100,0.7779,0.306348,0.002724,0.000334,0.183809
649200,0.7779,0.306348,0.002724,0.000334,0.183809
649300,0.7779,0.306348,0.002724,0.000334,0.183809
649400,0.7779,0.306348,0.002724,0.000334,0.183809
649500,0.7779,0.306348,0.002724,0.000334,0.183809
649600,0.7779,0.306348,0.002724,0.000334,0.183809
649700,0.7779,0.306348,0.002724,0.000334,0.183809
649800,0.7779,0.306348,0.002724,0.000334,0.183809
649900,0.7779,0.306348,0.002724,0.000334,0.183809
650000,0.7779,0.306348,0.002724,0.000334,0.183809
650100,0.7779,0.306348,0.002724,0.000334,0.183809
650200,0.7779,0.306348,0.002724,0.000334,0.184044
650300,0.7779,0.306348,0.002724,0.000334,0.183809
650400,0.7779,0.306348,0.002724,0.000334,0.183809
650500,0.7779,0.306348,0.002724,0.000334,0.183809
650600,0.7779,0.306348,0.002724,0.000334,0.183809
650700,0.7779,0.306348,0.002724,0.000334,0.183809
650800,0.7779,0.306348,0.002724,0.000334,0.183809
650900,0.7779,0.306348,0.002724,0.000334,0.183809
651000,0.7779,0.306348,0.002724,0.000334,0.183809
651100,0.7779,0.306348,0.002724,0.000334,0.183809
651200,0.7779,0.306348,0.002724,0.000334,0.183809
651300,0.7779,0.306348,0.002724,0.000334,0.183809
651400,0.7779,0.306348,0.002724,0.000334,0.183809
651500,0.7779,0.306348,0.002724,0.000334,0.183809
651600,0.7779,0.306348,0.002724,0.000334,0.184044
651700,0.7779,0.306348,0.002724,0.000334,0.183809
651800,0.7779,0.306348,0.002724,0.000334,0.183809
651900,0.7779,0.306348,0.002724,0.000334,0.184044
652000,0.7779,0.306348,0.002724,0.000334,0.183809
652100,0.7779,0.306348,0.002724,0.000334,0.184278
652200,0.7779,0.306348,0.002724,0.000334,0.184947
652300,0.7779,0.306348,0.002724,0.000334,0.183809
652400,0.7779,0.306348,0.002724,0.000334,0.183809
652500,0.7779,0.306348,0.002724,0.000334,0.183809
652600,0.7779,0.306348,0.002724,0.000334,0.183809
652700,0.7779,0.306348,0.002724,0.000334,0.183809
652800,0.7779,0.306348,0.002724,0.000334,0.183809
652900,0.7779,0.306348,0.002724,0.000334,0.183809
653000,0.7779,0.306348,0.002724,0.000334,0.184278
653100,0.7779,0.306348,0.002724,0.000334,0.183809
653200,0.7779,0.306348,0.002724,0.000334,0.183809
653300,0.7779,0.306348,0.002724,0.000334,0.183809
653400,0.7779,0.306348,0.002724,0.000334,0.183809
653500,0.7779,0.306348,0.002724,0.000334,0.183809
653600,0.7779,0.306348,0.002724,0.000334,0.183809
653700,0.7779,0.306348,0.002724,0.000334,0.183809
653800,0.7779,0.306348,0.002724,0.000334,0.183809
653900,0.7779,0.306348,0.002724,0.000334,0.183809
654000,0.7779,0.306348,0.002724,0.000334,0.183809
654100,0.7779,0.306348,0.002724,0.000334,0.183809
654200,0.7779,0.306348,0.002724,0.000334,0.183809
654300,0.7779,0.306348,0.002724,0.000334,0.183809
654400,0.7779,0.306348,0.002724,0.000334,0.184278
654500,0.7779,0.306348,0.002724,0.000334,0.183809
654600,0.7779,0.306348,0.002724,0.000334,0.183809
654700,0.7779,0.306348,0.002724,0.000334,0.183809
654800,0.7779,0.306348,0.002724,0.000334,0.183809
654900,0.7779,0.306348,0.002724,0.000334,0.183809
655000,0.7779,0.306348,0.002724,0.000334,0.183809
655100,0.7779,0.306348,0.002724,0.000334,0.183809
655200,0.7779,0.306348,0.002724,0.000334,0.183809
655300,0.7779,0.306348,0.002724,0.000334,0.183809
655400,0.7779,0.306348,0.002724,0.000334,0.183809
655500,0.7779,0.306348,0.002724,0.000334,0.183809
655600,0.7779,0.306348,0.002724,0.000334,0.184278
655700,0.7779,0.306348,0.002724,0.000334,0.183809
655800,0.7779,0.306348,0.002724,0.000334,0.183809
655900,0.7779,0.306348,0.002724,0.000334,0.183809
656000,0.7779,0.306348,0.002724,0.000334,0.183809
656100,0.7779,0.306348,0.002724,0.000334,0.183809
656200,0.7779,0.306348,0.002724,0.000334,0.184044
656300,0.7779,0.306348,0.002724,0.000334,0.183809
656400,0.7779,0.306348,0.002724,0.000334,0.183809
656500,0.7779,0.306348,0.002724,0.000334,0.183809
656600,0.7779,0.306348,0.002724,0.000334,0.183809
656700,0.7779,0.306348,0.002724,0.000334,0.183809
656800,0.7779,0.306348,0.002724,0.000334,0.183809
656900,0.7779,0.306348,0.002724,0.000334,0.183809
657000,0.7779,0.306348,0.002724,0.000334,0.183809
657100,0.7779,0.306348,0.002724,0.000334,0.184044
657200,0.7779,0.306348,0.002724,0.000334,0.184044
657300,0.7779,0.306348,0.002724,0.000334,0.183809
657400,0.7779,0.306348,0.002724,0.000334,0.183809
657500,0.7779,0.306348,0.002724,0.000334,0.183809
657600,0.7779,0.306348,0.002724,0.000334,0.183809
657700,0.7779,0.306348,0.002724,0.000334,0.183809
657800,0.7779,0.306348,0.002724,0.000334,0.183809
657900,0.7779,0.306348,0.002724,0.000334,0.183809
658000,0.7779,0.306348,0.002724,0.000334,0.183809
658100,0.7779,0.306348,0.002724,0.000334,0.184044
658200,0.7779,0.306348,0.002724,0.000334,0.183809
658300,0.7779,0.306348,0.002724,0.000334,0.183809
658400,0.7779,0.306348,0.002724,0.000334,0.183809
658500,0.7779,0.306348,0.002724,0.000334,0.183809
658600,0.7779,0.306348,0.002724,0.000334,0.183809
658700,0.7779,0.306348,0.002724,0.000334,0.183809
658800,0.7779,0.306348,0.002724,0.000334,0.183809
658900,0.7779,0.306348,0.002724,0.000334,0.183809
659000,0.7779,0.306348,0.002724,0.000334,0.183809
659100,0.7779,0.306348,0.002724,0.000334,0.183809
659200,0.7779,0.306348,0.002724,0.000334,0.183809
659300,0.7779,0.306348,0.002724,0.000334,0.183809
659400,0.7779,0.306348,0.002724,0.000334,0.183809
659500,0.7779,0.306348,0.002724,0.000334,0.184044
659600,0.7779,0.306348,0.002724,0.000334,0.183809
659700,0.7779,0.306348,0.002724,0.000334,0.183809
659800,0.7779,0.306348,0.002724,0.000334,0.183809
659900,0.7779,0.306348,0.002724,0.000334,0.183809
660000,0.7779,0.306348,0.002724,0.000334,0.184044
660100,0.7779,0.306348,0.002724,0.000334,0.183809
660200,0.7779,0.306348,0.002724,0.000334,0.183809
660300,0.7779,0.306348,0.002724,0.000334,0.184044
660400,0.7779,0.306348,0.002724,0.000334,0.184044
660500,0.7779,0.306348,0.002724,0.000334,0.183809
660600,0.7779,0.306348,0.002724,0.000334,0.183809
660700,0.7779,0.306348,0.002724,0.000334,0.183809
660800,0.7779,0.306348,0.002724,0.000334,0.183809
660900,0.7779,0.306348,0.002724,0.000334,0.183809
661000,0.7779,0.306348,0.002724,0.000334,0.183809
661100,0.7779,0.306348,0.002724,0.000334,0.183809
661200,0.7779,0.306348,0.002724,0.000334,0.183809
661300,0.7779,0.306348,0.002724,0.000334,0.183809
661400,0.7779,0.306348,0.002724,0.000334,0.183809
661500,0.7779,0.306348,0.002724,0.000334,0.183809
661600,0.7779,0.306348,0.002724,0.000334,0.183809
661700,0.7779,0.306348,0.002724,0.000334,0.183809
661800,0.7779,0.306348,0.002724,0.000334,0.184278
661900,0.7779,0.306348,0.002724,0.000334,0.183809
662000,0.7779,0.306348,0.002724,0.000334,0.183809
662100,0.7779,0.306348,0.002724,0.000334,0.183809
662200,0.7779,0.306348,0.002724,0.000334,0.183809
662300,0.7779,0.306348,0.002724,0.000334,0.183809
662400,0.7779,0.306348,0.002724,0.000334,0.183809
662500,0.7779,0.306348,0.002724,0.000334,0.184044
662600,0.7779,0.306348,0.002724,0.000334,0.183809
662700,0.7779,0.306348,0.002724,0.000334,0.183809
662800,0.7779,0.306348,0.002724,0.000334,0.183809
662900,0.7779,0.306348,0.002724,0.000334,0.183809
663000,0.7779,0.306348,0.002724,0.000334,0.183809
663100,0.7779,0.306348,0.002724,0.000334,0.183809
663200,0.7779,0.306348,0.002724,0.000334,0.183809
663300,0.7779,0.306348,0.002724,0.000334,0.184278
663400,0.7779,0.306348,0.002724,0.000334,0.183809
663500,0.7779,0.306348,0.002724,0.000334,0.183809
663600,0.7779,0.306348,0.002724,0.000334,0.183809
663700,0.7779,0.306348,0.002724,0.000334,0.183809
663800,0.7779,0.306348,0.002724,0.000334,0.183809
663900,0.7779,0.306348,0.002724,0.000334,0.183809
664000,0.7779,0.306348,0.002724,0.000334,0.183809
664100,0.7779,0.306348,0.002724,0.000334,0.183809
664200,0.7779,0.306348,0.002724,0.000334,0.184044
664300,0.7779,0.306348,0.002724,0.000334,0.183809
664400,0.7779,0.306348,0.002724,0.000334,0.183809
664500,0.7779,0.306348,0.002724,0.000334,0.183809
664600,0.7779,0.306348,0.002724,0.000334,0.183809
664700,0.7779,0.306348,0.002724,0.000334,0.183809
664800,0.7779,0.306348,0.002724,0.000334,0.183809
664900,0.7779,0.306348,0.002724,0.000334,0.183809
665000,0.7779,0.306348,0.002724,0.000334,0.183809
665100,0.7779,0.306348,0.002724,0.000334,0.183809
665200,0.7779,0.306348,0.002724,0.000334,0.184044
665300,0.7779,0.306348,0.002724,0.000334,0.183809
665400,0.7779,0.306348,0.002724,0.000334,0.183809
665500,0.7779,0.306348,0.002724,0.000334,0.183809
665600,0.7779,0.306348,0.002724,0.000334,0.184278
665700,0.7779,0.306348,0.002724,0.000334,0.183809
665800,0.7779,0.306348,0.002724,0.000334,0.183809
665900,0.7779,0.306348,0.002724,0.000334,0.183809
666000,0.7779,0.306348,0.002724,0.000334,0.183809
666100,0.7779,0.306348,0.002724,0.000334,0.183809
666200,0.7779,0.306348,0.002724,0.000334,0.183809
666300,0.7779,0.306348,0.002724,0.000334,0.183809
666400,0.7779,0.306348,0.002724,0.000334,0.183809
666500,0.7779,0.306348,0.002724,0.000334,0.183809
666600,0.7779,0.306348,0.002724,0.000334,0.183809
666700,0.7779,0.306348,0.002724,0.000334,0.183809
666800,0.7779,0.306348,0.002724,0.000334,0.184044
666900,0.7779,0.306348,0.002724,0.000334,0.183809
667000,0.7779,0.306348,0.002724,0.000334,0.183809
667100,0.7779,0.306348,0.002724,0.000334,0.183809
667200,0.7779,0.306348,0.002724,0.000334,0.183809
667300,0.7779,0.306348,0.002724,0.000334,0.183809
667400,0.7779,0.306348,0.002724,0.000334,0.183809
667500,0.7779,0.306348,0.002724,0.000334,0.183809
667600,0.7779,0.306348,0.002724,0.000334,0.183809
667700,0.7779,0.306348,0.002724,0.000334,0.183809
667800,0.7779,0.306348,0.002724,0.000334,0.183809
667900,0.7779,0.306348,0.002724,0.000334,0.183809
668000,0.7779,0.306348,0.002724,0.000334,0.183809
668100,0.7779,0.306348,0.002724,0.000334,0.184044
668200,0.7779,0.306348,0.002724,0.000334,0.183809
668300,0.7779,0.306348,0.002724,0.000334,0.184044
668400,0.7779,0.306348,0.002724,0.000334,0.183809
668500,0.7779,0.306348,0.002724,0.000334,0.183809
668600,0.7779,0.306348,0.002724,0.000334,0.183809
668700,0.7779,0.306348,0.002724,0.000334,0.183809
668800,0.7779,0.306348,0.002724,0.000334,0.183809
668900,0.7779,0.306348,0.002724,0.000334,0.183809
669000,0.7779,0.306348,0.002724,0.000334,0.183809
669100,0.7779,0.306348,0.002724,0.000334,0.183809
669200,0.7779,0.306348,0.002724,0.000334,0.183809
669300,0.7779,0.306348,0.002724,0.000334,0.183809
669400,0.7779,0.306348,0.002724,0.000334,0.183809
669500,0.7779,0.306348,0.002724,0.000334,0.184044
669600,0.7779,0.306348,0.002724,0.000334,0.183809
669700,0.7779,0.306348,0.002724,0.000334,0.183809
669800,0.7779,0.306348,0.002724,0.000334,0.183809
669900,0.7779,0.306348,0.002724,0.000334,0.183809
670000,0.7779,0.306348,0.002724,0.000334,0.183809
670100,0.7779,0.306348,0.002724,0.000334,0.183809
670200,0.7779,0.306348,0.002724,0.000334,0.183809
670300,0.7779,0.306348,0.002724,0.000334,0.183809
670400,0.7779,0.306348,0.002724,0.000334,0.184044
670500,0.7779,0.306348,0.002724,0.000334,0.183809
670600,0.7779,0.306348,0.002724,0.000334,0.183809
670700,0.7779,0.306348,0.002724,0.000334,0.183809
670800,0.7779,0.306348,0.002724,0.000334,0.183809
670900,0.7779,0.306348,0.002724,0.000334,0.183809
671000,0.7779,0.306348,0.002724,0.000334,0.183809
671100,0.7779,0.306348,0.002724,0.000334,0.183809
671200,0.7779,0.306348,0.002724,0.000334,0.184044
671300,0.7779,0.306348,0.002724,0.000334,0.183809
671400,0.7779,0.306348,0.002724,0.000334,0.184044
671500,0.7779,0.306348,0.002724,0.000334,0.183809
671600,0.7779,0.306348,0.002724,0.000334,0.183809
671700,0.7779,0.306348,0.002724,0.000334,0.185182
671800,0.7779,0.306348,0.002724,0.000334,0.183809
671900,0.7779,0.306348,0.002724,0.000334,0.183809
672000,0.7779,0.306348,0.002724,0.000334,0.183809
672100,0.7779,0.306348,0.002724,0.000334,0.183809
672200,0.7779,0.306348,0.002724,0.000334,0.183809
672300,0.7779,0.306348,0.002724,0.000334,0.183809
672400,0.7779,0.306348,0.002724,0.000334,0.183809
672500,0.7779,0.306348,0.002724,0.000334,0.183809
672600,0.7779,0.306348,0.002724,0.000334,0.183809
672700,0.7779,0.306348,0.002724,0.000334,0.183809
672800,0.7779,0.306348,0.002724,0.000334,0.184278
672900,0.7779,0.306348,0.002724,0.000334,0.183809
673000,0.7779,0.306348,0.002724,0.000334,0.183809
673100,0.7779,0.306348,0.002724,0.000334,0.183809
673200,0.7779,0.306348,0.002724,0.000334,0.183809
673300,0.7779,0.306348,0.002724,0.000334,0.183809
673400,0.7779,0.306348,0.002724,0.000334,0.183809
673500,0.7779,0.306348,0.002724,0.000334,0.183809
673600,0.7779,0.306348,0.002724,0.000334,0.183809
673700,0.7779,0.306348,0.002724,0.000334,0.183809
673800,0.7779,0.306348,0.002724,0.000334,0.183809
673900,0.7779,0.306348,0.002724,0.000334,0.183809
674000,0.7779,0.306348,0.002724,0.000334,0.183809
674100,0.7779,0.306348,0.002724,0.000334,0.183809
674200,0.7779,0.306348,0.002724,0.000334,0.184044
674300,0.7779,0.306348,0.002724,0.000334,0.184044
674400,0.7779,0.306348,0.002724,0.000334,0.183809
674500,0.7779,0.306348,0.002724,0.000334,0.183809
674600,0.7779,0.306348,0.002724,0.000334,0.183809
674700,0.7779,0.306348,0.002724,0.000334,0.183809
674800,0.7779,0.306348,0.002724,0.000334,0.183809
674900,0.7779,0.306348,0.002724,0.000334,0.183809
675000,0.7779,0.306348,0.002724,0.000334,0.183809
675100,0.7779,0.306348,0.002724,0.000334,0.183809
675200,0.7779,0.306348,0.002724,0.000334,0.183809
675300,0.7779,0.306348,0.002724,0.000334,0.183809
675400,0.7779,0.306348,0.002724,0.000334,0.183809
675500,0.7779,0.306348,0.002724,0.000334,0.183809
675600,0.7779,0.306348,0.002724,0.000334,0.184278
675700,0.7779,0.306348,0.002724,0.000334,0.183809
675800,0.7779,0.306348,0.002724,0.000334,0.183809
675900,0.7779,0.306348,0.002724,0.000334,0.183809
676000,0.7779,0.306348,0.002724,0.000334,0.183809
676100,0.7779,0.306348,0.002724,0.000334,0.183809
676200,0.7779,0.306348,0.002724,0.000334,0.183809
676300,0.7779,0.306348,0.002724,0.000334,0.184044
676400,0.7779,0.306348,0.002724,0.000334,0.183809
676500,0.7779,0.306348,0.002724,0.000334,0.183809
676600,0.7779,0.306348,0.002724,0.000334,0.183809
676700,0.7779,0.306348,0.002724,0.000334,0.183809
676800,0.7779,0.306348,0.002724,0.000334,0.183809
676900,0.7779,0.306348,0.002724,0.000334,0.183809
677000,0.7779,0.306348,0.002724,0.000334,0.184044
677100,0.7779,0.306348,0.002724,0.000334,0.183809
677200,0.7779,0.306348,0.002724,0.000334,0.183809
677300,0.7779,0.306348,0.002724,0.000334,0.183809
677400,0.7779,0.306348,0.002724,0.000334,0.183809
677500,0.7779,0.306348,0.002724,0.000334,0.183809
677600,0.7779,0.306348,0.002724,0.000334,0.184044
677700,0.7779,0.306348,0.002724,0.000334,0.183809
677800,0.7779,0.306348,0.002724,0.000334,0.183809
677900,0.7779,0.306348,0.002724,0.000334,0.183809
678000,0.7779,0.306348,0.002724,0.000334,0.183809
678100,0.7779,0.306348,0.002724,0.000334,0.183809
678200,0.7779,0.306348,0.002724,0.000334,0.183809
678300,0.7779,0.306348,0.002724,0.000334,0.183809
678400,0.7779,0.306348,0.002724,0.000334,0.183809
678500,0.7779,0.306348,0.002724,0.000334,0.183809
678600,0.7779,0.306348,0.002724,0.000334,0.183809
678700,0.7779,0.306348,0.002724,0.000334,0.183809
678800,0.7779,0.306348,0.002724,0.000334,0.183809
678900,0.7779,0.306348,0.002724,0.000334,0.183809
679000,0.7779,0.306348,0.002724,0.000334,0.183809
679100,0.7779,0.306348,0.002724,0.000334,0.184044
679200,0.7779,0.306348,0.002724,0.000334,0.183809
679300,0.7779,0.306348,0.002724,0.000334,0.183809
679400,0.7779,0.306348,0.002724,0.000334,0.183809
679500,0.7779,0.306348,0.002724,0.000334,0.183809
679600,0.7779,0.306348,0.002724,0.000334,0.183809
679700,0.7779,0.306348,0.002724,0.000334,0.183809
679800,0.7779,0.306348,0.002724,0.000334,0.183809
679900,0.7779,0.306348,0.002724,0.000334,0.184044
680000,0.7779,0.306348,0.002724,0.000334,0.183809
680100,0.7779,0.306348,0.002724,0.000334,0.183809
680200,0.7779,0.306348,0.002724,0.000334,0.183809
680300,0.7779,0.306348,0.002724,0.000334,0.183809
680400,0.7779,0.306348,0.002724,0.000334,0.183809
680500,0.7779,0.306348,0.002724,0.000334,0.184044
680600,0.7779,0.306348,0.002724,0.000334,0.183809
680700,0.7779,0.306348,0.002724,0.000334,0.183809
680800,0.7779,0.306348,0.002724,0.000334,0.183809
680900,0.7779,0.306348,0.002724,0.000334,0.183809
681000,0.7779,0.306348,0.002724,0.000334,0.183809
681100,0.7779,0.306348,0.002724,0.000334,0.184044
681200,0.7779,0.306348,0.002724,0.000334,0.183809
681300,0.7779,0.306348,0.002724,0.000334,0.183809
681400,0.7779,0.306348,0.002724,0.000334,0.183809
681500,0.7779,0.306348,0.002724,0.000334,0.183809
681600,0.7779,0.306348,0.002724,0.000334,0.183809
681700,0.7779,0.306348,0.002724,0.000334,0.183809
681800,0.7779,0.306348,0.002724,0.000334,0.183809
681900,0.7779,0.306348,0.002724,0.000334,0.184044
682000,0.7779,0.306348,0.002724,0.000334,0.183809
682100,0.7779,0.306348,0.002724,0.000334,0.183809
682200,0.7779,0.306348,0.002724,0.000334,0.183809
682300,0.7779,0.306348,0.002724,0.000334,0.183809
682400,0.7779,0.306348,0.002724,0.000334,0.183809
682500,0.7779,0.306348,0.002724,0.000334,0.183809
682600,0.7779,0.306348,0.002724,0.000334,0.183809
682700,0.7779,0.306348,0.002724,0.000334,0.183809
682800,0.7779,0.306348,0.002724,0.000334,0.184044
682900,0.7779,0.306348,0.002724,0.000334,0.183809
683000,0.7779,0.306348,0.002724,0.000334,0.183809
683100,0.7779,0.306348,0.002724,0.000334,0.183809
683200,0.7779,0.306348,0.002724,0.000334,0.183809
683300,0.7779,0.306348,0.002724,0.000334,0.184278
683400,0.7779,0.306348,0.002724,0.000334,0.183809
683500,0.7779,0.306348,0.002724,0.000334,0.183809
683600,0.7779,0.306348,0.002724,0.000334,0.183809
683700,0.7779,0.306348,0.002724,0.000334,0.183809
683800,0.7779,0.306348,0.002724,0.000334,0.183809
683900,0.7779,0.306348,0.002724,0.000334,0.183809
684000,0.7779,0.306348,0.002724,0.000334,0.183809
684100,0.7779,0.306348,0.002724,0.000334,0.183809
684200,0.7779,0.306348,0.002724,0.000334,0.183809
684300,0.7779,0.306348,0.002724,0.000334,0.183809
684400,0.7779,0.306348,0.002724,0.000334,0.183809
684500,0.7779,0.306348,0.002724,0.000334,0.183809
684600,0.7779,0.306348,0.002724,0.000334,0.183809
684700,0.7779,0.306348,0.002724,0.000334,0.184044
684800,0.7779,0.306348,0.002724,0.000334,0.183809
684900,0.7779,0.306348,0.002724,0.000334,0.183809
685000,0.7779,0.306348,0.002724,0.000334,0.183809
685100,0.7779,0.306348,0.002724,0.000334,0.183809
685200,0.7779,0.306348,0.002724,0.000334,0.183809
685300,0.7779,0.306348,0.002724,0.000334,0.183809
685400,0.7779,0.306348,0.002724,0.000334,0.183809
685500,0.7779,0.306348,0.002724,0.000334,0.183809
685600,0.7779,0.306348,0.002724,0.000334,0.183809
685700,0.7779,0.306348,0.002724,0.000334,0.184044
685800,0.7779,0.306348,0.002724,0.000334,0.183809
685900,0.7779,0.306348,0.002724,0.000334,0.183809
686000,0.7779,0.306348,0.002724,0.000334,0.183809
686100,0.7779,0.306348,0.002724,0.000334,0.184278
686200,0.7779,0.306348,0.002724,0.000334,0.184044
686300,0.7779,0.306348,0.002724,0.000334,0.183809
686400,0.7779,0.306348,0.002724,0.000334,0.183809
686500,0.7779,0.306348,0.002724,0.000334,0.183809
686600,0.7779,0.306348,0.002724,0.000334,0.183809
686700,0.7779,0.306348,0.002724,0.000334,0.183809
686800,0.7779,0.306348,0.002724,0.000334,0.183809
686900,0.7779,0.306348,0.002724,0.000334,0.183809
687000,0.7779,0.306348,0.002724,0.000334,0.183809
687100,0.7779,0.306348,0.002724,0.000334,0.183809
687200,0.7779,0.306348,0.002724,0.000334,0.183809
687300,0.7779,0.306348,0.002724,0.000334,0.183809
687400,0.7779,0.306348,0.002724,0.000334,0.183809
687500,0.7779,0.306348,0.002724,0.000334,0.183809
687600,0.7779,0.306348,0.002724,0.000334,0.183809
687700,0.7779,0.306348,0.002724,0.000334,0.183809
687800,0.7779,0.306348,0.002724,0.000334,0.183809
687900,0.7779,0.306348,0.002724,0.000334,0.183809
688000,0.7779,0.306348,0.002724,0.000334,0.183809
688100,0.7779,0.306348,0.002724,0.000334,0.184044
688200,0.7779,0.306348,0.002724,0.000334,0.183809
688300,0.7779,0.306348,0.002724,0.000334,0.183809
688400,0.7779,0.306348,0.002724,0.000334,0.183809
688500,0.7779,0.306348,0.002724,0.000334,0.183809
688600,0.7779,0.306348,0.002724,0.000334,0.184044
688700,0.7779,0.306348,0.002724,0.000334,0.183809
688800,0.7779,0.306348,0.002724,0.000334,0.183809
688900,0.7779,0.306348,0.002724,0.000334,0.183809
689000,0.7779,0.306348,0.002724,0.000334,0.183809
689100,0.7779,0.306348,0.002724,0.000334,0.183809
689200,0.7779,0.306348,0.002724,0.000334,0.183809
689300,0.7779,0.306348,0.002724,0.000334,0.183809
689400,0.7779,0.306348,0.002724,0.000334,0.183809
689500,0.7779,0.306348,0.002724,0.000334,0.183809
689600,0.7779,0.306348,0.002724,0.000334,0.184044
689700,0.7779,0.306348,0.002724,0.000334,0.183809
689800,0.7779,0.306348,0.002724,0.000334,0.183809
689900,0.7779,0.306348,0.002724,0.000334,0.183809
690000,0.7779,0.306348,0.002724,0.000334,0.183809
690100,0.7779,0.306348,0.002724,0.000334,0.183809
690200,0.7779,0.306348,0.002724,0.000334,0.183809
690300,0.7779,0.306348,0.002724,0.000334,0.183809
690400,0.7779,0.306348,0.002724,0.000334,0.183809
690500,0.7779,0.306348,0.002724,0.000334,0.183809
690600,0.7779,0.306348,0.002724,0.000334,0.183809
690700,0.7779,0.306348,0.002724,0.000334,0.183809
690800,0.7779,0.306348,0.002724,0.000334,0.185182
690900,0.7779,0.306348,0.002724,0.000334,0.183809
691000,0.7779,0.306348,0.002724,0.000334,0.184044
691100,0.7779,0.306348,0.002724,0.000334,0.183809
691200,0.7779,0.306348,0.002724,0.000334,0.183809
691300,0.7779,0.306348,0.002724,0.000334,0.183809
691400,0.7779,0.306348,0.002724,0.000334,0.183809
691500,0.7779,0.306348,0.002724,0.000334,0.183809
691600,0.7779,0.306348,0.002724,0.000334,0.183809
691700,0.7779,0.306348,0.002724,0.000334,0.183809
691800,0.7779,0.306348,0.002724,0.000334,0.184044
691900,0.7779,0.306348,0.002724,0.000334,0.183809
692000,0.7779,0.306348,0.002724,0.000334,0.183809
692100,0.7779,0.306348,0.002724,0.000334,0.183809
692200,0.7779,0.306348,0.002724,0.000334,0.183809
692300,0.7779,0.306348,0.002724,0.000334,0.183809
692400,0.7779,0.306348,0.002724,0.000334,0.184044
692500,0.7779,0.306348,0.002724,0.000334,0.183809
692600,0.7779,0.306348,0.002724,0.000334,0.183809
692700,0.7779,0.306348,0.002724,0.000334,0.183809
692800,0.7779,0.306348,0.002724,0.000334,0.183809
692900,0.7779,0.306348,0.002724,0.000334,0.183809
693000,0.7779,0.306348,0.002724,0.000334,0.183809
693100,0.7779,0.306348,0.002724,0.000334,0.183809
693200,0.7779,0.306348,0.002724,0.000334,0.183809
693300,0.7779,0.306348,0.002724,0.000334,0.183809
693400,0.7779,0.306348,0.002724,0.000334,0.183809
693500,0.7779,0.306348,0.002724,0.000334,0.183809
693600,0.7779,0.306348,0.002724,0.000334,0.183809
693700,0.7779,0.306348,0.002724,0.000334,0.183809
693800,0.7779,0.306348,0.002724,0.000334,0.184278
693900,0.7779,0.306348,0.002724,0.000334,0.183809
694000,0.7779,0.306348,0.002724,0.000334,0.183809
694100,0.7779,0.306348,0.002724,0.000334,0.183809
694200,0.7779,0.306348,0.002724,0.000334,0.183809
694300,0.7779,0.306348,0.002724,0.000334,0.183809
694400,0.7779,0.306348,0.002724,0.000334,0.183809
694500,0.7779,0.306348,0.002724,0.000334,0.183809
694600,0.7779,0.306348,0.002724,0.000334,0.183809
694700,0.7779,0.306348,0.002724,0.000334,0.184278
694800,0.7779,0.306348,0.002724,0.000334,0.183809
694900,0.7779,0.306348,0.002724,0.000334,0.183809
695000,0.7779,0.306348,0.002724,0.000334,0.183809
695100,0.7779,0.306348,0.002724,0.000334,0.183809
695200,0.7779,0.306348,0.002724,0.000334,0.183809
695300,0.7779,0.306348,0.002724,0.000334,0.183809
695400,0.7779,0.306348,0.002724,0.000334,0.183809
695500,0.7779,0.306348,0.002724,0.000334,0.183809
695600,0.7779,0.306348,0.002724,0.000334,0.183809
695700,0.7779,0.306348,0.002724,0.000334,0.184044
695800,0.7779,0.306348,0.002724,0.000334,0.183809
695900,0.7779,0.306348,0.002724,0.000334,0.183809
696000,0.7779,0.306348,0.002724,0.000334,0.183809
696100,0.7779,0.306348,0.002724,0.000334,0.184278
696200,0.7779,0.306348,0.002724,0.000334,0.183809
696300,0.7779,0.306348,0.002724,0.000334,0.183809
696400,0.7779,0.306348,0.002724,0.000334,0.183809
696500,0.7779,0.306348,0.002724,0.000334,0.183809
696600,0.7779,0.306348,0.002724,0.000334,0.183809
696700,0.7779,0.306348,0.002724,0.000334,0.183809
696800,0.7779,0.306348,0.002724,0.000334,0.183809
696900,0.7779,0.306348,0.002724,0.000334,0.183809
697000,0.7779,0.306348,0.002724,0.000334,0.183809
697100,0.7779,0.306348,0.002724,0.000334,0.183809
697200,0.7779,0.306348,0.002724,0.000334,0.183809
697300,0.7779,0.306348,0.002724,0.000334,0.183809
697400,0.7779,0.306348,0.002724,0.000334,0.184044
697500,0.7779,0.306348,0.002724,0.000334,0.183809
697600,0.7779,0.306348,0.002724,0.000334,0.183809
697700,0.7779,0.306348,0.002724,0.000334,0.183809
697800,0.7779,0.306348,0.002724,0.000334,0.183809
697900,0.7779,0.306348,0.002724,0.000334,0.183809
698000,0.7779,0.306348,0.002724,0.000334,0.183809
698100,0.7779,0.306348,0.002724,0.000334,0.183809
698200,0.7779,0.306348,0.002724,0.000334,0.184044
698300,0.7779,0.306348,0.002724,0.000334,0.183809
698400,0.7779,0.306348,0.002724,0.000334,0.183809
698500,0.7779,0.306348,0.002724,0.000334,0.183809
698600,0.7779,0.306348,0.002724,0.000334,0.183809
698700,0.7779,0.306348,0.002724,0.000334,0.183809
698800,0.7779,0.306348,0.002724,0.000334,0.183809
698900,0.7779,0.306348,0.002724,0.000334,0.183809
699000,0.7779,0.306348,0.002724,0.000334,0.183809
699100,0.7779,0.306348,0.002724,0.000334,0.183809
699200,0.7779,0.306348,0.002724,0.000334,0.183809
699300,0.7779,0.306348,0.002724,0.000334,0.183809
699400,0.7779,0.306348,0.002724,0.000334,0.183809
699500,0.7779,0.306348,0.002724,0.000334,0.183809
699600,0.7779,0.306348,0.002724,0.000334,0.184044
699700,0.7779,0.306348,0.002724,0.000334,0.183809
699800,0.7779,0.306348,0.002724,0.000334,0.183809
699900,0.7779,0.306348,0.002724,0.000334,0.183809
700000,0.7779,0.306348,0.002724,0.000334,0.183809
700100,0.7779,0.306348,0.002724,0.000334,0.183809
700200,0.7779,0.306348,0.002724,0.000334,0.183809
700300,0.7779,0.306348,0.002724,0.000334,0.184044
700400,0.7779,0.306348,0.002724,0.000334,0.183809
700500,0.7779,0.306348,0.002724,0.000334,0.183809
700600,0.7779,0.306348,0.002724,0.000334,0.183809
700700,0.7779,0.306348,0.002724,0.000334,0.184044
700800,0.7779,0.306348,0.002724,0.000334,0.183809
700900,0.7779,0.306348,0.002724,0.000334,0.183809
701000,0.7779,0.306348,0.002724,0.000334,0.184044
701100,0.7779,0.306348,0.002724,0.000334,0.183809
701200,0.7779,0.306348,0.002724,0.000334,0.183809
701300,0.7779,0.306348,0.002724,0.000334,0.183809
701400,0.7779,0.306348,0.002724,0.000334,0.183809
701500,0.7779,0.306348,0.002724,0.000334,0.183809
701600,0.7779,0.306348,0.002724,0.000334,0.183809
701700,0.7779,0.306348,0.002724,0.000334,0.183809
701800,0.7779,0.306348,0.002724,0.000334,0.183809
701900,0.7779,0.306348,0.002724,0.000334,0.183809
702000,0.7779,0.306348,0.002724,0.000334,0.183809
702100,0.7779,0.306348,0.002724,0.000334,0.183809
702200,0.7779,0.306348,0.002724,0.000334,0.183809
702300,0.7779,0.306348,0.002724,0.000334,0.183809
702400,0.7779,0.306348,0.002724,0.000334,0.184044
702500,0.7779,0.306348,0.002724,0.000334,0.183809
702600,0.7779,0.306348,0.002724,0.000334,0.183809
702700,0.7779,0.306348,0.002724,0.000334,0.183809
702800,0.7779,0.306348,0.002724,0.000334,0.183809
702900,0.7779,0.306348,0.002724,0.000334,0.183809
703000,0.7779,0.306348,0.002724,0.000334,0.183809
703100,0.7779,0.306348,0.002724,0.000334,0.183809
703200,0.7779,0.306348,0.002724,0.000334,0.184044
703300,0.7779,0.306348,0.002724,0.000334,0.183809
703400,0.7779,0.306348,0.002724,0.000334,0.183809
703500,0.7779,0.306348,0.002724,0.000334,0.183809
703600,0.7779,0.306348,0.002724,0.000334,0.183809
703700,0.7779,0.306348,0.002724,0.000334,0.183809
703800,0.7779,0.306348,0.002724,0.000334,0.184278
703900,0.7779,0.306348,0.002724,0.000334,0.183809
704000,0.7779,0.306348,0.002724,0.000334,0.183809
704100,0.7779,0.306348,0.002724,0.000334,0.183809
704200,0.7779,0.306348,0.002724,0.000334,0.183809
704300,0.7779,0.306348,0.002724,0.000334,0.183809
704400,0.7779,0.306348,0.002724,0.000334,0.183809
704500,0.7779,0.306348,0.002724,0.000334,0.183809
704600,0.7779,0.306348,0.002724,0.000334,0.183809
704700,0.7779,0.306348,0.002724,0.000334,0.183809
704800,0.7779,0.306348,0.002724,0.000334,0.183809
704900,0.7779,0.306348,0.002724,0.000334,0.183809
705000,0.7779,0.306348,0.002724,0.000334,0.183809
705100,0.7779,0.306348,0.002724,0.000334,0.183809
705200,0.7779,0.306348,0.002724,0.000334,0.184044
705300,0.7779,0.306348,0.002724,0.000334,0.183809
705400,0.7779,0.306348,0.002724,0.000334,0.183809
705500,0.7779,0.306348,0.002724,0.000334,0.184044
705600,0.7779,0.306348,0.002724,0.000334,0.183809
705700,0.7779,0.306348,0.002724,0.000334,0.183809
705800,0.7779,0.306348,0.002724,0.000334,0.183809
705900,0.7779,0.306348,0.002724,0.000334,0.184044
706000,0.7779,0.306348,0.002724,0.000334,0.183809
706100,0.7779,0.306348,0.002724,0.000334,0.183809
706200,0.7779,0.306348,0.002724,0.000334,0.183809
706300,0.7779,0.306348,0.002724,0.000334,0.183809
706400,0.7779,0.306348,0.002724,0.000334,0.183809
706500,0.7779,0.306348,0.002724,0.000334,0.183809
706600,0.7779,0.306348,0.002724,0.000334,0.184278
706700,0.7779,0.306348,0.002724,0.000334,0.183809
706800,0.7779,0.306348,0.002724,0.000334,0.183809
706900,0.7779,0.306348,0.002724,0.000334,0.183809
707000,0.7779,0.306348,0.002724,0.000334,0.183809
707100,0.7779,0.306348,0.002724,0.000334,0.183809
707200,0.7779,0.306348,0.002724,0.000334,0.183809
707300,0.7779,0.306348,0.002724,0.000334,0.183809
707400,0.7779,0.306348,0.002724,0.000334,0.183809
707500,0.7779,0.306348,0.002724,0.000334,0.183809
707600,0.7779,0.306348,0.002724,0.000334,0.183809
707700,0.7779,0.306348,0.002724,0.000334,0.183809
707800,0.7779,0.306348,0.002724,0.000334,0.183809
707900,0.7779,0.306348,0.002724,0.000334,0.183809
708000,0.7779,0.306348,0.002724,0.000334,0.183809
708100,0.7779,0.306348,0.002724,0.000334,0.183809
708200,0.7779,0.306348,0.002724,0.000334,0.183809
708300,0.7779,0.306348,0.002724,0.000334,0.183809
708400,0.7779,0.306348,0.002724,0.000334,0.183809
708500,0.7779,0.306348,0.002724,0.000334,0.183809
708600,0.7779,0.306348,0.002724,0.000334,0.184044
708700,0.7779,0.306348,0.002724,0.000334,0.183809
708800,0.7779,0.306348,0.002724,0.000334,0.183809
708900,0.7779,0.306348,0.002724,0.000334,0.183809
709000,0.7779,0.306348,0.002724,0.000334,0.183809
709100,0.7779,0.306348,0.002724,0.000334,0.184044
709200,0.7779,0.306348,0.002724,0.000334,0.183809
709300,0.7779,0.306348,0.002724,0.000334,0.183809
709400,0.7779,0.306348,0.002724,0.000334,0.183809
709500,0.7779,0.306348,0.002724,0.000334,0.183809
709600,0.7779,0.306348,0.002724,0.000334,0.183809
709700,0.7779,0.306348,0.002724,0.000334,0.183809
709800,0.7779,0.306348,0.002724,0.000334,0.183809
709900,0.7779,0.306348,0.002724,0.000334,0.183809
710000,0.7779,0.306348,0.002724,0.000334,0.183809
710100,0.7779,0.306348,0.002724,0.000334,0.183809
710200,0.7779,0.306348,0.002724,0.000334,0.185182
710300,0.7779,0.306348,0.002724,0.000334,0.183809
710400,0.7779,0.306348,0.002724,0.000334,0.183809
710500,0.7779,0.306348,0.002724,0.000334,0.183809
710600,0.7779,0.306348,0.002724,0.000334,0.184044
710700,0.7779,0.306348,0.002724,0.000334,0.183809
710800,0.7779,0.306348,0.002724,0.000334,0.183809
710900,0.7779,0.306348,0.002724,0.000334,0.183809
711000,0.7779,0.306348,0.002724,0.000334,0.183809
711100,0.7779,0.306348,0.002724,0.000334,0.184044
711200,0.7779,0.306348,0.002724,0.000334,0.183809
711300,0.7779,0.306348,0.002724,0.000334,0.183809
711400,0.7779,0.306348,0.002724,0.000334,0.183809
711500,0.7779,0.306348,0.002724,0.000334,0.183809
711600,0.7779,0.306348,0.002724,0.000334,0.183809
711700,0.7779,0.306348,0.002724,0.000334,0.183809
711800,0.7779,0.306348,0.002724,0.000334,0.183809
711900,0.7779,0.306348,0.002724,0.000334,0.183809
712000,0.7779,0.306348,0.002724,0.000334,0.184044
712100,0.7779,0.306348,0.002724,0.000334,0.183809
712200,0.7779,0.306348,0.002724,0.000334,0.183809
712300,0.7779,0.306348,0.002724,0.000334,0.183809
712400,0.7779,0.306348,0.002724,0.000334,0.183809
712500,0.7779,0.306348,0.002724,0.000334,0.183809
712600,0.7779,0.306348,0.002724,0.000334,0.183809
712700,0.7779,0.306348,0.002724,0.000334,0.183809
712800,0.7779,0.306348,0.002724,0.000334,0.183809
712900,0.7779,0.306348,0.002724,0.000334,0.183809
713000,0.7779,0.306348,0.002724,0.000334,0.183809
713100,0.7779,0.306348,0.002724,0.000334,0.183809
713200,0.7779,0.306348,0.002724,0.000334,0.183809
713300,0.7779,0.306348,0.002724,0.000334,0.183809
713400,0.7779,0.306348,0.002724,0.000334,0.184044
713500,0.7779,0.306348,0.002724,0.000334,0.183809
713600,0.7779,0.306348,0.002724,0.000334,0.183809
713700,0.7779,0.306348,0.002724,0.000334,0.183809
713800,0.7779,0.306348,0.002724,0.000334,0.183809
713900,0.7779,0.306348,0.002724,0.000334,0.183809
714000,0.7779,0.306348,0.002724,0.000334,0.184044
714100,0.7779,0.306348,0.002724,0.000334,0.183809
714200,0.7779,0.306348,0.002724,0.000334,0.183809
714300,0.7779,0.306348,0.002724,0.000334,0.184278
714400,0.7779,0.306348,0.002724,0.000334,0.183809
714500,0.7779,0.306348,0.002724,0.000334,0.183809
714600,0.7779,0.306348,0.002724,0.000334,0.183809
714700,0.7779,0.306348,0.002724,0.000334,0.183809
714800,0.7779,0.306348,0.002724,0.000334,0.183809
714900,0.7779,0.306348,0.002724,0.000334,0.183809
715000,0.7779,0.306348,0.002724,0.000334,0.184044
715100,0.7779,0.306348,0.002724,0.000334,0.183809
715200,0.7779,0.306348,0.002724,0.000334,0.183809
715300,0.7779,0.306348,0.002724,0.000334,0.183809
715400,0.7779,0.306348,0.002724,0.000334,0.183809
715500,0.7779,0.306348,0.002724,0.000334,0.183809
715600,0.7779,0.306348,0.002724,0.000334,0.183809
715700,0.7779,0.306348,0.002724,0.000334,0.184044
715800,0.7779,0.306348,0.002724,0.000334,0.183809
715900,0.7779,0.306348,0.002724,0.000334,0.183809
716000,0.7779,0.306348,0.002724,0.000334,0.183809
716100,0.7779,0.306348,0.002724,0.000334,0.183809
716200,0.7779,0.306348,0.002724,0.000334,0.183809
716300,0.7779,0.306348,0.002724,0.000334,0.183809
716400,0.7779,0.306348,0.002724,0.000334,0.183809
716500,0.7779,0.306348,0.002724,0.000334,0.183809
716600,0.7779,0.306348,0.002724,0.000334,0.183809
716700,0.7779,0.306348,0.002724,0.000334,0.184513
716800,0.7779,0.306348,0.002724,0.000334,0.183809
716900,0.7779,0.306348,0.002724,0.000334,0.183809
717000,0.7779,0.306348,0.002724,0.000334,0.183809
717100,0.7779,0.306348,0.002724,0.000334,0.183809
717200,0.7779,0.306348,0.002724,0.000334,0.183809
717300,0.7779,0.306348,0.002724,0.000334,0.183809
717400,0.7779,0.306348,0.002724,0.000334,0.183809
717500,0.7779,0.306348,0.002724,0.000334,0.183809
717600,0.7779,0.306348,0.002724,0.000334,0.183809
717700,0.7779,0.306348,0.002724,0.000334,0.183809
717800,0.7779,0.306348,0.002724,0.000334,0.183809
717900,0.7779,0.306348,0.002724,0.000334,0.183809
718000,0.7779,0.306348,0.002724,0.000334,0.183809
718100,0.7779,0.306348,0.002724,0.000334,0.183809
718200,0.7779,0.306348,0.002724,0.000334,0.183809
718300,0.7779,0.306348,0.002724,0.000334,0.183809
718400,0.7779,0.306348,0.002724,0.000334,0.183809
718500,0.7779,0.306348,0.002724,0.000334,0.183809
718600,0.7779,0.306348,0.002724,0.000334,0.183809
718700,0.7779,0.306348,0.002724,0.000334,0.183809
718800,0.7779,0.306348,0.002724,0.000334,0.183809
718900,0.7779,0.306348,0.002724,0.000334,0.183809
719000,0.7779,0.306348,0.002724,0.000334,0.183809
719100,0.7779,0.306348,0.002724,0.000334,0.183809
719200,0.7779,0.306348,0.002724,0.000334,0.184044
719300,0.7779,0.306348,0.002724,0.000334,0.183809
719400,0.7779,0.306348,0.002724,0.000334,0.183809
719500,0.7779,0.306348,0.002724,0.000334,0.183809
719600,0.7779,0.306348,0.002724,0.000334,0.184044
719700,0.7779,0.306348,0.002724,0.000334,0.183809
719800,0.7779,0.306348,0.002724,0.000334,0.184044
719900,0.7779,0.306348,0.002724,0.000334,0.183809
720000,0.7779,0.306348,0.002724,0.000334,0.183809
720100,0.7779,0.306348,0.002724,0.000334,0.183809
720200,0.7779,0.306348,0.002724,0.000334,0.183809
720300,0.7779,0.306348,0.002724,0.000334,0.183809
720400,0.7779,0.306348,0.002724,0.000334,0.183809
720500,0.7779,0.306348,0.002724,0.000334,0.183809
720600,0.7779,0.306348,0.002724,0.000334,0.184044
720700,0.7779,0.306348,0.002724,0.000334,0.183809
720800,0.7779,0.306348,0.002724,0.000334,0.183809
720900,0.7779,0.306348,0.002724,0.000334,0.183809
721000,0.7779,0.306348,0.002724,0.000334,0.183809
721100,0.7779,0.306348,0.002724,0.000334,0.183809
721200,0.7779,0.306348,0.002724,0.000334,0.183809
721300,0.7779,0.306348,0.002724,0.000334,0.183809
721400,0.7779,0.306348,0.002724,0.000334,0.183809
721500,0.7779,0.306348,0.002724,0.000334,0.183809
721600,0.7779,0.306348,0.002724,0.000334,0.183809
721700,0.7779,0.306348,0.002724,0.000334,0.183809
721800,0.7779,0.306348,0.002724,0.000334,0.183809
721900,0.7779,0.306348,0.002724,0.000334,0.183809
722000,0.7779,0.306348,0.002724,0.000334,0.184044
722100,0.7779,0.306348,0.002724,0.000334,0.183809
722200,0.7779,0.306348,0.002724,0.000334,0.183809
722300,0.7779,0.306348,0.002724,0.000334,0.183809
722400,0.7779,0.306348,0.002724,0.000334,0.183809
722500,0.7779,0.306348,0.002724,0.000334,0.184044
722600,0.7779,0.306348,0.002724,0.000334,0.183809
722700,0.7779,0.306348,0.002724,0.000334,0.183809
722800,0.7779,0.306348,0.002724,0.000334,0.183809
722900,0.7779,0.306348,0.002724,0.000334,0.183809
723000,0.7779,0.306348,0.002724,0.000334,0.183809
723100,0.7779,0.306348,0.002724,0.000334,0.183809
723200,0.7779,0.306348,0.002724,0.000334,0.183809
723300,0.7779,0.306348,0.002724,0.000334,0.183809
723400,0.7779,0.306348,0.002724,0.000334,0.184044
723500,0.7779,0.306348,0.002724,0.000334,0.183809
723600,0.7779,0.306348,0.002724,0.000334,0.183809
723700,0.7779,0.306348,0.002724,0.000334,0.183809
723800,0.7779,0.306348,0.002724,0.000334,0.183809
723900,0.7779,0.306348,0.002724,0.000334,0.183809
724000,0.7779,0.306348,0.002724,0.000334,0.183809
724100,0.7779,0.306348,0.002724,0.000334,0.183809
724200,0.7779,0.306348,0.002724,0.000334,0.183809
724300,0.7779,0.306348,0.002724,0.000334,0.183809
724400,0.7779,0.306348,0.002724,0.000334,0.183809
724500,0.7779,0.306348,0.002724,0.000334,0.183809
724600,0.7779,0.306348,0.002724,0.000334,0.183809
724700,0.7779,0.306348,0.002724,0.000334,0.183809
724800,0.7779,0.306348,0.002724,0.000334,0.184278
724900,0.7779,0.306348,0.002724,0.000334,0.184044
725000,0.7779,0.306348,0.002724,0.000334,0.183809
725100,0.7779,0.306348,0.002724,0.000334,0.183809
725200,0.7779,0.306348,0.002724,0.000334,0.183809
725300,0.7779,0.306348,0.002724,0.000334,0.183809
725400,0.7779,0.306348,0.002724,0.000334,0.183809
725500,0.7779,0.306348,0.002724,0.000334,0.183809
725600,0.7779,0.306348,0.002724,0.000334,0.184044
725700,0.7779,0.306348,0.002724,0.000334,0.183809
725800,0.7779,0.306348,0.002724,0.000334,0.183809
725900,0.7779,0.306348,0.002724,0.000334,0.183809
726000,0.7779,0.306348,0.002724,0.000334,0.183809
726100,0.7779,0.306348,0.002724,0.000334,0.183809
726200,0.7779,0.306348,0.002724,0.000334,0.184044
726300,0.7779,0.306348,0.002724,0.000334,0.183809
726400,0.7779,0.306348,0.002724,0.000334,0.183809
726500,0.7779,0.306348,0.002724,0.000334,0.183809
726600,0.7779,0.306348,0.002724,0.000334,0.183809
726700,0.7779,0.306348,0.002724,0.000334,0.183809
726800,0.7779,0.306348,0.002724,0.000334,0.183809
726900,0.7779,0.306348,0.002724,0.000334,0.183809
727000,0.7779,0.306348,0.002724,0.000334,0.183809
727100,0.7779,0.306348,0.002724,0.000334,0.183809
727200,0.7779,0.306348,0.002724,0.000334,0.183809
727300,0.7779,0.306348,0.002724,0.000334,0.183809
727400,0.7779,0.306348,0.002724,0.000334,0.183809
727500,0.7779,0.306348,0.002724,0.000334,0.183809
727600,0.7779,0.306348,0.002724,0.000334,0.183809
727700,0.7779,0.306348,0.002724,0.000334,0.184278
727800,0.7779,0.306348,0.002724,0.000334,0.183809
727900,0.7779,0.306348,0.002724,0.000334,0.183809
728000,0.7779,0.306348,0.002724,0.000334,0.183809
728100,0.7779,0.306348,0.002724,0.000334,0.183809
728200,0.7779,0.306348,0.002724,0.000334,0.183809
728300,0.7779,0.306348,0.002724,0.000334,0.184044
728400,0.7779,0.306348,0.002724,0.000334,0.183809
728500,0.7779,0.306348,0.002724,0.000334,0.183809
728600,0.7779,0.306348,0.002724,0.000334,0.183809
728700,0.7779,0.306348,0.002724,0.000334,0.183809
728800,0.7779,0.306348,0.002724,0.000334,0.183809
728900,0.7779,0.306348,0.002724,0.000334,0.183809
729000,0.7779,0.306348,0.002724,0.000334,0.183809
729100,0.7779,0.306348,0.002724,0.000334,0.183809
729200,0.7779,0.306348,0.002724,0.000334,0.183809
729300,0.7779,0.306348,0.002724,0.000334,0.183809
729400,0.7779,0.306348,0.002724,0.000334,0.183809
729500,0.7779,0.306348,0.002724,0.000334,0.183809
729600,0.7779,0.306348,0.002724,0.000334,0.183809
729700,0.7779,0.306348,0.002724,0.000334,0.183809
729800,0.7779,0.306348,0.002724,0.000334,0.183809
729900,0.7779,0.306348,0.002724,0.000334,0.185182
730000,0.7779,0.306348,0.002724,0.000334,0.183809
730100,0.7779,0.306348,0.002724,0.000334,0.183809
730200,0.7779,0.306348,0.002724,0.000334,0.184044
730300,0.7779,0.306348,0.002724,0.000334,0.183809
730400,0.7779,0.306348,0.002724,0.000334,0.183809
730500,0.7779,0.306348,0.002724,0.000334,0.183809
730600,0.7779,0.306348,0.002724,0.000334,0.183809
730700,0.7779,0.306348,0.002724,0.000334,0.183809
730800,0.7779,0.306348,0.002724,0.000334,0.183809
730900,0.7779,0.306348,0.002724,0.000334,0.183809
731000,0.7779,0.306348,0.002724,0.000334,0.184044
731100,0.7779,0.306348,0.002724,0.000334,0.183809
731200,0.7779,0.306348,0.002724,0.000334,0.183809
731300,0.7779,0.306348,0.002724,0.000334,0.183809
731400,0.7779,0.306348,0.002724,0.000334,0.183809
731500,0.7779,0.306348,0.002724,0.000334,0.183809
731600,0.7779,0.306348,0.002724,0.000334,0.184044
731700,0.7779,0.306348,0.002724,0.000334,0.183809
731800,0.7779,0.306348,0.002724,0.000334,0.183809
731900,0.7779,0.306348,0.002724,0.000334,0.183809
732000,0.7779,0.306348,0.002724,0.000334,0.183809
732100,0.7779,0.306348,0.002724,0.000334,0.183809
732200,0.7779,0.306348,0.002724,0.000334,0.183809
732300,0.7779,0.306348,0.002724,0.000334,0.183809
732400,0.7779,0.306348,0.002724,0.000334,0.183809
732500,0.7779,0.306348,0.002724,0.000334,0.184044
732600,0.7779,0.306348,0.002724,0.000334,0.183809
732700,0.7779,0.306348,0.002724,0.000334,0.183809
732800,0.7779,0.306348,0.002724,0.000334,0.183809
732900,0.7779,0.306348,0.002724,0.000334,0.183809
733000,0.7779,0.306348,0.002724,0.000334,0.183809
733100,0.7779,0.306348,0.002724,0.000334,0.183809
733200,0.7779,0.306348,0.002724,0.000334,0.183809
733300,0.7779,0.306348,0.002724,0.000334,0.183809
733400,0.7779,0.306348,0.002724,0.000334,0.183809
733500,0.7779,0.306348,0.002724,0.000334,0.183809
733600,0.7779,0.306348,0.002724,0.000334,0.184044
733700,0.7779,0.306348,0.002724,0.000334,0.183809
733800,0.7779,0.306348,0.002724,0.000334,0.183809
733900,0.7779,0.306348,0.002724,0.000334,0.184044
734000,0.7779,0.306348,0.002724,0.000334,0.183809
734100,0.7779,0.306348,0.002724,0.000334,0.183809
734200,0.7779,0.306348,0.002724,0.000334,0.183809
734300,0.7779,0.306348,0.002724,0.000334,0.183809
734400,0.7779,0.306348,0.002724,0.000334,0.183809
734500,0.7779,0.306348,0.002724,0.000334,0.183809
734600,0.7779,0.306348,0.002724,0.000334,0.183809
734700,0.7779,0.306348,0.002724,0.000334,0.183809
734800,0.7779,0.306348,0.002724,0.000334,0.184278
734900,0.7779,0.306348,0.002724,0.000334,0.184044
735000,0.7779,0.306348,0.002724,0.000334,0.183809
735100,0.7779,0.306348,0.002724,0.000334,0.183809
735200,0.7779,0.306348,0.002724,0.000334,0.183809
735300,0.7779,0.306348,0.002724,0.000334,0.183809
735400,0.7779,0.306348,0.002724,0.000334,0.183809
735500,0.7779,0.306348,0.002724,0.000334,0.183809
735600,0.7779,0.306348,0.002724,0.000334,0.183809
735700,0.7779,0.306348,0.002724,0.000334,0.183809
735800,0.7779,0.306348,0.002724,0.000334,0.183809
735900,0.7779,0.306348,0.002724,0.000334,0.183809
736000,0.7779,0.306348,0.002724,0.000334,0.183809
736100,0.7779,0.306348,0.002724,0.000334,0.183809
736200,0.7779,0.306348,0.002724,0.000334,0.183809
736300,0.7779,0.306348,0.002724,0.000334,0.184044
736400,0.7779,0.306348,0.002724,0.000334,0.183809
736500,0.7779,0.306348,0.002724,0.000334,0.183809
736600,0.7779,0.306348,0.002724,0.000334,0.183809
736700,0.7779,0.306348,0.002724,0.000334,0.183809
736800,0.7779,0.306348,0.002724,0.000334,0.183809
736900,0.7779,0.306348,0.002724,0.000334,0.183809
737000,0.7779,0.306348,0.002724,0.000334,0.183809
737100,0.7779,0.306348,0.002724,0.000334,0.183809
737200,0.7779,0.306348,0.002724,0.000334,0.183809
737300,0.7779,0.306348,0.002724,0.000334,0.183809
737400,0.7779,0.306348,0.002724,0.000334,0.183809
737500,0.7779,0.306348,0.002724,0.000334,0.184278
737600,0.7779,0.306348,0.002724,0.000334,0.183809
737700,0.7779,0.306348,0.002724,0.000334,0.183809
737800,0.7779,0.306348,0.002724,0.000334,0.183809
737900,0.7779,0.306348,0.002724,0.000334,0.183809
738000,0.7779,0.306348,0.002724,0.000334,0.183809
738100,0.7779,0.306348,0.002724,0.000334,0.183809
738200,0.7779,0.306348,0.002724,0.000334,0.183809
738300,0.7779,0.306348,0.002724,0.000334,0.183809
738400,0.7779,0.306348,0.002724,0.000334,0.183809
738500,0.7779,0.306348,0.002724,0.000334,0.183809
738600,0.7779,0.306348,0.002724,0.000334,0.184044
738700,0.7779,0.306348,0.002724,0.000334,0.183809
738800,0.7779,0.306348,0.002724,0.000334,0.183809
738900,0.7779,0.306348,0.002724,0.000334,0.183809
739000,0.7779,0.306348,0.002724,0.000334,0.183809
739100,0.7779,0.306348,0.002724,0.000334,0.183809
739200,0.7779,0.306348,0.002724,0.000334,0.183809
739300,0.7779,0.306348,0.002724,0.000334,0.183809
739400,0.7779,0.306348,0.002724,0.000334,0.183809
739500,0.7779,0.306348,0.002724,0.000334,0.183809
739600,0.7779,0.306348,0.002724,0.000334,0.184044
739700,0.7779,0.306348,0.002724,0.000334,0.183809
739800,0.7779,0.306348,0.002724,0.000334,0.183809
739900,0.7779,0.306348,0.002724,0.000334,0.183809
740000,0.7779,0.306348,0.002724,0.000334,0.183809
740100,0.7779,0.306348,0.002724,0.000334,0.183809
740200,0.7779,0.306348,0.002724,0.000334,0.183809
740300,0.7779,0.306348,0.002724,0.000334,0.183809
740400,0.7779,0.306348,0.002724,0.000334,0.183809
740500,0.7779,0.306348,0.002724,0.000334,0.183809
740600,0.7779,0.306348,0.002724,0.000334,0.183809
740700,0.7779,0.306348,0.002724,0.000334,0.183809
740800,0.7779,0.306348,0.002724,0.000334,0.183809
740900,0.7779,0.306348,0.002724,0.000334,0.184044
741000,0.7779,0.306348,0.002724,0.000334,0.184278
741100,0.7779,0.306348,0.002724,0.000334,0.183809
741200,0.7779,0.306348,0.002724,0.000334,0.183809
741300,0.7779,0.306348,0.002724,0.000334,0.183809
741400,0.7779,0.306348,0.002724,0.000334,0.183809
741500,0.7779,0.306348,0.002724,0.000334,0.183809
741600,0.7779,0.306348,0.002724,0.000334,0.183809
741700,0.7779,0.306348,0.002724,0.000334,0.183809
741800,0.7779,0.306348,0.002724,0.000334,0.183809
741900,0.7779,0.306348,0.002724,0.000334,0.183809
742000,0.7779,0.306348,0.002724,0.000334,0.183809
742100,0.7779,0.306348,0.002724,0.000334,0.183809
742200,0.7779,0.306348,0.002724,0.000334,0.183809
742300,0.7779,0.306348,0.002724,0.000334,0.183809
742400,0.7779,0.306348,0.002724,0.000334,0.184044
742500,0.7779,0.306348,0.002724,0.000334,0.183809
742600,0.7779,0.306348,0.002724,0.000334,0.183809
742700,0.7779,0.306348,0.002724,0.000334,0.183809
742800,0.7779,0.306348,0.002724,0.000334,0.183809
742900,0.7779,0.306348,0.002724,0.000334,0.183809
743000,0.7779,0.306348,0.002724,0.000334,0.183809
743100,0.7779,0.306348,0.002724,0.000334,0.183809
743200,0.7779,0.306348,0.002724,0.000334,0.183809
743300,0.7779,0.306348,0.002724,0.000334,0.183809
743400,0.7779,0.306348,0.002724,0.000334,0.183809
743500,0.7779,0.306348,0.002724,0.000334,0.183809
743600,0.7779,0.306348,0.002724,0.000334,0.184044
743700,0.7779,0.306348,0.002724,0.000334,0.183809
743800,0.7779,0.306348,0.002724,0.000334,0.184044
743900,0.7779,0.306348,0.002724,0.000334,0.183809
744000,0.7779,0.306348,0.002724,0.000334,0.183809
744100,0.7779,0.306348,0.002724,0.000334,0.183809
744200,0.7779,0.306348,0.002724,0.000334,0.183809
744300,0.7779,0.306348,0.002724,0.000334,0.183809
744400,0.7779,0.306348,0.002724,0.000334,0.183809
744500,0.7779,0.306348,0.002724,0.000334,0.183809
744600,0.7779,0.306348,0.002724,0.000334,0.183809
744700,0.7779,0.306348,0.002724,0.000334,0.184278
744800,0.7779,0.306348,0.002724,0.000334,0.183809
744900,0.7779,0.306348,0.002724,0.000334,0.183809
745000,0.7779,0.306348,0.002724,0.000334,0.183809
745100,0.7779,0.306348,0.002724,0.000334,0.183809
745200,0.7779,0.306348,0.002724,0.000334,0.183809
745300,0.7779,0.306348,0.002724,0.000334,0.183809
745400,0.7779,0.306348,0.002724,0.000334,0.183809
745500,0.7779,0.306348,0.002724,0.000334,0.183809
745600,0.7779,0.306348,0.002724,0.000334,0.183809
745700,0.7779,0.306348,0.002724,0.000334,0.183809
745800,0.7779,0.306348,0.002724,0.000334,0.184044
745900,0.7779,0.306348,0.002724,0.000334,0.183809
746000,0.7779,0.306348,0.002724,0.000334,0.183809
746100,0.7779,0.306348,0.002724,0.000334,0.183809
746200,0.7779,0.306348,0.002724,0.000334,0.183809
746300,0.7779,0.306348,0.002724,0.000334,0.183809
746400,0.7779,0.306348,0.002724,0.000334,0.183809
746500,0.7779,0.306348,0.002724,0.000334,0.184044
746600,0.7779,0.306348,0.002724,0.000334,0.183809
746700,0.7779,0.306348,0.002724,0.000334,0.183809
746800,0.7779,0.306348,0.002724,0.000334,0.183809
746900,0.7779,0.306348,0.002724,0.000334,0.183809
747000,0.7779,0.306348,0.002724,0.000334,0.183809
747100,0.7779,0.306348,0.002724,0.000334,0.183809
747200,0.7779,0.306348,0.002724,0.000334,0.183809
747300,0.7779,0.306348,0.002724,0.000334,0.183809
747400,0.7779,0.306348,0.002724,0.000334,0.184278
747500,0.7779,0.306348,0.002724,0.000334,0.183809
747600,0.7779,0.306348,0.002724,0.000334,0.183809
747700,0.7779,0.306348,0.002724,0.000334,0.183809
747800,0.7779,0.306348,0.002724,0.000334,0.183809
747900,0.7779,0.306348,0.002724,0.000334,0.183809
748000,0.7779,0.306348,0.002724,0.000334,0.183809
748100,0.7779,0.306348,0.002724,0.000334,0.183809
748200,0.7779,0.306348,0.002724,0.000334,0.183809
748300,0.7779,0.306348,0.002724,0.000334,0.183809
748400,0.7779,0.306348,0.002724,0.000334,0.183809
748500,0.7779,0.306348,0.002724,0.000334,0.183809
748600,0.7779,0.306348,0.002724,0.000334,0.183809
748700,0.7779,0.306348,0.002724,0.000334,0.183809
748800,0.7779,0.306348,0.002724,0.000334,0.183809
748900,0.7779,0.306348,0.002724,0.000334,0.183809
749000,0.7779,0.306348,0.002724,0.000334,0.184044
749100,0.7779,0.306348,0.002724,0.000334,0.183809
749200,0.7779,0.306348,0.002724,0.000334,0.183809
749300,0.7779,0.306348,0.002724,0.000334,0.183809
749400,0.7779,0.306348,0.002724,0.000334,0.183809
749500,0.7779,0.306348,0.002724,0.000334,0.183809
749600,0.7779,0.306348,0.002724,0.000334,0.183809
749700,0.7779,0.306348,0.002724,0.000334,0.183809
749800,0.7779,0.306348,0.002724,0.000334,0.183809
749900,0.7779,0.306348,0.002724,0.000334,0.184044
750000,0.7779,0.306348,0.002724,0.000334,0.183809
750100,0.7779,0.306348,0.002724,0.000334,0.183809
750200,0.7779,0.306348,0.002724,0.000334,0.183809
750300,0.7779,0.306348,0.002724,0.000334,0.183809
750400,0.7779,0.306348,0.002724,0.000334,0.183809
750500,0.7779,0.306348,0.002724,0.000334,0.183809
750600,0.7779,0.306348,0.002724,0.000334,0.183809
750700,0.7779,0.306348,0.002724,0.000334,0.183809
750800,0.7779,0.306348,0.002724,0.000334,0.184044
750900,0.7779,0.306348,0.002724,0.000334,0.184947
751000,0.7779,0.306348,0.002724,0.000334,0.183809
751100,0.7779,0.306348,0.002724,0.000334,0.183809
751200,0.7779,0.306348,0.002724,0.000334,0.183809
751300,0.7779,0.306348,0.002724,0.000334,0.183809
751400,0.7779,0.306348,0.002724,0.000334,0.184044
751500,0.7779,0.306348,0.002724,0.000334,0.183809
751600,0.7779,0.306348,0.002724,0.000334,0.183809
751700,0.7779,0.306348,0.002724,0.000334,0.184044
751800,0.7779,0.306348,0.002724,0.000334,0.183809
751900,0.7779,0.306348,0.002724,0.000334,0.183809
752000,0.7779,0.306348,0.002724,0.000334,0.183809
752100,0.7779,0.306348,0.002724,0.000334,0.183809
752200,0.7779,0.306348,0.002724,0.000334,0.183809
752300,0.7779,0.306348,0.002724,0.000334,0.183809
752400,0.7779,0.306348,0.002724,0.000334,0.183809
752500,0.7779,0.306348,0.002724,0.000334,0.183809
752600,0.7779,0.306348,0.002724,0.000334,0.183809
752700,0.7779,0.306348,0.002724,0.000334,0.183809
752800,0.7779,0.306348,0.002724,0.000334,0.184044
752900,0.7779,0.306348,0.002724,0.000334,0.183809
753000,0.7779,0.306348,0.002724,0.000334,0.183809
753100,0.7779,0.306348,0.002724,0.000334,0.183809
753200,0.7779,0.306348,0.002724,0.000334,0.183809
753300,0.7779,0.306348,0.002724,0.000334,0.183809
753400,0.7779,0.306348,0.002724,0.000334,0.183809
753500,0.7779,0.306348,0.002724,0.000334,0.183809
753600,0.7779,0.306348,0.002724,0.000334,0.183809
753700,0.7779,0.306348,0.002724,0.000334,0.183809
753800,0.7779,0.306348,0.002724,0.000334,0.183809
753900,0.7779,0.306348,0.002724,0.000334,0.183809
754000,0.7779,0.306348,0.002724,0.000334,0.183809
754100,0.7779,0.306348,0.002724,0.000334,0.183809
754200,0.7779,0.306348,0.002724,0.000334,0.184044
754300,0.7779,0.306348,0.002724,0.000334,0.183809
754400,0.7779,0.306348,0.002724,0.000334,0.183809
754500,0.7779,0.306348,0.002724,0.000334,0.183809
754600,0.7779,0.306348,0.002724,0.000334,0.183809
754700,0.7779,0.306348,0.002724,0.000334,0.183809
754800,0.7779,0.306348,0.002724,0.000334,0.184044
754900,0.7779,0.306348,0.002724,0.000334,0.183809
755000,0.7779,0.306348,0.002724,0.000334,0.183809
755100,0.7779,0.306348,0.002724,0.000334,0.184278
755200,0.7779,0.306348,0.002724,0.000334,0.183809
755300,0.7779,0.306348,0.002724,0.000334,0.183809
755400,0.7779,0.306348,0.002724,0.000334,0.183809
755500,0.7779,0.306348,0.002724,0.000334,0.183809
755600,0.7779,0.306348,0.002724,0.000334,0.183809
755700,0.7779,0.306348,0.002724,0.000334,0.183809
755800,0.7779,0.306348,0.002724,0.000334,0.183809
755900,0.7779,0.306348,0.002724,0.000334,0.184044
756000,0.7779,0.306348,0.002724,0.000334,0.183809
756100,0.7779,0.306348,0.002724,0.000334,0.183809
756200,0.7779,0.306348,0.002724,0.000334,0.183809
756300,0.7779,0.306348,0.002724,0.000334,0.183809
756400,0.7779,0.306348,0.002724,0.000334,0.183809
756500,0.7779,0.306348,0.002724,0.000334,0.183809
756600,0.7779,0.306348,0.002724,0.000334,0.183809
756700,0.7779,0.306348,0.002724,0.000334,0.183809
756800,0.7779,0.306348,0.002724,0.000334,0.183809
756900,0.7779,0.306348,0.002724,0.000334,0.184044
757000,0.7779,0.306348,0.002724,0.000334,0.183809
757100,0.7779,0.306348,0.002724,0.000334,0.183809
757200,0.7779,0.306348,0.002724,0.000334,0.183809
757300,0.7779,0.306348,0.002724,0.000334,0.184044
757400,0.7779,0.306348,0.002724,0.000334,0.184044
757500,0.7779,0.306348,0.002724,0.000334,0.183809
757600,0.7779,0.306348,0.002724,0.000334,0.183809
757700,0.7779,0.306348,0.002724,0.000334,0.183809
757800,0.7779,0.306348,0.002724,0.000334,0.183809
757900,0.7779,0.306348,0.002724,0.000334,0.183809
758000,0.7779,0.306348,0.002724,0.000334,0.183809
758100,0.7779,0.306348,0.002724,0.000334,0.183809
758200,0.7779,0.306348,0.002724,0.000334,0.183809
758300,0.7779,0.306348,0.002724,0.000334,0.183809
758400,0.7779,0.306348,0.002724,0.000334,0.183809
758500,0.7779,0.306348,0.002724,0.000334,0.183809
758600,0.7779,0.306348,0.002724,0.000334,0.183809
758700,0.7779,0.306348,0.002724,0.000334,0.183809
758800,0.7779,0.306348,0.002724,0.000334,0.183809
758900,0.7779,0.306348,0.002724,0.000334,0.183809
759000,0.7779,0.306348,0.002724,0.000334,0.183809
759100,0.7779,0.306348,0.002724,0.000334,0.183809
759200,0.7779,0.306348,0.002724,0.000334,0.183809
759300,0.7779,0.306348,0.002724,0.000334,0.183809
759400,0.7779,0.306348,0.002724,0.000334,0.184044
759500,0.7779,0.306348,0.002724,0.000334,0.183809
759600,0.7779,0.306348,0.002724,0.000334,0.183809
759700,0.7779,0.306348,0.002724,0.000334,0.183809
759800,0.7779,0.306348,0.002724,0.000334,0.184044
759900,0.7779,0.306348,0.002724,0.000334,0.183809
760000,0.7779,0.306348,0.002724,0.000334,0.183809
760100,0.7779,0.306348,0.002724,0.000334,0.183809
760200,0.7779,0.306348,0.002724,0.000334,0.183809
760300,0.7779,0.306348,0.002724,0.000334,0.183809
760400,0.7779,0.306348,0.002724,0.000334,0.183809
760500,0.7779,0.306348,0.002724,0.000334,0.184044
760600,0.7779,0.306348,0.002724,0.000334,0.183809
760700,0.7779,0.306348,0.002724,0.000334,0.183809
760800,0.7779,0.306348,0.002724,0.000334,0.184044
760900,0.7779,0.306348,0.002724,0.000334,0.183809
761000,0.7779,0.306348,0.002724,0.000334,0.183809
761100,0.7779,0.306348,0.002724,0.000334,0.183809
761200,0.7779,0.306348,0.002724,0.000334,0.183809
761300,0.7779,0.306348,0.002724,0.000334,0.183809
761400,0.7779,0.306348,0.002724,0.000334,0.183809
761500,0.7779,0.306348,0.002724,0.000334,0.183809
761600,0.7779,0.306348,0.002724,0.000334,0.183809
761700,0.7779,0.306348,0.002724,0.000334,0.184044
761800,0.7779,0.306348,0.002724,0.000334,0.183809
761900,0.7779,0.306348,0.002724,0.000334,0.183809
762000,0.7779,0.306348,0.002724,0.000334,0.183809
762100,0.7779,0.306348,0.002724,0.000334,0.183809
762200,0.7779,0.306348,0.002724,0.000334,0.183809
762300,0.7779,0.306348,0.002724,0.000334,0.183809
762400,0.7779,0.306348,0.002724,0.000334,0.183809
762500,0.7779,0.306348,0.002724,0.000334,0.183809
762600,0.7779,0.306348,0.002724,0.000334,0.183809
762700,0.7779,0.306348,0.002724,0.000334,0.183809
762800,0.7779,0.306348,0.002724,0.000334,0.183809
762900,0.7779,0.306348,0.002724,0.000334,0.183809
763000,0.7779,0.306348,0.002724,0.000334,0.183809
763100,0.7779,0.306348,0.002724,0.000334,0.184044
763200,0.7779,0.306348,0.002724,0.000334,0.183809
763300,0.7779,0.306348,0.002724,0.000334,0.184044
763400,0.7779,0.306348,0.002724,0.000334,0.183809
763500,0.7779,0.306348,0.002724,0.000334,0.183809
763600,0.7779,0.306348,0.002724,0.000334,0.183809
763700,0.7779,0.306348,0.002724,0.000334,0.183809
763800,0.7779,0.306348,0.002724,0.000334,0.183809
763900,0.7779,0.306348,0.002724,0.000334,0.183809
764000,0.7779,0.306348,0.002724,0.000334,0.183809
764100,0.7779,0.306348,0.002724,0.000334,0.183809
764200,0.7779,0.306348,0.002724,0.000334,0.183809
764300,0.7779,0.306348,0.002724,0.000334,0.183809
764400,0.7779,0.306348,0.002724,0.000334,0.183809
764500,0.7779,0.306348,0.002724,0.000334,0.184278
764600,0.7779,0.306348,0.002724,0.000334,0.183809
764700,0.7779,0.306348,0.002724,0.000334,0.183809
764800,0.7779,0.306348,0.002724,0.000334,0.183809
764900,0.7779,0.306348,0.002724,0.000334,0.183809
765000,0.7779,0.306348,0.002724,0.000334,0.183809
765100,0.7779,0.306348,0.002724,0.000334,0.183809
765200,0.7779,0.306348,0.002724,0.000334,0.183809
765300,0.7779,0.306348,0.002724,0.000334,0.183809
765400,0.7779,0.306348,0.002724,0.000334,0.183809
765500,0.7779,0.306348,0.002724,0.000334,0.184044
765600,0.7779,0.306348,0.002724,0.000334,0.183809
765700,0.7779,0.306348,0.002724,0.000334,0.183809
765800,0.7779,0.306348,0.002724,0.000334,0.183809
765900,0.7779,0.306348,0.002724,0.000334,0.183809
766000,0.7779,0.306348,0.002724,0.000334,0.184278
766100,0.7779,0.306348,0.002724,0.000334,0.183809
766200,0.7779,0.306348,0.002724,0.000334,0.183809
766300,0.7779,0.306348,0.002724,0.000334,0.183809
766400,0.7779,0.306348,0.002724,0.000334,0.183809
766500,0.7779,0.306348,0.002724,0.000334,0.183809
766600,0.7779,0.306348,0.002724,0.000334,0.183809
766700,0.7779,0.306348,0.002724,0.000334,0.183809
766800,0.7779,0.306348,0.002724,0.000334,0.184044
766900,0.7779,0.306348,0.002724,0.000334,0.183809
767000,0.7779,0.306348,0.002724,0.000334,0.183809
767100,0.7779,0.306348,0.002724,0.000334,0.183809
767200,0.7779,0.306348,0.002724,0.000334,0.183809
767300,0.7779,0.306348,0.002724,0.000334,0.183809
767400,0.7779,0.306348,0.002724,0.000334,0.183809
767500,0.7779,0.306348,0.002724,0.000334,0.183809
767600,0.7779,0.306348,0.002724,0.000334,0.183809
767700,0.7779,0.306348,0.002724,0.000334,0.183809
767800,0.7779,0.306348,0.002724,0.000334,0.183809
767900,0.7779,0.306348,0.002724,0.000334,0.183809
768000,0.7779,0.306348,0.002724,0.000334,0.184044
768100,0.7779,0.306348,0.002724,0.000334,0.183809
768200,0.7779,0.306348,0.002724,0.000334,0.183809
768300,0.7779,0.306348,0.002724,0.000334,0.183809
768400,0.7779,0.306348,0.002724,0.000334,0.183809
768500,0.7779,0.306348,0.002724,0.000334,0.183809
768600,0.7779,0.306348,0.002724,0.000334,0.183809
768700,0.7779,0.306348,0.002724,0.000334,0.183809
768800,0.7779,0.306348,0.002724,0.000334,0.183809
768900,0.7779,0.306348,0.002724,0.000334,0.183809
769000,0.7779,0.306348,0.002724,0.000334,0.183809
769100,0.7779,0.306348,0.002724,0.000334,0.183809
769200,0.7779,0.306348,0.002724,0.000334,0.183809
769300,0.7779,0.306348,0.002724,0.000334,0.183809
769400,0.7779,0.306348,0.002724,0.000334,0.183809
769500,0.7779,0.306348,0.002724,0.000334,0.184044
769600,0.7779,0.306348,0.002724,0.000334,0.183809
769700,0.7779,0.306348,0.002724,0.000334,0.183809
769800,0.7779,0.306348,0.002724,0.000334,0.183809
769900,0.7779,0.306348,0.002724,0.000334,0.183809
770000,0.7779,0.306348,0.002724,0.000334,0.183809
770100,0.7779,0.306348,0.002724,0.000334,0.183809
770200,0.7779,0.306348,0.002724,0.000334,0.184044
770300,0.7779,0.306348,0.002724,0.000334,0.183809
770400,0.7779,0.306348,0.002724,0.000334,0.184044
770500,0.7779,0.306348,0.002724,0.000334,0.183809
770600,0.7779,0.306348,0.002724,0.000334,0.185182
770700,0.7779,0.306348,0.002724,0.000334,0.183809
770800,0.7779,0.306348,0.002724,0.000334,0.183809
770900,0.7779,0.306348,0.002724,0.000334,0.183809
771000,0.7779,0.306348,0.002724,0.000334,0.183809
771100,0.7779,0.306348,0.002724,0.000334,0.183809
771200,0.7779,0.306348,0.002724,0.000334,0.183809
771300,0.7779,0.306348,0.002724,0.000334,0.183809
771400,0.7779,0.306348,0.002724,0.000334,0.183809
771500,0.7779,0.306348,0.002724,0.000334,0.183809
771600,0.7779,0.306348,0.002724,0.000334,0.183809
771700,0.7779,0.306348,0.002724,0.000334,0.183809
771800,0.7779,0.306348,0.002724,0.000334,0.184044
771900,0.7779,0.306348,0.002724,0.000334,0.183809
772000,0.7779,0.306348,0.002724,0.000334,0.183809
772100,0.7779,0.306348,0.002724,0.000334,0.183809
772200,0.7779,0.306348,0.002724,0.000334,0.183809
772300,0.7779,0.306348,0.002724,0.000334,0.183809
772400,0.7779,0.306348,0.002724,0.000334,0.183809
772500,0.7779,0.306348,0.002724,0.000334,0.183809
772600,0.7779,0.306348,0.002724,0.000334,0.183809
772700,0.7779,0.306348,0.002724,0.000334,0.184278
772800,0.7779,0.306348,0.002724,0.000334,0.183809
772900,0.7779,0.306348,0.002724,0.000334,0.183809
773000,0.7779,0.306348,0.002724,0.000334,0.183809
773100,0.7779,0.306348,0.002724,0.000334,0.183809
773200,0.7779,0.306348,0.002724,0.000334,0.183809
773300,0.7779,0.306348,0.002724,0.000334,0.183809
773400,0.7779,0.306348,0.002724,0.000334,0.183809
773500,0.7779,0.306348,0.002724,0.000334,0.183809
773600,0.7779,0.306348,0.002724,0.000334,0.184044
773700,0.7779,0.306348,0.002724,0.000334,0.183809
773800,0.7779,0.306348,0.002724,0.000334,0.183809
773900,0.7779,0.306348,0.002724,0.000334,0.183809
774000,0.7779,0.306348,0.002724,0.000334,0.183809
774100,0.7779,0.306348,0.002724,0.000334,0.183809
774200,0.7779,0.306348,0.002724,0.000334,0.183809
774300,0.7779,0.306348,0.002724,0.000334,0.183809
774400,0.7779,0.306348,0.002724,0.000334,0.183809
774500,0.7779,0.306348,0.002724,0.000334,0.183809
774600,0.7779,0.306348,0.002724,0.000334,0.183809
774700,0.7779,0.306348,0.002724,0.000334,0.183809
774800,0.7779,0.306348,0.002724,0.000334,0.183809
774900,0.7779,0.306348,0.002724,0.000334,0.183809
775000,0.7779,0.306348,0.002724,0.000334,0.183809
775100,0.7779,0.306348,0.002724,0.000334,0.183809
775200,0.7779,0.306348,0.002724,0.000334,0.184278
775300,0.7779,0.306348,0.002724,0.000334,0.183809
775400,0.7779,0.306348,0.002724,0.000334,0.183809
775500,0.7779,0.306348,0.002724,0.000334,0.183809
775600,0.7779,0.306348,0.002724,0.000334,0.184044
775700,0.7779,0.306348,0.002724,0.000334,0.183809
775800,0.7779,0.306348,0.002724,0.000334,0.183809
775900,0.7779,0.306348,0.002724,0.000334,0.183809
776000,0.7779,0.306348,0.002724,0.000334,0.183809
776100,0.7779,0.306348,0.002724,0.000334,0.183809
776200,0.7779,0.306348,0.002724,0.000334,0.183809
776300,0.7779,0.306348,0.002724,0.000334,0.183809
776400,0.7779,0.306348,0.002724,0.000334,0.183809
776500,0.7779,0.306348,0.002724,0.000334,0.183809
776600,0.7779,0.306348,0.002724,0.000334,0.183809
776700,0.7779,0.306348,0.002724,0.000334,0.183809
776800,0.7779,0.306348,0.002724,0.000334,0.183809
776900,0.7779,0.306348,0.002724,0.000334,0.183809
777000,0.7779,0.306348,0.002724,0.000334,0.184044
777100,0.7779,0.306348,0.002724,0.000334,0.183809
777200,0.7779,0.306348,0.002724,0.000334,0.184044
777300,0.7779,0.306348,0.002724,0.000334,0.183809
777400,0.7779,0.306348,0.002724,0.000334,0.183809
777500,0.7779,0.306348,0.002724,0.000334,0.183809
777600,0.7779,0.306348,0.002724,0.000334,0.183809
777700,0.7779,0.306348,0.002724,0.000334,0.183809
777800,0.7779,0.306348,0.002724,0.000334,0.183809
777900,0.7779,0.306348,0.002724,0.000334,0.183809
778000,0.7779,0.306348,0.002724,0.000334,0.183809
778100,0.7779,0.306348,0.002724,0.000334,0.183809
778200,0.7779,0.306348,0.002724,0.000334,0.183809
778300,0.7779,0.306348,0.002724,0.000334,0.183809
778400,0.7779,0.306348,0.002724,0.000334,0.183809
778500,0.7779,0.306348,0.002724,0.000334,0.183809
778600,0.7779,0.306348,0.002724,0.000334,0.184044
778700,0.7779,0.306348,0.002724,0.000334,0.183809
778800,0.7779,0.306348,0.002724,0.000334,0.183809
778900,0.7779,0.306348,0.002724,0.000334,0.183809
779000,0.7779,0.306348,0.002724,0.000334,0.183809
779100,0.7779,0.306348,0.002724,0.000334,0.183809
779200,0.7779,0.306348,0.002724,0.000334,0.183809
779300,0.7779,0.306348,0.002724,0.000334,0.183809
779400,0.7779,0.306348,0.002724,0.000334,0.183809
779500,0.7779,0.306348,0.002724,0.000334,0.183809
779600,0.7779,0.306348,0.002724,0.000334,0.184044
779700,0.7779,0.306348,0.002724,0.000334,0.183809
779800,0.7779,0.306348,0.002724,0.000334,0.183809
779900,0.7779,0.306348,0.002724,0.000334,0.183809
780000,0.7779,0.306348,0.002724,0.000334,0.183809
780100,0.7779,0.306348,0.002724,0.000334,0.183809
780200,0.7779,0.306348,0.002724,0.000334,0.183809
780300,0.7779,0.306348,0.002724,0.000334,0.184044
780400,0.7779,0.306348,0.002724,0.000334,0.183809
780500,0.7779,0.306348,0.002724,0.000334,0.183809
780600,0.7779,0.306348,0.002724,0.000334,0.183809
780700,0.7779,0.306348,0.002724,0.000334,0.183809
780800,0.7779,0.306348,0.002724,0.000334,0.184044
780900,0.7779,0.306348,0.002724,0.000334,0.183809
781000,0.7779,0.306348,0.002724,0.000334,0.184044
781100,0.7779,0.306348,0.002724,0.000334,0.183809
781200,0.7779,0.306348,0.002724,0.000334,0.183809
781300,0.7779,0.306348,0.002724,0.000334,0.183809
781400,0.7779,0.306348,0.002724,0.000334,0.183809
781500,0.7779,0.306348,0.002724,0.000334,0.183809
781600,0.7779,0.306348,0.002724,0.000334,0.183809
781700,0.7779,0.306348,0.002724,0.000334,0.183809
781800,0.7779,0.306348,0.002724,0.000334,0.183809
781900,0.7779,0.306348,0.002724,0.000334,0.183809
782000,0.7779,0.306348,0.002724,0.000334,0.183809
782100,0.7779,0.306348,0.002724,0.000334,0.183809
782200,0.7779,0.306348,0.002724,0.000334,0.183809
782300,0.7779,0.306348,0.002724,0.000334,0.183809
782400,0.7779,0.306348,0.002724,0.000334,0.184278
782500,0.7779,0.306348,0.002724,0.000334,0.183809
782600,0.7779,0.306348,0.002724,0.000334,0.183809
782700,0.7779,0.306348,0.002724,0.000334,0.183809
782800,0.7779,0.306348,0.002724,0.000334,0.183809
782900,0.7779,0.306348,0.002724,0.000334,0.183809
783000,0.7779,0.306348,0.002724,0.000334,0.183809
783100,0.7779,0.306348,0.002724,0.000334,0.183809
783200,0.7779,0.306348,0.002724,0.000334,0.183809
783300,0.7779,0.306348,0.002724,0.000334,0.183809
783400,0.7779,0.306348,0.002724,0.000334,0.183809
783500,0.7779,0.306348,0.002724,0.000334,0.183809
783600,0.7779,0.306348,0.002724,0.000334,0.183809
783700,0.7779,0.306348,0.002724,0.000334,0.183809
783800,0.7779,0.306348,0.002724,0.000334,0.183809
783900,0.7779,0.306348,0.002724,0.000334,0.184278
784000,0.7779,0.306348,0.002724,0.000334,0.183809
784100,0.7779,0.306348,0.002724,0.000334,0.183809
784200,0.7779,0.306348,0.002724,0.000334,0.183809
784300,0.7779,0.306348,0.002724,0.000334,0.183809
784400,0.7779,0.306348,0.002724,0.000334,0.183809
784500,0.7779,0.306348,0.002724,0.000334,0.183809
784600,0.7779,0.306348,0.002724,0.000334,0.184044
784700,0.7779,0.306348,0.002724,0.000334,0.184044
784800,0.7779,0.306348,0.002724,0.000334,0.183809
784900,0.7779,0.306348,0.002724,0.000334,0.183809
785000,0.7779,0.306348,0.002724,0.000334,0.183809
785100,0.7779,0.306348,0.002724,0.000334,0.183809
785200,0.7779,0.306348,0.002724,0.000334,0.183809
785300,0.7779,0.306348,0.002724,0.000334,0.183809
785400,0.7779,0.306348,0.002724,0.000334,0.183809
785500,0.7779,0.306348,0.002724,0.000334,0.183809
785600,0.7779,0.306348,0.002724,0.000334,0.183809
785700,0.7779,0.306348,0.002724,0.000334,0.183809
785800,0.7779,0.306348,0.002724,0.000334,0.183809
785900,0.7779,0.306348,0.002724,0.000334,0.183809
786000,0.7779,0.306348,0.002724,0.000334,0.183809
786100,0.7779,0.306348,0.002724,0.000334,0.183809
786200,0.7779,0.306348,0.002724,0.000334,0.183809
786300,0.7779,0.306348,0.002724,0.000334,0.183809
786400,0.7779,0.306348,0.002724,0.000334,0.184044
786500,0.7779,0.306348,0.002724,0.000334,0.183809
786600,0.7779,0.306348,0.002724,0.000334,0.183809
786700,0.7779,0.306348,0.002724,0.000334,0.183809
786800,0.7779,0.306348,0.002724,0.000334,0.183809
786900,0.7779,0.306348,0.002724,0.000334,0.183809
787000,0.7779,0.306348,0.002724,0.000334,0.183809
787100,0.7779,0.306348,0.002724,0.000334,0.183809
787200,0.7779,0.306348,0.002724,0.000334,0.183809
787300,0.7779,0.306348,0.002724,0.000334,0.184044
787400,0.7779,0.306348,0.002724,0.000334,0.183809
787500,0.7779,0.306348,0.002724,0.000334,0.183809
787600,0.7779,0.306348,0.002724,0.000334,0.183809
787700,0.7779,0.306348,0.002724,0.000334,0.183809
787800,0.7779,0.306348,0.002724,0.000334,0.183809
787900,0.7779,0.306348,0.002724,0.000334,0.183809
788000,0.7779,0.306348,0.002724,0.000334,0.183809
788100,0.7779,0.306348,0.002724,0.000334,0.183809
788200,0.7779,0.306348,0.002724,0.000334,0.183809
788300,0.7779,0.306348,0.002724,0.000334,0.183809
788400,0.7779,0.306348,0.002724,0.000334,0.183809
788500,0.7779,0.306348,0.002724,0.000334,0.184044
788600,0.7779,0.306348,0.002724,0.000334,0.183809
788700,0.7779,0.306348,0.002724,0.000334,0.184044
788800,0.7779,0.306348,0.002724,0.000334,0.183809
788900,0.7779,0.306348,0.002724,0.000334,0.183809
789000,0.7779,0.306348,0.002724,0.000334,0.183809
789100,0.7779,0.306348,0.002724,0.000334,0.183809
789200,0.7779,0.306348,0.002724,0.000334,0.183809
789300,0.7779,0.306348,0.002724,0.000334,0.185182
789400,0.7779,0.306348,0.002724,0.000334,0.183809
789500,0.7779,0.306348,0.002724,0.000334,0.183809
789600,0.7779,0.306348,0.002724,0.000334,0.183809
789700,0.7779,0.306348,0.002724,0.000334,0.184044
789800,0.7779,0.306348,0.002724,0.000334,0.183809
789900,0.7779,0.306348,0.002724,0.000334,0.183809
790000,0.7779,0.306348,0.002724,0.000334,0.183809
790100,0.7779,0.306348,0.002724,0.000334,0.183809
790200,0.7779,0.306348,0.002724,0.000334,0.183809
790300,0.7779,0.306348,0.002724,0.000334,0.183809
790400,0.7779,0.306348,0.002724,0.000334,0.183809
790500,0.7779,0.306348,0.002724,0.000334,0.183809
790600,0.7779,0.306348,0.002724,0.000334,0.183809
790700,0.7779,0.306348,0.002724,0.000334,0.183809
790800,0.7779,0.306348,0.002724,0.000334,0.183809
790900,0.7779,0.306348,0.002724,0.000334,0.183809
791000,0.7779,0.306348,0.002724,0.000334,0.183809
791100,0.7779,0.306348,0.002724,0.000334,0.184278
791200,0.7779,0.306348,0.002724,0.000334,0.183809
791300,0.7779,0.306348,0.002724,0.000334,0.183809
791400,0.7779,0.306348,0.002724,0.000334,0.183809
791500,0.7779,0.306348,0.002724,0.000334,0.183809
791600,0.7779,0.306348,0.002724,0.000334,0.183809
791700,0.7779,0.306348,0.002724,0.000334,0.183809
791800,0.7779,0.306348,0.002724,0.000334,0.183809
791900,0.7779,0.306348,0.002724,0.000334,0.183809
792000,0.7779,0.306348,0.002724,0.000334,0.183809
792100,0.7779,0.306348,0.002724,0.000334,0.183809
792200,0.7779,0.306348,0.002724,0.000334,0.183809
792300,0.7779,0.306348,0.002724,0.000334,0.184044
792400,0.7779,0.306348,0.002724,0.000334,0.183809
792500,0.7779,0.306348,0.002724,0.000334,0.183809
792600,0.7779,0.306348,0.002724,0.000334,0.183809
792700,0.7779,0.306348,0.002724,0.000334,0.183809
792800,0.7779,0.306348,0.002724,0.000334,0.183809
792900,0.7779,0.306348,0.002724,0.000334,0.183809
793000,0.7779,0.306348,0.002724,0.000334,0.183809
793100,0.7779,0.306348,0.002724,0.000334,0.183809
793200,0.7779,0.306348,0.002724,0.000334,0.183809
793300,0.7779,0.306348,0.002724,0.000334,0.183809
793400,0.7779,0.306348,0.002724,0.000334,0.183809
793500,0.7779,0.306348,0.002724,0.000334,0.183809
793600,0.7779,0.306348,0.002724,0.000334,0.184278
793700,0.7779,0.306348,0.002724,0.000334,0.183809
793800,0.7779,0.306348,0.002724,0.000334,0.183809
793900,0.7779,0.306348,0.002724,0.000334,0.183809
794000,0.7779,0.306348,0.002724,0.000334,0.183809
794100,0.7779,0.306348,0.002724,0.000334,0.183809
794200,0.7779,0.306348,0.002724,0.000334,0.183809
794300,0.7779,0.306348,0.002724,0.000334,0.184044
794400,0.7779,0.306348,0.002724,0.000334,0.183809
794500,0.7779,0.306348,0.002724,0.000334,0.183809
794600,0.7779,0.306348,0.002724,0.000334,0.183809
794700,0.7779,0.306348,0.002724,0.000334,0.183809
794800,0.7779,0.306348,0.002724,0.000334,0.183809
794900,0.7779,0.306348,0.002724,0.000334,0.183809
795000,0.7779,0.306348,0.002724,0.000334,0.183809
795100,0.7779,0.306348,0.002724,0.000334,0.183809
795200,0.7779,0.306348,0.002724,0.000334,0.183809
795300,0.7779,0.306348,0.002724,0.000334,0.183809
795400,0.7779,0.306348,0.002724,0.000334,0.183809
795500,0.7779,0.306348,0.002724,0.000334,0.183809
795600,0.7779,0.306348,0.002724,0.000334,0.183809
795700,0.7779,0.306348,0.002724,0.000334,0.183809
795800,0.7779,0.306348,0.002724,0.000334,0.183809
795900,0.7779,0.306348,0.002724,0.000334,0.183809
796000,0.7779,0.306348,0.002724,0.000334,0.183809
796100,0.7779,0.306348,0.002724,0.000334,0.184278
796200,0.7779,0.306348,0.002724,0.000334,0.183809
796300,0.7779,0.306348,0.002724,0.000334,0.183809
796400,0.7779,0.306348,0.002724,0.000334,0.183809
796500,0.7779,0.306348,0.002724,0.000334,0.183809
796600,0.7779,0.306348,0.002724,0.000334,0.183809
796700,0.7779,0.306348,0.002724,0.000334,0.183809
796800,0.7779,0.306348,0.002724,0.000334,0.183809
796900,0.7779,0.306348,0.002724,0.000334,0.183809
797000,0.7779,0.306348,0.002724,0.000334,0.183809
797100,0.7779,0.306348,0.002724,0.000334,0.183809
797200,0.7779,0.306348,0.002724,0.000334,0.183809
797300,0.7779,0.306348,0.002724,0.000334,0.183809
797400,0.7779,0.306348,0.002724,0.000334,0.183809
797500,0.7779,0.306348,0.002724,0.000334,0.184044
797600,0.7779,0.306348,0.002724,0.000334,0.183809
797700,0.7779,0.306348,0.002724,0.000334,0.183809
797800,0.7779,0.306348,0.002724,0.000334,0.183809
797900,0.7779,0.306348,0.002724,0.000334,0.183809
798000,0.7779,0.306348,0.002724,0.000334,0.183809
798100,0.7779,0.306348,0.002724,0.000334,0.183809
798200,0.7779,0.306348,0.002724,0.000334,0.183809
798300,0.7779,0.306348,0.002724,0.000334,0.183809
798400,0.7779,0.306348,0.002724,0.000334,0.184044
798500,0.7779,0.306348,0.002724,0.000334,0.183809
798600,0.7779,0.306348,0.002724,0.000334,0.183809
798700,0.7779,0.306348,0.002724,0.000334,0.183809
798800,0.7779,0.306348,0.002724,0.000334,0.183809
798900,0.7779,0.306348,0.002724,0.000334,0.183809
799000,0.7779,0.306348,0.002724,0.000334,0.183809
799100,0.7779,0.306348,0.002724,0.000334,0.183809
799200,0.7779,0.306348,0.002724,0.000334,0.184044
799300,0.7779,0.306348,0.002724,0.000334,0.183809
799400,0.7779,0.306348,0.002724,0.000334,0.183809
799500,0.7779,0.306348,0.002724,0.000334,0.183809
799600,0.7779,0.306348,0.002724,0.000334,0.183809
799700,0.7779,0.306348,0.002724,0.000334,0.183809
799800,0.7779,0.306348,0.002724,0.000334,0.184044
799900,0.7779,0.306348,0.002724,0.000334,0.183809
800000,0.7779,0.306348,0.002724,0.000334,0.183809
800100,0.7779,0.306348,0.002724,0.000334,0.184044
800200,0.7779,0.306348,0.002724,0.000334,0.183809
800300,0.7779,0.306348,0.002724,0.000334,0.183809
800400,0.7779,0.306348,0.002724,0.000334,0.183809
800500,0.7779,0.306348,0.002724,0.000334,0.183809
800600,0.7779,0.306348,0.002724,0.000334,0.183809
800700,0.7779,0.306348,0.002724,0.000334,0.183809
800800,0.7779,0.306348,0.002724,0.000334,0.183809
800900,0.7779,0.306348,0.002724,0.000334,0.183809
801000,0.7779,0.306348,0.002724,0.000334,0.183809
801100,0.7779,0.306348,0.002724,0.000334,0.183809
801200,0.7779,0.306348,0.002724,0.000334,0.184278
801300,0.7779,0.306348,0.002724,0.000334,0.183809
801400,0.7779,0.306348,0.002724,0.000334,0.183809
801500,0.7779,0.306348,0.002724,0.000334,0.183809
801600,0.7779,0.306348,0.002724,0.000334,0.183809
801700,0.7779,0.306348,0.002724,0.000334,0.183809
801800,0.7779,0.306348,0.002724,0.000334,0.183809
801900,0.7779,0.306348,0.002724,0.000334,0.183809
802000,0.7779,0.306348,0.002724,0.000334,0.183809
802100,0.7779,0.306348,0.002724,0.000334,0.183809
802200,0.7779,0.306348,0.002724,0.000334,0.183809
802300,0.7779,0.306348,0.002724,0.000334,0.183809
802400,0.7779,0.306348,0.002724,0.000334,0.183809
802500,0.7779,0.306348,0.002724,0.000334,0.183809
802600,0.7779,0.306348,0.002724,0.000334,0.183809
802700,0.7779,0.306348,0.002724,0.000334,0.183809
802800,0.7779,0.306348,0.002724,0.000334,0.183809
802900,0.7779,0.306348,0.002724,0.000334,0.183809
803000,0.7779,0.306348,0.002724,0.000334,0.183809
803100,0.7779,0.306348,0.002724,0.000334,0.183809
803200,0.7779,0.306348,0.002724,0.000334,0.183809
803300,0.7779,0.306348,0.002724,0.000334,0.183809
803400,0.7779,0.306348,0.002724,0.000334,0.183809
803500,0.7779,0.306348,0.002724,0.000334,0.183809
803600,0.7779,0.306348,0.002724,0.000334,0.183809
803700,0.7779,0.306348,0.002724,0.000334,0.184044
803800,0.7779,0.306348,0.002724,0.000334,0.184278
803900,0.7779,0.306348,0.002724,0.000334,0.183809
804000,0.7779,0.306348,0.002724,0.000334,0.184044
804100,0.7779,0.306348,0.002724,0.000334,0.183809
804200,0.7779,0.306348,0.002724,0.000334,0.183809
804300,0.7779,0.306348,0.002724,0.000334,0.183809
804400,0.7779,0.306348,0.002724,0.000334,0.183809
804500,0.7779,0.306348,0.002724,0.000334,0.183809
804600,0.7779,0.306348,0.002724,0.000334,0.183809
804700,0.7779,0.306348,0.002724,0.000334,0.183809
804800,0.7779,0.306348,0.002724,0.000334,0.183809
804900,0.7779,0.306348,0.002724,0.000334,0.183809
805000,0.7779,0.306348,0.002724,0.000334,0.183809
805100,0.7779,0.306348,0.002724,0.000334,0.183809
805200,0.7779,0.306348,0.002724,0.000334,0.183809
805300,0.7779,0.306348,0.002724,0.000334,0.183809
805400,0.7779,0.306348,0.002724,0.000334,0.183809
805500,0.7779,0.306348,0.002724,0.000334,0.183809
805600,0.7779,0.306348,0.002724,0.000334,0.183809
805700,0.7779,0.306348,0.002724,0.000334,0.183809
805800,0.7779,0.306348,0.002724,0.000334,0.183809
805900,0.7779,0.306348,0.002724,0.000334,0.183809
806000,0.7779,0.306348,0.002724,0.000334,0.183809
806100,0.7779,0.306348,0.002724,0.000334,0.183809
806200,0.7779,0.306348,0.002724,0.000334,0.184044
806300,0.7779,0.306348,0.002724,0.000334,0.183809
806400,0.7779,0.306348,0.002724,0.000334,0.183809
806500,0.7779,0.306348,0.002724,0.000334,0.183809
806600,0.7779,0.306348,0.002724,0.000334,0.183809
806700,0.7779,0.306348,0.002724,0.000334,0.183809
806800,0.7779,0.306348,0.002724,0.000334,0.183809
806900,0.7779,0.306348,0.002724,0.000334,0.183809
807000,0.7779,0.306348,0.002724,0.000334,0.183809
807100,0.7779,0.306348,0.002724,0.000334,0.183809
807200,0.7779,0.306348,0.002724,0.000334,0.183809
807300,0.7779,0.306348,0.002724,0.000334,0.183809
807400,0.7779,0.306348,0.002724,0.000334,0.183809
807500,0.7779,0.306348,0.002724,0.000334,0.183809
807600,0.7779,0.306348,0.002724,0.000334,0.183809
807700,0.7779,0.306348,0.002724,0.000334,0.184044
807800,0.7779,0.306348,0.002724,0.000334,0.183809
807900,0.7779,0.306348,0.002724,0.000334,0.183809
808000,0.7779,0.306348,0.002724,0.000334,0.184044
808100,0.7779,0.306348,0.002724,0.000334,0.183809
808200,0.7779,0.306348,0.002724,0.000334,0.183809
808300,0.7779,0.306348,0.002724,0.000334,0.183809
808400,0.7779,0.306348,0.002724,0.000334,0.183809
808500,0.7779,0.306348,0.002724,0.000334,0.183809
808600,0.7779,0.306348,0.002724,0.000334,0.184044
808700,0.7779,0.306348,0.002724,0.000334,0.185182
808800,0.7779,0.306348,0.002724,0.000334,0.183809
808900,0.7779,0.306348,0.002724,0.000334,0.183809
809000,0.7779,0.306348,0.002724,0.000334,0.183809
809100,0.7779,0.306348,0.002724,0.000334,0.183809
809200,0.7779,0.306348,0.002724,0.000334,0.183809
809300,0.7779,0.306348,0.002724,0.000334,0.183809
809400,0.7779,0.306348,0.002724,0.000334,0.183809
809500,0.7779,0.306348,0.002724,0.000334,0.183809
809600,0.7779,0.306348,0.002724,0.000334,0.183809
809700,0.7779,0.306348,0.002724,0.000334,0.183809
809800,0.7779,0.306348,0.002724,0.000334,0.183809
809900,0.7779,0.306348,0.002724,0.000334,0.183809
810000,0.7779,0.306348,0.002724,0.000334,0.184044
810100,0.7779,0.306348,0.002724,0.000334,0.183809
810200,0.7779,0.306348,0.002724,0.000334,0.183809
810300,0.7779,0.306348,0.002724,0.000334,0.183809
810400,0.7779,0.306348,0.002724,0.000334,0.183809
810500,0.7779,0.306348,0.002724,0.000334,0.183809
810600,0.7779,0.306348,0.002724,0.000334,0.183809
810700,0.7779,0.306348,0.002724,0.000334,0.183809
810800,0.7779,0.306348,0.002724,0.000334,0.183809
810900,0.7779,0.306348,0.002724,0.000334,0.184278
811000,0.7779,0.306348,0.002724,0.000334,0.183809
811100,0.7779,0.306348,0.002724,0.000334,0.183809
811200,0.7779,0.306348,0.002724,0.000334,0.183809
811300,0.7779,0.306348,0.002724,0.000334,0.183809
811400,0.7779,0.306348,0.002724,0.000334,0.183809
811500,0.7779,0.306348,0.002724,0.000334,0.183809
811600,0.7779,0.306348,0.002724,0.000334,0.183809
811700,0.7779,0.306348,0.002724,0.000334,0.184044
811800,0.7779,0.306348,0.002724,0.000334,0.183809
811900,0.7779,0.306348,0.002724,0.000334,0.183809
812000,0.7779,0.306348,0.002724,0.000334,0.183809
812100,0.7779,0.306348,0.002724,0.000334,0.183809
812200,0.7779,0.306348,0.002724,0.000334,0.183809
812300,0.7779,0.306348,0.002724,0.000334,0.183809
812400,0.7779,0.306348,0.002724,0.000334,0.183809
812500,0.7779,0.306348,0.002724,0.000334,0.183809
812600,0.7779,0.306348,0.002724,0.000334,0.183809
812700,0.7779,0.306348,0.002724,0.000334,0.183809
812800,0.7779,0.306348,0.002724,0.000334,0.183809
812900,0.7779,0.306348,0.002724,0.000334,0.183809
813000,0.7779,0.306348,0.002724,0.000334,0.183809
813100,0.7779,0.306348,0.002724,0.000334,0.183809
813200,0.7779,0.306348,0.002724,0.000334,0.184278
813300,0.7779,0.306348,0.002724,0.000334,0.183809
813400,0.7779,0.306348,0.002724,0.000334,0.183809
813500,0.7779,0.306348,0.002724,0.000334,0.183809
813600,0.7779,0.306348,0.002724,0.000334,0.183809
813700,0.7779,0.306348,0.002724,0.000334,0.183809
813800,0.7779,0.306348,0.002724,0.000334,0.183809
813900,0.7779,0.306348,0.002724,0.000334,0.183809
814000,0.7779,0.306348,0.002724,0.000334,0.183809
814100,0.7779,0.306348,0.002724,0.000334,0.183809
814200,0.7779,0.306348,0.002724,0.000334,0.183809
814300,0.7779,0.306348,0.002724,0.000334,0.183809
814400,0.7779,0.306348,0.002724,0.000334,0.183809
814500,0.7779,0.306348,0.002724,0.000334,0.183809
814600,0.7779,0.306348,0.002724,0.000334,0.183809
814700,0.7779,0.306348,0.002724,0.000334,0.184044
814800,0.7779,0.306348,0.002724,0.000334,0.183809
814900,0.7779,0.306348,0.002724,0.000334,0.183809
815000,0.7779,0.306348,0.002724,0.000334,0.183809
815100,0.7779,0.306348,0.002724,0.000334,0.183809
815200,0.7779,0.306348,0.002724,0.000334,0.184044
815300,0.7779,0.306348,0.002724,0.000334,0.183809
815400,0.7779,0.306348,0.002724,0.000334,0.183809
815500,0.7779,0.306348,0.002724,0.000334,0.184044
815600,0.7779,0.306348,0.002724,0.000334,0.183809
815700,0.7779,0.306348,0.002724,0.000334,0.183809
815800,0.7779,0.306348,0.002724,0.000334,0.183809
815900,0.7779,0.306348,0.002724,0.000334,0.183809
816000,0.7779,0.306348,0.002724,0.000334,0.183809
816100,0.7779,0.306348,0.002724,0.000334,0.183809
816200,0.7779,0.306348,0.002724,0.000334,0.183809
816300,0.7779,0.306348,0.002724,0.000334,0.183809
816400,0.7779,0.306348,0.002724,0.000334,0.183809
816500,0.7779,0.306348,0.002724,0.000334,0.183809
816600,0.7779,0.306348,0.002724,0.000334,0.184044
816700,0.7779,0.306348,0.002724,0.000334,0.183809
816800,0.7779,0.306348,0.002724,0.000334,0.183809
816900,0.7779,0.306348,0.002724,0.000334,0.183809
817000,0.7779,0.306348,0.002724,0.000334,0.183809
817100,0.7779,0.306348,0.002724,0.000334,0.183809
817200,0.7779,0.306348,0.002724,0.000334,0.183809
817300,0.7779,0.306348,0.002724,0.000334,0.183809
817400,0.7779,0.306348,0.002724,0.000334,0.183809
817500,0.7779,0.306348,0.002724,0.000334,0.183809
817600,0.7779,0.306348,0.002724,0.000334,0.183809
817700,0.7779,0.306348,0.002724,0.000334,0.183809
817800,0.7779,0.306348,0.002724,0.000334,0.183809
817900,0.7779,0.306348,0.002724,0.000334,0.183809
818000,0.7779,0.306348,0.002724,0.000334,0.183809
818100,0.7779,0.306348,0.002724,0.000334,0.184044
818200,0.7779,0.306348,0.002724,0.000334,0.183809
818300,0.7779,0.306348,0.002724,0.000334,0.183809
818400,0.7779,0.306348,0.002724,0.000334,0.183809
818500,0.7779,0.306348,0.002724,0.000334,0.183809
818600,0.7779,0.306348,0.002724,0.000334,0.183809
818700,0.7779,0.306348,0.002724,0.000334,0.183809
818800,0.7779,0.306348,0.002724,0.000334,0.183809
818900,0.7779,0.306348,0.002724,0.000334,0.183809
819000,0.7779,0.306348,0.002724,0.000334,0.183809
819100,0.7779,0.306348,0.002724,0.000334,0.183809
819200,0.7779,0.306348,0.002724,0.000334,0.183809
819300,0.7779,0.306348,0.002724,0.000334,0.183809
819400,0.7779,0.306348,0.002724,0.000334,0.183809
819500,0.7779,0.306348,0.002724,0.000334,0.184044
819600,0.7779,0.306348,0.002724,0.000334,0.183809
819700,0.7779,0.306348,0.002724,0.000334,0.184044
819800,0.7779,0.306348,0.002724,0.000334,0.184044
819900,0.7779,0.306348,0.002724,0.000334,0.183809
820000,0.7779,0.306348,0.002724,0.000334,0.183809
820100,0.7779,0.306348,0.002724,0.000334,0.183809
820200,0.7779,0.306348,0.002724,0.000334,0.183809
820300,0.7779,0.306348,0.002724,0.000334,0.183809
820400,0.7779,0.306348,0.002724,0.000334,0.183809
820500,0.7779,0.306348,0.002724,0.000334,0.183809
820600,0.7779,0.306348,0.002724,0.000334,0.183809
820700,0.7779,0.306348,0.002724,0.000334,0.183809
820800,0.7779,0.306348,0.002724,0.000334,0.183809
820900,0.7779,0.306348,0.002724,0.000334,0.184278
821000,0.7779,0.306348,0.002724,0.000334,0.183809
821100,0.7779,0.306348,0.002724,0.000334,0.183809
821200,0.7779,0.306348,0.002724,0.000334,0.183809
821300,0.7779,0.306348,0.002724,0.000334,0.183809
821400,0.7779,0.306348,0.002724,0.000334,0.183809
821500,0.7779,0.306348,0.002724,0.000334,0.183809
821600,0.7779,0.306348,0.002724,0.000334,0.183809
821700,0.7779,0.306348,0.002724,0.000334,0.183809
821800,0.7779,0.306348,0.002724,0.000334,0.183809
821900,0.7779,0.306348,0.002724,0.000334,0.183809
822000,0.7779,0.306348,0.002724,0.000334,0.183809
822100,0.7779,0.306348,0.002724,0.000334,0.183809
822200,0.7779,0.306348,0.002724,0.000334,0.183809
822300,0.7779,0.306348,0.002724,0.000334,0.183809
822400,0.7779,0.306348,0.002724,0.000334,0.183809
822500,0.7779,0.306348,0.002724,0.000334,0.183809
822600,0.7779,0.306348,0.002724,0.000334,0.183809
822700,0.7779,0.306348,0.002724,0.000334,0.183809
822800,0.7779,0.306348,0.002724,0.000334,0.183809
822900,0.7779,0.306348,0.002724,0.000334,0.183809
823000,0.7779,0.306348,0.002724,0.000334,0.183809
823100,0.7779,0.306348,0.002724,0.000334,0.183809
823200,0.7779,0.306348,0.002724,0.000334,0.183809
823300,0.7779,0.306348,0.002724,0.000334,0.183809
823400,0.7779,0.306348,0.002724,0.000334,0.184278
823500,0.7779,0.306348,0.002724,0.000334,0.183809
823600,0.7779,0.306348,0.002724,0.000334,0.184044
823700,0.7779,0.306348,0.002724,0.000334,0.183809
823800,0.7779,0.306348,0.002724,0.000334,0.183809
823900,0.7779,0.306348,0.002724,0.000334,0.183809
824000,0.7779,0.306348,0.002724,0.000334,0.183809
824100,0.7779,0.306348,0.002724,0.000334,0.183809
824200,0.7779,0.306348,0.002724,0.000334,0.183809
824300,0.7779,0.306348,0.002724,0.000334,0.184044
824400,0.7779,0.306348,0.002724,0.000334,0.183809
824500,0.7779,0.306348,0.002724,0.000334,0.183809
824600,0.7779,0.306348,0.002724,0.000334,0.183809
824700,0.7779,0.306348,0.002724,0.000334,0.183809
824800,0.7779,0.306348,0.002724,0.000334,0.183809
824900,0.7779,0.306348,0.002724,0.000334,0.183809
825000,0.7779,0.306348,0.002724,0.000334,0.183809
825100,0.7779,0.306348,0.002724,0.000334,0.183809
825200,0.7779,0.306348,0.002724,0.000334,0.183809
825300,0.7779,0.306348,0.002724,0.000334,0.183809
825400,0.7779,0.306348,0.002724,0.000334,0.183809
825500,0.7779,0.306348,0.002724,0.000334,0.183809
825600,0.7779,0.306348,0.002724,0.000334,0.183809
825700,0.7779,0.306348,0.002724,0.000334,0.183809
825800,0.7779,0.306348,0.002724,0.000334,0.183809
825900,0.7779,0.306348,0.002724,0.000334,0.184044
826000,0.7779,0.306348,0.002724,0.000334,0.183809
826100,0.7779,0.306348,0.002724,0.000334,0.183809
826200,0.7779,0.306348,0.002724,0.000334,0.183809
826300,0.7779,0.306348,0.002724,0.000334,0.183809
826400,0.7779,0.306348,0.002724,0.000334,0.183809
826500,0.7779,0.306348,0.002724,0.000334,0.183809
826600,0.7779,0.306348,0.002724,0.000334,0.183809
826700,0.7779,0.306348,0.002724,0.000334,0.183809
826800,0.7779,0.306348,0.002724,0.000334,0.183809
826900,0.7779,0.306348,0.002724,0.000334,0.183809
827000,0.7779,0.306348,0.002724,0.000334,0.183809
827100,0.7779,0.306348,0.002724,0.000334,0.183809
827200,0.7779,0.306348,0.002724,0.000334,0.183809
827300,0.7779,0.306348,0.002724,0.000334,0.184044
827400,0.7779,0.306348,0.002724,0.000334,0.184044
827500,0.7779,0.306348,0.002724,0.000334,0.183809
827600,0.7779,0.306348,0.002724,0.000334,0.183809
827700,0.7779,0.306348,0.002724,0.000334,0.183809
827800,0.7779,0.306348,0.002724,0.000334,0.183809
827900,0.7779,0.306348,0.002724,0.000334,0.183809
828000,0.7779,0.306348,0.002724,0.000334,0.183809
828100,0.7779,0.306348,0.002724,0.000334,0.183809
828200,0.7779,0.306348,0.002724,0.000334,0.183809
828300,0.7779,0.306348,0.002724,0.000334,0.183809
828400,0.7779,0.306348,0.002724,0.000334,0.183809
828500,0.7779,0.306348,0.002724,0.000334,0.183809
828600,0.7779,0.306348,0.002724,0.000334,0.185182
828700,0.7779,0.306348,0.002724,0.000334,0.184044
828800,0.7779,0.306348,0.002724,0.000334,0.183809
828900,0.7779,0.306348,0.002724,0.000334,0.183809
829000,0.7779,0.306348,0.002724,0.000334,0.183809
829100,0.7779,0.306348,0.002724,0.000334,0.183809
829200,0.7779,0.306348,0.002724,0.000334,0.183809
829300,0.7779,0.306348,0.002724,0.000334,0.183809
829400,0.7779,0.306348,0.002724,0.000334,0.183809
829500,0.7779,0.306348,0.002724,0.000334,0.183809
829600,0.7779,0.306348,0.002724,0.000334,0.183809
829700,0.7779,0.306348,0.002724,0.000334,0.183809
829800,0.7779,0.306348,0.002724,0.000334,0.183809
829900,0.7779,0.306348,0.002724,0.000334,0.183809
830000,0.7779,0.306348,0.002724,0.000334,0.183809
830100,0.7779,0.306348,0.002724,0.000334,0.184044
830200,0.7779,0.306348,0.002724,0.000334,0.183809
830300,0.7779,0.306348,0.002724,0.000334,0.183809
830400,0.7779,0.306348,0.002724,0.000334,0.183809
830500,0.7779,0.306348,0.002724,0.000334,0.183809
830600,0.7779,0.306348,0.002724,0.000334,0.183809
830700,0.7779,0.306348,0.002724,0.000334,0.183809
830800,0.7779,0.306348,0.002724,0.000334,0.183809
830900,0.7779,0.306348,0.002724,0.000334,0.183809
831000,0.7779,0.306348,0.002724,0.000334,0.183809
831100,0.7779,0.306348,0.002724,0.000334,0.183809
831200,0.7779,0.306348,0.002724,0.000334,0.183809
831300,0.7779,0.306348,0.002724,0.000334,0.184044
831400,0.7779,0.306348,0.002724,0.000334,0.183809
831500,0.7779,0.306348,0.002724,0.000334,0.184044
831600,0.7779,0.306348,0.002724,0.000334,0.184044
831700,0.7779,0.306348,0.002724,0.000334,0.183809
831800,0.7779,0.306348,0.002724,0.000334,0.183809
831900,0.7779,0.306348,0.002724,0.000334,0.183809
832000,0.7779,0.306348,0.002724,0.000334,0.183809
832100,0.7779,0.306348,0.002724,0.000334,0.183809
832200,0.7779,0.306348,0.002724,0.000334,0.183809
832300,0.7779,0.306348,0.002724,0.000334,0.183809
832400,0.7779,0.306348,0.002724,0.000334,0.183809
832500,0.7779,0.306348,0.002724,0.000334,0.183809
832600,0.7779,0.306348,0.002724,0.000334,0.183809
832700,0.7779,0.306348,0.002724,0.000334,0.183809
832800,0.7779,0.306348,0.002724,0.000334,0.183809
832900,0.7779,0.306348,0.002724,0.000334,0.183809
833000,0.7779,0.306348,0.002724,0.000334,0.183809
833100,0.7779,0.306348,0.002724,0.000334,0.183809
833200,0.7779,0.306348,0.002724,0.000334,0.183809
833300,0.7779,0.306348,0.002724,0.000334,0.183809
833400,0.7779,0.306348,0.002724,0.000334,0.183809
833500,0.7779,0.306348,0.002724,0.000334,0.183809
833600,0.7779,0.306348,0.002724,0.000334,0.183809
833700,0.7779,0.306348,0.002724,0.000334,0.183809
833800,0.7779,0.306348,0.002724,0.000334,0.183809
833900,0.7779,0.306348,0.002724,0.000334,0.184044
834000,0.7779,0.306348,0.002724,0.000334,0.183809
834100,0.7779,0.306348,0.002724,0.000334,0.184278
834200,0.7779,0.306348,0.002724,0.000334,0.183809
834300,0.7779,0.306348,0.002724,0.000334,0.183809
834400,0.7779,0.306348,0.002724,0.000334,0.183809
834500,0.7779,0.306348,0.002724,0.000334,0.183809
834600,0.7779,0.306348,0.002724,0.000334,0.183809
834700,0.7779,0.306348,0.002724,0.000334,0.183809
834800,0.7779,0.306348,0.002724,0.000334,0.183809
834900,0.7779,0.306348,0.002724,0.000334,0.183809
835000,0.7779,0.306348,0.002724,0.000334,0.183809
835100,0.7779,0.306348,0.002724,0.000334,0.183809
835200,0.7779,0.306348,0.002724,0.000334,0.183809
835300,0.7779,0.306348,0.002724,0.000334,0.183809
835400,0.7779,0.306348,0.002724,0.000334,0.183809
835500,0.7779,0.306348,0.002724,0.000334,0.183809
835600,0.7779,0.306348,0.002724,0.000334,0.183809
835700,0.7779,0.306348,0.002724,0.000334,0.183809
835800,0.7779,0.306348,0.002724,0.000334,0.183809
835900,0.7779,0.306348,0.002724,0.000334,0.184044
836000,0.7779,0.306348,0.002724,0.000334,0.183809
836100,0.7779,0.306348,0.002724,0.000334,0.183809
836200,0.7779,0.306348,0.002724,0.000334,0.183809
836300,0.7779,0.306348,0.002724,0.000334,0.183809
836400,0.7779,0.306348,0.002724,0.000334,0.183809
836500,0.7779,0.306348,0.002724,0.000334,0.183809
836600,0.7779,0.306348,0.002724,0.000334,0.184044
836700,0.7779,0.306348,0.002724,0.000334,0.183809
836800,0.7779,0.306348,0.002724,0.000334,0.183809
836900,0.7779,0.306348,0.002724,0.000334,0.183809
837000,0.7779,0.306348,0.002724,0.000334,0.183809
837100,0.7779,0.306348,0.002724,0.000334,0.183809
837200,0.7779,0.306348,0.002724,0.000334,0.183809
837300,0.7779,0.306348,0.002724,0.000334,0.183809
837400,0.7779,0.306348,0.002724,0.000334,0.183809
837500,0.7779,0.306348,0.002724,0.000334,0.183809
837600,0.7779,0.306348,0.002724,0.000334,0.183809
837700,0.7779,0.306348,0.002724,0.000334,0.183809
837800,0.7779,0.306348,0.002724,0.000334,0.183809
837900,0.7779,0.306348,0.002724,0.000334,0.183809
838000,0.7779,0.306348,0.002724,0.000334,0.184044
838100,0.7779,0.306348,0.002724,0.000334,0.183809
838200,0.7779,0.306348,0.002724,0.000334,0.183809
838300,0.7779,0.306348,0.002724,0.000334,0.184044
838400,0.7779,0.306348,0.002724,0.000334,0.183809
838500,0.7779,0.306348,0.002724,0.000334,0.183809
838600,0.7779,0.306348,0.002724,0.000334,0.183809
838700,0.7779,0.306348,0.002724,0.000334,0.183809
838800,0.7779,0.306348,0.002724,0.000334,0.183809
838900,0.7779,0.306348,0.002724,0.000334,0.183809
839000,0.7779,0.306348,0.002724,0.000334,0.183809
839100,0.7779,0.306348,0.002724,0.000334,0.183809
839200,0.7779,0.306348,0.002724,0.000334,0.183809
839300,0.7779,0.306348,0.002724,0.000334,0.183809
839400,0.7779,0.306348,0.002724,0.000334,0.184044
839500,0.7779,0.306348,0.002724,0.000334,0.183809
839600,0.7779,0.306348,0.002724,0.000334,0.183809
839700,0.7779,0.306348,0.002724,0.000334,0.183809
839800,0.7779,0.306348,0.002724,0.000334,0.183809
839900,0.7779,0.306348,0.002724,0.000334,0.183809
840000,0.7779,0.306348,0.002724,0.000334,0.183809
840100,0.7779,0.306348,0.002724,0.000334,0.183809
840200,0.7779,0.306348,0.002724,0.000334,0.183809
840300,0.7779,0.306348,0.002724,0.000334,0.184278
840400,0.7779,0.306348,0.002724,0.000334,0.183809
840500,0.7779,0.306348,0.002724,0.000334,0.183809
840600,0.7779,0.306348,0.002724,0.000334,0.183809
840700,0.7779,0.306348,0.002724,0.000334,0.183809
840800,0.7779,0.306348,0.002724,0.000334,0.183809
840900,0.7779,0.306348,0.002724,0.000334,0.183809
841000,0.7779,0.306348,0.002724,0.000334,0.183809
841100,0.7779,0.306348,0.002724,0.000334,0.183809
841200,0.7779,0.306348,0.002724,0.000334,0.184278
841300,0.7779,0.306348,0.002724,0.000334,0.183809
841400,0.7779,0.306348,0.002724,0.000334,0.183809
841500,0.7779,0.306348,0.002724,0.000334,0.183809
841600,0.7779,0.306348,0.002724,0.000334,0.183809
841700,0.7779,0.306348,0.002724,0.000334,0.183809
841800,0.7779,0.306348,0.002724,0.000334,0.183809
841900,0.7779,0.306348,0.002724,0.000334,0.183809
842000,0.7779,0.306348,0.002724,0.000334,0.183809
842100,0.7779,0.306348,0.002724,0.000334,0.183809
842200,0.7779,0.306348,0.002724,0.000334,0.183809
842300,0.7779,0.306348,0.002724,0.000334,0.183809
842400,0.7779,0.306348,0.002724,0.000334,0.183809
842500,0.7779,0.306348,0.002724,0.000334,0.183809
842600,0.7779,0.306348,0.002724,0.000334,0.183809
842700,0.7779,0.306348,0.002724,0.000334,0.183809
842800,0.7779,0.306348,0.002724,0.000334,0.183809
842900,0.7779,0.306348,0.002724,0.000334,0.183809
843000,0.7779,0.306348,0.002724,0.000334,0.183809
843100,0.7779,0.306348,0.002724,0.000334,0.183809
843200,0.7779,0.306348,0.002724,0.000334,0.184044
843300,0.7779,0.306348,0.002724,0.000334,0.184278
843400,0.7779,0.306348,0.002724,0.000334,0.183809
843500,0.7779,0.306348,0.002724,0.000334,0.183809
843600,0.7779,0.306348,0.002724,0.000334,0.183809
843700,0.7779,0.306348,0.002724,0.000334,0.183809
843800,0.7779,0.306348,0.002724,0.000334,0.183809
843900,0.7779,0.306348,0.002724,0.000334,0.183809
844000,0.7779,0.306348,0.002724,0.000334,0.183809
844100,0.7779,0.306348,0.002724,0.000334,0.183809
844200,0.7779,0.306348,0.002724,0.000334,0.184044
844300,0.7779,0.306348,0.002724,0.000334,0.183809
844400,0.7779,0.306348,0.002724,0.000334,0.183809
844500,0.7779,0.306348,0.002724,0.000334,0.183809
844600,0.7779,0.306348,0.002724,0.000334,0.183809
844700,0.7779,0.306348,0.002724,0.000334,0.183809
844800,0.7779,0.306348,0.002724,0.000334,0.183809
844900,0.7779,0.306348,0.002724,0.000334,0.183809
845000,0.7779,0.306348,0.002724,0.000334,0.183809
845100,0.7779,0.306348,0.002724,0.000334,0.183809
845200,0.7779,0.306348,0.002724,0.000334,0.183809
845300,0.7779,0.306348,0.002724,0.000334,0.183809
845400,0.7779,0.306348,0.002724,0.000334,0.183809
845500,0.7779,0.306348,0.002724,0.000334,0.183809
845600,0.7779,0.306348,0.002724,0.000334,0.183809
845700,0.7779,0.306348,0.002724,0.000334,0.183809
845800,0.7779,0.306348,0.002724,0.000334,0.184044
845900,0.7779,0.306348,0.002724,0.000334,0.183809
846000,0.7779,0.306348,0.002724,0.000334,0.183809
846100,0.7779,0.306348,0.002724,0.000334,0.183809
846200,0.7779,0.306348,0.002724,0.000334,0.183809
846300,0.7779,0.306348,0.002724,0.000334,0.183809
846400,0.7779,0.306348,0.002724,0.000334,0.183809
846500,0.7779,0.306348,0.002724,0.000334,0.183809
846600,0.7779,0.306348,0.002724,0.000334,0.183809
846700,0.7779,0.306348,0.002724,0.000334,0.183809
846800,0.7779,0.306348,0.002724,0.000334,0.183809
846900,0.7779,0.306348,0.002724,0.000334,0.183809
847000,0.7779,0.306348,0.002724,0.000334,0.183809
847100,0.7779,0.306348,0.002724,0.000334,0.183809
847200,0.7779,0.306348,0.002724,0.000334,0.183809
847300,0.7779,0.306348,0.002724,0.000334,0.183809
847400,0.7779,0.306348,0.002724,0.000334,0.183809
847500,0.7779,0.306348,0.002724,0.000334,0.183809
847600,0.7779,0.306348,0.002724,0.000334,0.183809
847700,0.7779,0.306348,0.002724,0.000334,0.183809
847800,0.7779,0.306348,0.002724,0.000334,0.184044
847900,0.7779,0.306348,0.002724,0.000334,0.183809
848000,0.7779,0.306348,0.002724,0.000334,0.183809
848100,0.7779,0.306348,0.002724,0.000334,0.183809
848200,0.7779,0.306348,0.002724,0.000334,0.183809
848300,0.7779,0.306348,0.002724,0.000334,0.183809
848400,0.7779,0.306348,0.002724,0.000334,0.183809
848500,0.7779,0.306348,0.002724,0.000334,0.183809
848600,0.7779,0.306348,0.002724,0.000334,0.184044
848700,0.7779,0.306348,0.002724,0.000334,0.185182
848800,0.7779,0.306348,0.002724,0.000334,0.183809
848900,0.7779,0.306348,0.002724,0.000334,0.183809
849000,0.7779,0.306348,0.002724,0.000334,0.183809
849100,0.7779,0.306348,0.002724,0.000334,0.183809
849200,0.7779,0.306348,0.002724,0.000334,0.184044
849300,0.7779,0.306348,0.002724,0.000334,0.183809
849400,0.7779,0.306348,0.002724,0.000334,0.183809
849500,0.7779,0.306348,0.002724,0.000334,0.183809
849600,0.7779,0.306348,0.002724,0.000334,0.183809
849700,0.7779,0.306348,0.002724,0.000334,0.183809
849800,0.7779,0.306348,0.002724,0.000334,0.183809
849900,0.7779,0.306348,0.002724,0.000334,0.183809
850000,0.7779,0.306348,0.002724,0.000334,0.183809
850100,0.7779,0.306348,0.002724,0.000334,0.184044
850200,0.7779,0.306348,0.002724,0.000334,0.183809
850300,0.7779,0.306348,0.002724,0.000334,0.183809
850400,0.7779,0.306348,0.002724,0.000334,0.183809
850500,0.7779,0.306348,0.002724,0.000334,0.183809
850600,0.7779,0.306348,0.002724,0.000334,0.183809
850700,0.7779,0.306348,0.002724,0.000334,0.183809
850800,0.7779,0.306348,0.002724,0.000334,0.183809
850900,0.7779,0.306348,0.002724,0.000334,0.183809
851000,0.7779,0.306348,0.002724,0.000334,0.183809
851100,0.7779,0.306348,0.002724,0.000334,0.183809
851200,0.7779,0.306348,0.002724,0.000334,0.183809
851300,0.7779,0.306348,0.002724,0.000334,0.183809
851400,0.7779,0.306348,0.002724,0.000334,0.183809
851500,0.7779,0.306348,0.002724,0.000334,0.183809
851600,0.7779,0.306348,0.002724,0.000334,0.183809
851700,0.7779,0.306348,0.002724,0.000334,0.183809
851800,0.7779,0.306348,0.002724,0.000334,0.183809
851900,0.7779,0.306348,0.002724,0.000334,0.183809
852000,0.7779,0.306348,0.002724,0.000334,0.183809
852100,0.7779,0.306348,0.002724,0.000334,0.183809
852200,0.7779,0.306348,0.002724,0.000334,0.183809
852300,0.7779,0.306348,0.002724,0.000334,0.183809
852400,0.7779,0.306348,0.002724,0.000334,0.183809
852500,0.7779,0.306348,0.002724,0.000334,0.183809
852600,0.7779,0.306348,0.002724,0.000334,0.184278
852700,0.7779,0.306348,0.002724,0.000334,0.183809
852800,0.7779,0.306348,0.002724,0.000334,0.183809
852900,0.7779,0.306348,0.002724,0.000334,0.183809
853000,0.7779,0.306348,0.002724,0.000334,0.183809
853100,0.7779,0.306348,0.002724,0.000334,0.183809
853200,0.7779,0.306348,0.002724,0.000334,0.183809
853300,0.7779,0.306348,0.002724,0.000334,0.183809
853400,0.7779,0.306348,0.002724,0.000334,0.184044
853500,0.7779,0.306348,0.002724,0.000334,0.183809
853600,0.7779,0.306348,0.002724,0.000334,0.183809
853700,0.7779,0.306348,0.002724,0.000334,0.184044
853800,0.7779,0.306348,0.002724,0.000334,0.183809
853900,0.7779,0.306348,0.002724,0.000334,0.183809
854000,0.7779,0.306348,0.002724,0.000334,0.183809
854100,0.7779,0.306348,0.002724,0.000334,0.183809
854200,0.7779,0.306348,0.002724,0.000334,0.183809
854300,0.7779,0.306348,0.002724,0.000334,0.183809
854400,0.7779,0.306348,0.002724,0.000334,0.183809
854500,0.7779,0.306348,0.002724,0.000334,0.183809
854600,0.7779,0.306348,0.002724,0.000334,0.184044
854700,0.7779,0.306348,0.002724,0.000334,0.183809
854800,0.7779,0.306348,0.002724,0.000334,0.183809
854900,0.7779,0.306348,0.002724,0.000334,0.183809
855000,0.7779,0.306348,0.002724,0.000334,0.183809
855100,0.7779,0.306348,0.002724,0.000334,0.183809
855200,0.7779,0.306348,0.002724,0.000334,0.183809
855300,0.7779,0.306348,0.002724,0.000334,0.183809
855400,0.7779,0.306348,0.002724,0.000334,0.183809
855500,0.7779,0.306348,0.002724,0.000334,0.183809
855600,0.7779,0.306348,0.002724,0.000334,0.183809
855700,0.7779,0.306348,0.002724,0.000334,0.183809
855800,0.7779,0.306348,0.002724,0.000334,0.183809
855900,0.7779,0.306348,0.002724,0.000334,0.183809
856000,0.7779,0.306348,0.002724,0.000334,0.183809
856100,0.7779,0.306348,0.002724,0.000334,0.183809
856200,0.7779,0.306348,0.002724,0.000334,0.183809
856300,0.7779,0.306348,0.002724,0.000334,0.183809
856400,0.7779,0.306348,0.002724,0.000334,0.183809
856500,0.7779,0.306348,0.002724,0.000334,0.183809
856600,0.7779,0.306348,0.002724,0.000334,0.184044
856700,0.7779,0.306348,0.002724,0.000334,0.183809
856800,0.7779,0.306348,0.002724,0.000334,0.183809
856900,0.7779,0.306348,0.002724,0.000334,0.183809
857000,0.7779,0.306348,0.002724,0.000334,0.183809
857100,0.7779,0.306348,0.002724,0.000334,0.183809
857200,0.7779,0.306348,0.002724,0.000334,0.183809
857300,0.7779,0.306348,0.002724,0.000334,0.183809
857400,0.7779,0.306348,0.002724,0.000334,0.183809
857500,0.7779,0.306348,0.002724,0.000334,0.183809
857600,0.7779,0.306348,0.002724,0.000334,0.183809
857700,0.7779,0.306348,0.002724,0.000334,0.183809
857800,0.7779,0.306348,0.002724,0.000334,0.183809
857900,0.7779,0.306348,0.002724,0.000334,0.184044
858000,0.7779,0.306348,0.002724,0.000334,0.184044
858100,0.7779,0.306348,0.002724,0.000334,0.183809
858200,0.7779,0.306348,0.002724,0.000334,0.183809
858300,0.7779,0.306348,0.002724,0.000334,0.183809
858400,0.7779,0.306348,0.002724,0.000334,0.183809
858500,0.7779,0.306348,0.002724,0.000334,0.183809
858600,0.7779,0.306348,0.002724,0.000334,0.184044
858700,0.7779,0.306348,0.002724,0.000334,0.183809
858800,0.7779,0.306348,0.002724,0.000334,0.183809
858900,0.7779,0.306348,0.002724,0.000334,0.184044
859000,0.7779,0.306348,0.002724,0.000334,0.183809
859100,0.7779,0.306348,0.002724,0.000334,0.183809
859200,0.7779,0.306348,0.002724,0.000334,0.183809
859300,0.7779,0.306348,0.002724,0.000334,0.183809
859400,0.7779,0.306348,0.002724,0.000334,0.183809
859500,0.7779,0.306348,0.002724,0.000334,0.183809
859600,0.7779,0.306348,0.002724,0.000334,0.183809
859700,0.7779,0.306348,0.002724,0.000334,0.183809
859800,0.7779,0.306348,0.002724,0.000334,0.183809
859900,0.7779,0.306348,0.002724,0.000334,0.183809
860000,0.7779,0.306348,0.002724,0.000334,0.183809
860100,0.7779,0.306348,0.002724,0.000334,0.183809
860200,0.7779,0.306348,0.002724,0.000334,0.183809
860300,0.7779,0.306348,0.002724,0.000334,0.183809
860400,0.7779,0.306348,0.002724,0.000334,0.184278
860500,0.7779,0.306348,0.002724,0.000334,0.183809
860600,0.7779,0.306348,0.002724,0.000334,0.183809
860700,0.7779,0.306348,0.002724,0.000334,0.183809
860800,0.7779,0.306348,0.002724,0.000334,0.183809
860900,0.7779,0.306348,0.002724,0.000334,0.183809
861000,0.7779,0.306348,0.002724,0.000334,0.183809
861100,0.7779,0.306348,0.002724,0.000334,0.183809
861200,0.7779,0.306348,0.002724,0.000334,0.183809
861300,0.7779,0.306348,0.002724,0.000334,0.183809
861400,0.7779,0.306348,0.002724,0.000334,0.183809
861500,0.7779,0.306348,0.002724,0.000334,0.183809
861600,0.7779,0.306348,0.002724,0.000334,0.183809
861700,0.7779,0.306348,0.002724,0.000334,0.183809
861800,0.7779,0.306348,0.002724,0.000334,0.183809
861900,0.7779,0.306348,0.002724,0.000334,0.184044
862000,0.7779,0.306348,0.002724,0.000334,0.183809
862100,0.7779,0.306348,0.002724,0.000334,0.183809
862200,0.7779,0.306348,0.002724,0.000334,0.183809
862300,0.7779,0.306348,0.002724,0.000334,0.183809
862400,0.7779,0.306348,0.002724,0.000334,0.183809
862500,0.7779,0.306348,0.002724,0.000334,0.183809
862600,0.7779,0.306348,0.002724,0.000334,0.183809
862700,0.7779,0.306348,0.002724,0.000334,0.183809
862800,0.7779,0.306348,0.002724,0.000334,0.183809
862900,0.7779,0.306348,0.002724,0.000334,0.183809
863000,0.7779,0.306348,0.002724,0.000334,0.183809
863100,0.7779,0.306348,0.002724,0.000334,0.183809
863200,0.7779,0.306348,0.002724,0.000334,0.183809
863300,0.7779,0.306348,0.002724,0.000334,0.183809
863400,0.7779,0.306348,0.002724,0.000334,0.183809
863500,0.7779,0.306348,0.002724,0.000334,0.184044
863600,0.7779,0.306348,0.002724,0.000334,0.183809
863700,0.7779,0.306348,0.002724,0.000334,0.184278
863800,0.7779,0.306348,0.002724,0.000334,0.183809
863900,0.7779,0.306348,0.002724,0.000334,0.183809
864000,0.7779,0.306348,0.002724,0.000334,0.183809
864100,0.7779,0.306348,0.002724,0.000334,0.183809
864200,0.7779,0.306348,0.002724,0.000334,0.183809
864300,0.7779,0.306348,0.002724,0.000334,0.183809
864400,0.7779,0.306348,0.002724,0.000334,0.184044
864500,0.7779,0.306348,0.002724,0.000334,0.183809
864600,0.7779,0.306348,0.002724,0.000334,0.183809
864700,0.7779,0.306348,0.002724,0.000334,0.183809
864800,0.7779,0.306348,0.002724,0.000334,0.183809
864900,0.7779,0.306348,0.002724,0.000334,0.183809
865000,0.7779,0.306348,0.002724,0.000334,0.183809
865100,0.7779,0.306348,0.002724,0.000334,0.183809
865200,0.7779,0.306348,0.002724,0.000334,0.183809
865300,0.7779,0.306348,0.002724,0.000334,0.184044
865400,0.7779,0.306348,0.002724,0.000334,0.183809
865500,0.7779,0.306348,0.002724,0.000334,0.183809
865600,0.7779,0.306348,0.002724,0.000334,0.183809
865700,0.7779,0.306348,0.002724,0.000334,0.183809
865800,0.7779,0.306348,0.002724,0.000334,0.183809
865900,0.7779,0.306348,0.002724,0.000334,0.183809
866000,0.7779,0.306348,0.002724,0.000334,0.183809
866100,0.7779,0.306348,0.002724,0.000334,0.183809
866200,0.7779,0.306348,0.002724,0.000334,0.183809
866300,0.7779,0.306348,0.002724,0.000334,0.183809
866400,0.7779,0.306348,0.002724,0.000334,0.183809
866500,0.7779,0.306348,0.002724,0.000334,0.183809
866600,0.7779,0.306348,0.002724,0.000334,0.183809
866700,0.7779,0.306348,0.002724,0.000334,0.183809
866800,0.7779,0.306348,0.002724,0.000334,0.183809
866900,0.7779,0.306348,0.002724,0.000334,0.183809
867000,0.7779,0.306348,0.002724,0.000334,0.183809
867100,0.7779,0.306348,0.002724,0.000334,0.183809
867200,0.7779,0.306348,0.002724,0.000334,0.183809
867300,0.7779,0.306348,0.002724,0.000334,0.183809
867400,0.7779,0.306348,0.002724,0.000334,0.183809
867500,0.7779,0.306348,0.002724,0.000334,0.183809
867600,0.7779,0.306348,0.002724,0.000334,0.183809
867700,0.7779,0.306348,0.002724,0.000334,0.183809
867800,0.7779,0.306348,0.002724,0.000334,0.184278
867900,0.7779,0.306348,0.002724,0.000334,0.184044
868000,0.7779,0.306348,0.002724,0.000334,0.183809
868100,0.7779,0.306348,0.002724,0.000334,0.183809
868200,0.7779,0.306348,0.002724,0.000334,0.183809
868300,0.7779,0.306348,0.002724,0.000334,0.183809
868400,0.7779,0.306348,0.002724,0.000334,0.183809
868500,0.7779,0.306348,0.002724,0.000334,0.183809
868600,0.7779,0.306348,0.002724,0.000334,0.183809
868700,0.7779,0.306348,0.002724,0.000334,0.183809
868800,0.7779,0.306348,0.002724,0.000334,0.183809
868900,0.7779,0.306348,0.002724,0.000334,0.183809
869000,0.7779,0.306348,0.002724,0.000334,0.183809
869100,0.7779,0.306348,0.002724,0.000334,0.183809
869200,0.7779,0.306348,0.002724,0.000334,0.183809
869300,0.7779,0.306348,0.002724,0.000334,0.183809
869400,0.7779,0.306348,0.002724,0.000334,0.183809
869500,0.7779,0.306348,0.002724,0.000334,0.183809
869600,0.7779,0.306348,0.002724,0.000334,0.183809
869700,0.7779,0.306348,0.002724,0.000334,0.183809
869800,0.7779,0.306348,0.002724,0.000334,0.184044
869900,0.7779,0.306348,0.002724,0.000334,0.183809
870000,0.7779,0.306348,0.002724,0.000334,0.183809
870100,0.7779,0.306348,0.002724,0.000334,0.183809
870200,0.7779,0.306348,0.002724,0.000334,0.183809
870300,0.7779,0.306348,0.002724,0.000334,0.183809
870400,0.7779,0.306348,0.002724,0.000334,0.183809
870500,0.7779,0.306348,0.002724,0.000334,0.183809
870600,0.7779,0.306348,0.002724,0.000334,0.183809
870700,0.7779,0.306348,0.002724,0.000334,0.183809
870800,0.7779,0.306348,0.002724,0.000334,0.185182
870900,0.7779,0.306348,0.002724,0.000334,0.183809
871000,0.7779,0.306348,0.002724,0.000334,0.183809
871100,0.7779,0.306348,0.002724,0.000334,0.183809
871200,0.7779,0.306348,0.002724,0.000334,0.183809
871300,0.7779,0.306348,0.002724,0.000334,0.183809
871400,0.7779,0.306348,0.002724,0.000334,0.183809
871500,0.7779,0.306348,0.002724,0.000334,0.183809
871600,0.7779,0.306348,0.002724,0.000334,0.183809
871700,0.7779,0.306348,0.002724,0.000334,0.183809
871800,0.7779,0.306348,0.002724,0.000334,0.184044
871900,0.7779,0.306348,0.002724,0.000334,0.183809
872000,0.7779,0.306348,0.002724,0.000334,0.183809
872100,0.7779,0.306348,0.002724,0.000334,0.183809
872200,0.7779,0.306348,0.002724,0.000334,0.183809
872300,0.7779,0.306348,0.002724,0.000334,0.183809
872400,0.7779,0.306348,0.002724,0.000334,0.183809
872500,0.7779,0.306348,0.002724,0.000334,0.183809
872600,0.7779,0.306348,0.002724,0.000334,0.183809
872700,0.7779,0.306348,0.002724,0.000334,0.183809
872800,0.7779,0.306348,0.002724,0.000334,0.183809
872900,0.7779,0.306348,0.002724,0.000334,0.183809
873000,0.7779,0.306348,0.002724,0.000334,0.184044
873100,0.7779,0.306348,0.002724,0.000334,0.183809
873200,0.7779,0.306348,0.002724,0.000334,0.184044
873300,0.7779,0.306348,0.002724,0.000334,0.183809
873400,0.7779,0.306348,0.002724,0.000334,0.183809
873500,0.7779,0.306348,0.002724,0.000334,0.183809
873600,0.7779,0.306348,0.002724,0.000334,0.183809
873700,0.7779,0.306348,0.002724,0.000334,0.183809
873800,0.7779,0.306348,0.002724,0.000334,0.183809
873900,0.7779,0.306348,0.002724,0.000334,0.183809
874000,0.7779,0.306348,0.002724,0.000334,0.183809
874100,0.7779,0.306348,0.002724,0.000334,0.184044
874200,0.7779,0.306348,0.002724,0.000334,0.183809
874300,0.7779,0.306348,0.002724,0.000334,0.183809
874400,0.7779,0.306348,0.002724,0.000334,0.183809
874500,0.7779,0.306348,0.002724,0.000334,0.183809
874600,0.7779,0.306348,0.002724,0.000334,0.183809
874700,0.7779,0.306348,0.002724,0.000334,0.183809
874800,0.7779,0.306348,0.002724,0.000334,0.183809
874900,0.7779,0.306348,0.002724,0.000334,0.183809
875000,0.7779,0.306348,0.002724,0.000334,0.183809
875100,0.7779,0.306348,0.002724,0.000334,0.183809
875200,0.7779,0.306348,0.002724,0.000334,0.183809
875300,0.7779,0.306348,0.002724,0.000334,0.183809
875400,0.7779,0.306348,0.002724,0.000334,0.183809
875500,0.7779,0.306348,0.002724,0.000334,0.183809
875600,0.7779,0.306348,0.002724,0.000334,0.183809
875700,0.7779,0.306348,0.002724,0.000334,0.183809
875800,0.7779,0.306348,0.002724,0.000334,0.183809
875900,0.7779,0.306348,0.002724,0.000334,0.183809
876000,0.7779,0.306348,0.002724,0.000334,0.183809
876100,0.7779,0.306348,0.002724,0.000334,0.183809
876200,0.7779,0.306348,0.002724,0.000334,0.183809
876300,0.7779,0.306348,0.002724,0.000334,0.183809
876400,0.7779,0.306348,0.002724,0.000334,0.183809
876500,0.7779,0.306348,0.002724,0.000334,0.183809
876600,0.7779,0.306348,0.002724,0.000334,0.184278
876700,0.7779,0.306348,0.002724,0.000334,0.183809
876800,0.7779,0.306348,0.002724,0.000334,0.183809
876900,0.7779,0.306348,0.002724,0.000334,0.184044
877000,0.7779,0.306348,0.002724,0.000334,0.183809
877100,0.7779,0.306348,0.002724,0.000334,0.183809
877200,0.7779,0.306348,0.002724,0.000334,0.183809
877300,0.7779,0.306348,0.002724,0.000334,0.183809
877400,0.7779,0.306348,0.002724,0.000334,0.183809
877500,0.7779,0.306348,0.002724,0.000334,0.184044
877600,0.7779,0.306348,0.002724,0.000334,0.183809
877700,0.7779,0.306348,0.002724,0.000334,0.183809
877800,0.7779,0.306348,0.002724,0.000334,0.183809
877900,0.7779,0.306348,0.002724,0.000334,0.183809
878000,0.7779,0.306348,0.002724,0.000334,0.183809
878100,0.7779,0.306348,0.002724,0.000334,0.184044
878200,0.7779,0.306348,0.002724,0.000334,0.183809
878300,0.7779,0.306348,0.002724,0.000334,0.183809
878400,0.7779,0.306348,0.002724,0.000334,0.183809
878500,0.7779,0.306348,0.002724,0.000334,0.183809
878600,0.7779,0.306348,0.002724,0.000334,0.183809
878700,0.7779,0.306348,0.002724,0.000334,0.183809
878800,0.7779,0.306348,0.002724,0.000334,0.183809
878900,0.7779,0.306348,0.002724,0.000334,0.183809
879000,0.7779,0.306348,0.002724,0.000334,0.183809
879100,0.7779,0.306348,0.002724,0.000334,0.183809
879200,0.7779,0.306348,0.002724,0.000334,0.183809
879300,0.7779,0.306348,0.002724,0.000334,0.183809
879400,0.7779,0.306348,0.002724,0.000334,0.183809
879500,0.7779,0.306348,0.002724,0.000334,0.183809
879600,0.7779,0.306348,0.002724,0.000334,0.183809
879700,0.7779,0.306348,0.002724,0.000334,0.183809
879800,0.7779,0.306348,0.002724,0.000334,0.183809
879900,0.7779,0.306348,0.002724,0.000334,0.183809
880000,0.7779,0.306348,0.002724,0.000334,0.183809
880100,0.7779,0.306348,0.002724,0.000334,0.183809
880200,0.7779,0.306348,0.002724,0.000334,0.183809
880300,0.7779,0.306348,0.002724,0.000334,0.183809
880400,0.7779,0.306348,0.002724,0.000334,0.183809
880500,0.7779,0.306348,0.002724,0.000334,0.184044
880600,0.7779,0.306348,0.002724,0.000334,0.184044
880700,0.7779,0.306348,0.002724,0.000334,0.183809
880800,0.7779,0.306348,0.002724,0.000334,0.183809
880900,0.7779,0.306348,0.002724,0.000334,0.183809
881000,0.7779,0.306348,0.002724,0.000334,0.183809
881100,0.7779,0.306348,0.002724,0.000334,0.183809
881200,0.7779,0.306348,0.002724,0.000334,0.183809
881300,0.7779,0.306348,0.002724,0.000334,0.183809
881400,0.7779,0.306348,0.002724,0.000334,0.183809
881500,0.7779,0.306348,0.002724,0.000334,0.184044
881600,0.7779,0.306348,0.002724,0.000334,0.183809
881700,0.7779,0.306348,0.002724,0.000334,0.183809
881800,0.7779,0.306348,0.002724,0.000334,0.183809
881900,0.7779,0.306348,0.002724,0.000334,0.183809
882000,0.7779,0.306348,0.002724,0.000334,0.184044
882100,0.7779,0.306348,0.002724,0.000334,0.183809
882200,0.7779,0.306348,0.002724,0.000334,0.183809
882300,0.7779,0.306348,0.002724,0.000334,0.183809
882400,0.7779,0.306348,0.002724,0.000334,0.183809
882500,0.7779,0.306348,0.002724,0.000334,0.183809
882600,0.7779,0.306348,0.002724,0.000334,0.183809
882700,0.7779,0.306348,0.002724,0.000334,0.183809
882800,0.7779,0.306348,0.002724,0.000334,0.183809
882900,0.7779,0.306348,0.002724,0.000334,0.183809
883000,0.7779,0.306348,0.002724,0.000334,0.183809
883100,0.7779,0.306348,0.002724,0.000334,0.183809
883200,0.7779,0.306348,0.002724,0.000334,0.183809
883300,0.7779,0.306348,0.002724,0.000334,0.183809
883400,0.7779,0.306348,0.002724,0.000334,0.184044
883500,0.7779,0.306348,0.002724,0.000334,0.183809
883600,0.7779,0.306348,0.002724,0.000334,0.183809
883700,0.7779,0.306348,0.002724,0.000334,0.183809
883800,0.7779,0.306348,0.002724,0.000334,0.183809
883900,0.7779,0.306348,0.002724,0.000334,0.183809
884000,0.7779,0.306348,0.002724,0.000334,0.183809
884100,0.7779,0.306348,0.002724,0.000334,0.183809
884200,0.7779,0.306348,0.002724,0.000334,0.183809
884300,0.7779,0.306348,0.002724,0.000334,0.183809
884400,0.7779,0.306348,0.002724,0.000334,0.183809
884500,0.7779,0.306348,0.002724,0.000334,0.183809
884600,0.7779,0.306348,0.002724,0.000334,0.183809
884700,0.7779,0.306348,0.002724,0.000334,0.183809
884800,0.7779,0.306348,0.002724,0.000334,0.183809
884900,0.7779,0.306348,0.002724,0.000334,0.183809
885000,0.7779,0.306348,0.002724,0.000334,0.183809
885100,0.7779,0.306348,0.002724,0.000334,0.183809
885200,0.7779,0.306348,0.002724,0.000334,0.183809
885300,0.7779,0.306348,0.002724,0.000334,0.183809
885400,0.7779,0.306348,0.002724,0.000334,0.183809
885500,0.7779,0.306348,0.002724,0.000334,0.183809
885600,0.7779,0.306348,0.002724,0.000334,0.183809
885700,0.7779,0.306348,0.002724,0.000334,0.183809
885800,0.7779,0.306348,0.002724,0.000334,0.183809
885900,0.7779,0.306348,0.002724,0.000334,0.184513
886000,0.7779,0.306348,0.002724,0.000334,0.183809
886100,0.7779,0.306348,0.002724,0.000334,0.184044
886200,0.7779,0.306348,0.002724,0.000334,0.183809
886300,0.7779,0.306348,0.002724,0.000334,0.183809
886400,0.7779,0.306348,0.002724,0.000334,0.183809
886500,0.7779,0.306348,0.002724,0.000334,0.183809
886600,0.7779,0.306348,0.002724,0.000334,0.183809
886700,0.7779,0.306348,0.002724,0.000334,0.183809
886800,0.7779,0.306348,0.002724,0.000334,0.183809
886900,0.7779,0.306348,0.002724,0.000334,0.183809
887000,0.7779,0.306348,0.002724,0.000334,0.183809
887100,0.7779,0.306348,0.002724,0.000334,0.183809
887200,0.7779,0.306348,0.002724,0.000334,0.183809
887300,0.7779,0.306348,0.002724,0.000334,0.183809
887400,0.7779,0.306348,0.002724,0.000334,0.183809
887500,0.7779,0.306348,0.002724,0.000334,0.183809
887600,0.7779,0.306348,0.002724,0.000334,0.183809
887700,0.7779,0.306348,0.002724,0.000334,0.183809
887800,0.7779,0.306348,0.002724,0.000334,0.183809
887900,0.7779,0.306348,0.002724,0.000334,0.183809
888000,0.7779,0.306348,0.002724,0.000334,0.183809
888100,0.7779,0.306348,0.002724,0.000334,0.183809
888200,0.7779,0.306348,0.002724,0.000334,0.183809
888300,0.7779,0.306348,0.002724,0.000334,0.183809
888400,0.7779,0.306348,0.002724,0.000334,0.184044
888500,0.7779,0.306348,0.002724,0.000334,0.183809
888600,0.7779,0.306348,0.002724,0.000334,0.183809
888700,0.7779,0.306348,0.002724,0.000334,0.183809
888800,0.7779,0.306348,0.002724,0.000334,0.183809
888900,0.7779,0.306348,0.002724,0.000334,0.183809
889000,0.7779,0.306348,0.002724,0.000334,0.183809
889100,0.7779,0.306348,0.002724,0.000334,0.183809
889200,0.7779,0.306348,0.002724,0.000334,0.183809
889300,0.7779,0.306348,0.002724,0.000334,0.183809
889400,0.7779,0.306348,0.002724,0.000334,0.183809
889500,0.7779,0.306348,0.002724,0.000334,0.183809
889600,0.7779,0.306348,0.002724,0.000334,0.183809
889700,0.7779,0.306348,0.002724,0.000334,0.183809
889800,0.7779,0.306348,0.002724,0.000334,0.183809
889900,0.7779,0.306348,0.002724,0.000334,0.183809
890000,0.7779,0.306348,0.002724,0.000334,0.183809
890100,0.7779,0.306348,0.002724,0.000334,0.183809
890200,0.7779,0.306348,0.002724,0.000334,0.183809
890300,0.7779,0.306348,0.002724,0.000334,0.184044
890400,0.7779,0.306348,0.002724,0.000334,0.184044
890500,0.7779,0.306348,0.002724,0.000334,0.184044
890600,0.7779,0.306348,0.002724,0.000334,0.183809
890700,0.7779,0.306348,0.002724,0.000334,0.183809
890800,0.7779,0.306348,0.002724,0.000334,0.183809
890900,0.7779,0.306348,0.002724,0.000334,0.183809
891000,0.7779,0.306348,0.002724,0.000334,0.183809
891100,0.7779,0.306348,0.002724,0.000334,0.183809
891200,0.7779,0.306348,0.002724,0.000334,0.183809
891300,0.7779,0.306348,0.002724,0.000334,0.183809
891400,0.7779,0.306348,0.002724,0.000334,0.183809
891500,0.7779,0.306348,0.002724,0.000334,0.183809
891600,0.7779,0.306348,0.002724,0.000334,0.183809
891700,0.7779,0.306348,0.002724,0.000334,0.183809
891800,0.7779,0.306348,0.002724,0.000334,0.184044
891900,0.7779,0.306348,0.002724,0.000334,0.183809
892000,0.7779,0.306348,0.002724,0.000334,0.183809
892100,0.7779,0.306348,0.002724,0.000334,0.183809
892200,0.7779,0.306348,0.002724,0.000334,0.183809
892300,0.7779,0.306348,0.002724,0.000334,0.183809
892400,0.7779,0.306348,0.002724,0.000334,0.183809
892500,0.7779,0.306348,0.002724,0.000334,0.183809
892600,0.7779,0.306348,0.002724,0.000334,0.183809
892700,0.7779,0.306348,0.002724,0.000334,0.183809
892800,0.7779,0.306348,0.002724,0.000334,0.183809
892900,0.7779,0.306348,0.002724,0.000334,0.183809
893000,0.7779,0.306348,0.002724,0.000334,0.183809
893100,0.7779,0.306348,0.002724,0.000334,0.183809
893200,0.7779,0.306348,0.002724,0.000334,0.184044
893300,0.7779,0.306348,0.002724,0.000334,0.183809
893400,0.7779,0.306348,0.002724,0.000334,0.183809
893500,0.7779,0.306348,0.002724,0.000334,0.183809
893600,0.7779,0.306348,0.002724,0.000334,0.183809
893700,0.7779,0.306348,0.002724,0.000334,0.183809
893800,0.7779,0.306348,0.002724,0.000334,0.183809
893900,0.7779,0.306348,0.002724,0.000334,0.183809
894000,0.7779,0.306348,0.002724,0.000334,0.183809
894100,0.7779,0.306348,0.002724,0.000334,0.183809
894200,0.7779,0.306348,0.002724,0.000334,0.183809
894300,0.7779,0.306348,0.002724,0.000334,0.183809
894400,0.7779,0.306348,0.002724,0.000334,0.183809
894500,0.7779,0.306348,0.002724,0.000334,0.183809
894600,0.7779,0.306348,0.002724,0.000334,0.184044
894700,0.7779,0.306348,0.002724,0.000334,0.183809
894800,0.7779,0.306348,0.002724,0.000334,0.183809
894900,0.7779,0.306348,0.002724,0.000334,0.183809
895000,0.7779,0.306348,0.002724,0.000334,0.183809
895100,0.7779,0.306348,0.002724,0.000334,0.183809
895200,0.7779,0.306348,0.002724,0.000334,0.184278
895300,0.7779,0.306348,0.002724,0.000334,0.183809
895400,0.7779,0.306348,0.002724,0.000334,0.183809
895500,0.7779,0.306348,0.002724,0.000334,0.183809
895600,0.7779,0.306348,0.002724,0.000334,0.184044
895700,0.7779,0.306348,0.002724,0.000334,0.183809
895800,0.7779,0.306348,0.002724,0.000334,0.183809
895900,0.7779,0.306348,0.002724,0.000334,0.183809
896000,0.7779,0.306348,0.002724,0.000334,0.183809
896100,0.7779,0.306348,0.002724,0.000334,0.183809
896200,0.7779,0.306348,0.002724,0.000334,0.183809
896300,0.7779,0.306348,0.002724,0.000334,0.183809
896400,0.7779,0.306348,0.002724,0.000334,0.183809
896500,0.7779,0.306348,0.002724,0.000334,0.183809
896600,0.7779,0.306348,0.002724,0.000334,0.183809
896700,0.7779,0.306348,0.002724,0.000334,0.183809
896800,0.7779,0.306348,0.002724,0.000334,0.183809
896900,0.7779,0.306348,0.002724,0.000334,0.183809
897000,0.7779,0.306348,0.002724,0.000334,0.183809
897100,0.7779,0.306348,0.002724,0.000334,0.183809
897200,0.7779,0.306348,0.002724,0.000334,0.184044
897300,0.7779,0.306348,0.002724,0.000334,0.183809
897400,0.7779,0.306348,0.002724,0.000334,0.183809
897500,0.7779,0.306348,0.002724,0.000334,0.183809
897600,0.7779,0.306348,0.002724,0.000334,0.183809
897700,0.7779,0.306348,0.002724,0.000334,0.183809
897800,0.7779,0.306348,0.002724,0.000334,0.183809
897900,0.7779,0.306348,0.002724,0.000334,0.183809
898000,0.7779,0.306348,0.002724,0.000334,0.183809
898100,0.7779,0.306348,0.002724,0.000334,0.183809
898200,0.7779,0.306348,0.002724,0.000334,0.183809
898300,0.7779,0.306348,0.002724,0.000334,0.183809
898400,0.7779,0.306348,0.002724,0.000334,0.183809
898500,0.7779,0.306348,0.002724,0.000334,0.183809
898600,0.7779,0.306348,0.002724,0.000334,0.183809
898700,0.7779,0.306348,0.002724,0.000334,0.183809
898800,0.7779,0.306348,0.002724,0.000334,0.183809
898900,0.7779,0.306348,0.002724,0.000334,0.183809
899000,0.7779,0.306348,0.002724,0.000334,0.183809
899100,0.7779,0.306348,0.002724,0.000334,0.183809
899200,0.7779,0.306348,0.002724,0.000334,0.184044
899300,0.7779,0.306348,0.002724,0.000334,0.183809
899400,0.7779,0.306348,0.002724,0.000334,0.183809
899500,0.7779,0.306348,0.002724,0.000334,0.183809
899600,0.7779,0.306348,0.002724,0.000334,0.183809
899700,0.7779,0.306348,0.002724,0.000334,0.184044
899800,0.7779,0.306348,0.002724,0.000334,0.183809
899900,0.7779,0.306348,0.002724,0.000334,0.183809
900000,0.7779,0.306348,0.002724,0.000334,0.183809
900100,0.7779,0.306348,0.002724,0.000334,0.183809
900200,0.7779,0.306348,0.002724,0.000334,0.183809
900300,0.7779,0.306348,0.002724,0.000334,0.183809
900400,0.7779,0.306348,0.002724,0.000334,0.183809
900500,0.7779,0.306348,0.002724,0.000334,0.183809
900600,0.7779,0.306348,0.002724,0.000334,0.184044
900700,0.7779,0.306348,0.002724,0.000334,0.183809
900800,0.7779,0.306348,0.002724,0.000334,0.183809
900900,0.7779,0.306348,0.002724,0.000334,0.183809
901000,0.7779,0.306348,0.002724,0.000334,0.183809
901100,0.7779,0.306348,0.002724,0.000334,0.184044
901200,0.7779,0.306348,0.002724,0.000334,0.183809
901300,0.7779,0.306348,0.002724,0.000334,0.183809
901400,0.7779,0.306348,0.002724,0.000334,0.183809
901500,0.7779,0.306348,0.002724,0.000334,0.183809
901600,0.7779,0.306348,0.002724,0.000334,0.183809
901700,0.7779,0.306348,0.002724,0.000334,0.183809
901800,0.7779,0.306348,0.002724,0.000334,0.183809
901900,0.7779,0.306348,0.002724,0.000334,0.183809
902000,0.7779,0.306348,0.002724,0.000334,0.183809
902100,0.7779,0.306348,0.002724,0.000334,0.183809
902200,0.7779,0.306348,0.002724,0.000334,0.183809
902300,0.7779,0.306348,0.002724,0.000334,0.183809
902400,0.7779,0.306348,0.002724,0.000334,0.183809
902500,0.7779,0.306348,0.002724,0.000334,0.184044
902600,0.7779,0.306348,0.002724,0.000334,0.183809
902700,0.7779,0.306348,0.002724,0.000334,0.183809
902800,0.7779,0.306348,0.002724,0.000334,0.183809
902900,0.7779,0.306348,0.002724,0.000334,0.183809
903000,0.7779,0.306348,0.002724,0.000334,0.183809
903100,0.7779,0.306348,0.002724,0.000334,0.183809
903200,0.7779,0.306348,0.002724,0.000334,0.183809
903300,0.7779,0.306348,0.002724,0.000334,0.183809
903400,0.7779,0.306348,0.002724,0.000334,0.183809
903500,0.7779,0.306348,0.002724,0.000334,0.183809
903600,0.7779,0.306348,0.002724,0.000334,0.183809
903700,0.7779,0.306348,0.002724,0.000334,0.183809
903800,0.7779,0.306348,0.002724,0.000334,0.183809
903900,0.7779,0.306348,0.002724,0.000334,0.183809
904000,0.7779,0.306348,0.002724,0.000334,0.183809
904100,0.7779,0.306348,0.002724,0.000334,0.183809
904200,0.7779,0.306348,0.002724,0.000334,0.183809
904300,0.7779,0.306348,0.002724,0.000334,0.184044
904400,0.7779,0.306348,0.002724,0.000334,0.183809
904500,0.7779,0.306348,0.002724,0.000334,0.183809
904600,0.7779,0.306348,0.002724,0.000334,0.184278
904700,0.7779,0.306348,0.002724,0.000334,0.183809
904800,0.7779,0.306348,0.002724,0.000334,0.183809
904900,0.7779,0.306348,0.002724,0.000334,0.183809
905000,0.7779,0.306348,0.002724,0.000334,0.183809
905100,0.7779,0.306348,0.002724,0.000334,0.183809
905200,0.7779,0.306348,0.002724,0.000334,0.183809
905300,0.7779,0.306348,0.002724,0.000334,0.183809
905400,0.7779,0.306348,0.002724,0.000334,0.183809
905500,0.7779,0.306348,0.002724,0.000334,0.184044
905600,0.7779,0.306348,0.002724,0.000334,0.183809
905700,0.7779,0.306348,0.002724,0.000334,0.183809
905800,0.7779,0.306348,0.002724,0.000334,0.183809
905900,0.7779,0.306348,0.002724,0.000334,0.183809
906000,0.7779,0.306348,0.002724,0.000334,0.183809
906100,0.7779,0.306348,0.002724,0.000334,0.183809
906200,0.7779,0.306348,0.002724,0.000334,0.183809
906300,0.7779,0.306348,0.002724,0.000334,0.183809
906400,0.7779,0.306348,0.002724,0.000334,0.183809
906500,0.7779,0.306348,0.002724,0.000334,0.183809
906600,0.7779,0.306348,0.002724,0.000334,0.184044
906700,0.7779,0.306348,0.002724,0.000334,0.183809
906800,0.7779,0.306348,0.002724,0.000334,0.183809
906900,0.7779,0.306348,0.002724,0.000334,0.183809
907000,0.7779,0.306348,0.002724,0.000334,0.183809
907100,0.7779,0.306348,0.002724,0.000334,0.183809
907200,0.7779,0.306348,0.002724,0.000334,0.183809
907300,0.7779,0.306348,0.002724,0.000334,0.183809
907400,0.7779,0.306348,0.002724,0.000334,0.183809
907500,0.7779,0.306348,0.002724,0.000334,0.183809
907600,0.7779,0.306348,0.002724,0.000334,0.183809
907700,0.7779,0.306348,0.002724,0.000334,0.183809
907800,0.7779,0.306348,0.002724,0.000334,0.183809
907900,0.7779,0.306348,0.002724,0.000334,0.183809
908000,0.7779,0.306348,0.002724,0.000334,0.183809
908100,0.7779,0.306348,0.002724,0.000334,0.183809
908200,0.7779,0.306348,0.002724,0.000334,0.183809
908300,0.7779,0.306348,0.002724,0.000334,0.183809
908400,0.7779,0.306348,0.002724,0.000334,0.183809
908500,0.7779,0.306348,0.002724,0.000334,0.183809
908600,0.7779,0.306348,0.002724,0.000334,0.184044
908700,0.7779,0.306348,0.002724,0.000334,0.183809
908800,0.7779,0.306348,0.002724,0.000334,0.183809
908900,0.7779,0.306348,0.002724,0.000334,0.183809
909000,0.7779,0.306348,0.002724,0.000334,0.183809
909100,0.7779,0.306348,0.002724,0.000334,0.183809
909200,0.7779,0.306348,0.002724,0.000334,0.183809
909300,0.7779,0.306348,0.002724,0.000334,0.183809
909400,0.7779,0.306348,0.002724,0.000334,0.183809
909500,0.7779,0.306348,0.002724,0.000334,0.184044
909600,0.7779,0.306348,0.002724,0.000334,0.183809
909700,0.7779,0.306348,0.002724,0.000334,0.183809
909800,0.7779,0.306348,0.002724,0.000334,0.183809
909900,0.7779,0.306348,0.002724,0.000334,0.185182
910000,0.7779,0.306348,0.002724,0.000334,0.183809
910100,0.7779,0.306348,0.002724,0.000334,0.183809
910200,0.7779,0.306348,0.002724,0.000334,0.183809
910300,0.7779,0.306348,0.002724,0.000334,0.184044
910400,0.7779,0.306348,0.002724,0.000334,0.183809
910500,0.7779,0.306348,0.002724,0.000334,0.183809
910600,0.7779,0.306348,0.002724,0.000334,0.183809
910700,0.7779,0.306348,0.002724,0.000334,0.183809
910800,0.7779,0.306348,0.002724,0.000334,0.183809
910900,0.7779,0.306348,0.002724,0.000334,0.184044
911000,0.7779,0.306348,0.002724,0.000334,0.183809
911100,0.7779,0.306348,0.002724,0.000334,0.183809
911200,0.7779,0.306348,0.002724,0.000334,0.183809
911300,0.7779,0.306348,0.002724,0.000334,0.183809
911400,0.7779,0.306348,0.002724,0.000334,0.183809
911500,0.7779,0.306348,0.002724,0.000334,0.183809
911600,0.7779,0.306348,0.002724,0.000334,0.183809
911700,0.7779,0.306348,0.002724,0.000334,0.183809
911800,0.7779,0.306348,0.002724,0.000334,0.183809
911900,0.7779,0.306348,0.002724,0.000334,0.183809
912000,0.7779,0.306348,0.002724,0.000334,0.183809
912100,0.7779,0.306348,0.002724,0.000334,0.183809
912200,0.7779,0.306348,0.002724,0.000334,0.183809
912300,0.7779,0.306348,0.002724,0.000334,0.183809
912400,0.7779,0.306348,0.002724,0.000334,0.184278
912500,0.7779,0.306348,0.002724,0.000334,0.183809
912600,0.7779,0.306348,0.002724,0.000334,0.183809
912700,0.7779,0.306348,0.002724,0.000334,0.183809
912800,0.7779,0.306348,0.002724,0.000334,0.183809
912900,0.7779,0.306348,0.002724,0.000334,0.183809
913000,0.7779,0.306348,0.002724,0.000334,0.183809
913100,0.7779,0.306348,0.002724,0.000334,0.183809
913200,0.7779,0.306348,0.002724,0.000334,0.183809
913300,0.7779,0.306348,0.002724,0.000334,0.183809
913400,0.7779,0.306348,0.002724,0.000334,0.183809
913500,0.7779,0.306348,0.002724,0.000334,0.183809
913600,0.7779,0.306348,0.002724,0.000334,0.183809
913700,0.7779,0.306348,0.002724,0.000334,0.183809
913800,0.7779,0.306348,0.002724,0.000334,0.183809
913900,0.7779,0.306348,0.002724,0.000334,0.183809
914000,0.7779,0.306348,0.002724,0.000334,0.183809
914100,0.7779,0.306348,0.002724,0.000334,0.183809
914200,0.7779,0.306348,0.002724,0.000334,0.183809
914300,0.7779,0.306348,0.002724,0.000334,0.183809
914400,0.7779,0.306348,0.002724,0.000334,0.184044
914500,0.7779,0.306348,0.002724,0.000334,0.183809
914600,0.7779,0.306348,0.002724,0.000334,0.183809
914700,0.7779,0.306348,0.002724,0.000334,0.183809
914800,0.7779,0.306348,0.002724,0.000334,0.183809
914900,0.7779,0.306348,0.002724,0.000334,0.183809
915000,0.7779,0.306348,0.002724,0.000334,0.184044
915100,0.7779,0.306348,0.002724,0.000334,0.184044
915200,0.7779,0.306348,0.002724,0.000334,0.183809
915300,0.7779,0.306348,0.002724,0.000334,0.183809
915400,0.7779,0.306348,0.002724,0.000334,0.183809
915500,0.7779,0.306348,0.002724,0.000334,0.183809
915600,0.7779,0.306348,0.002724,0.000334,0.183809
915700,0.7779,0.306348,0.002724,0.000334,0.183809
915800,0.7779,0.306348,0.002724,0.000334,0.183809
915900,0.7779,0.306348,0.002724,0.000334,0.184044
916000,0.7779,0.306348,0.002724,0.000334,0.183809
916100,0.7779,0.306348,0.002724,0.000334,0.183809
916200,0.7779,0.306348,0.002724,0.000334,0.183809
916300,0.7779,0.306348,0.002724,0.000334,0.183809
916400,0.7779,0.306348,0.002724,0.000334,0.183809
916500,0.7779,0.306348,0.002724,0.000334,0.183809
916600,0.7779,0.306348,0.002724,0.000334,0.183809
916700,0.7779,0.306348,0.002724,0.000334,0.183809
916800,0.7779,0.306348,0.002724,0.000334,0.183809
916900,0.7779,0.306348,0.002724,0.000334,0.183809
917000,0.7779,0.306348,0.002724,0.000334,0.183809
917100,0.7779,0.306348,0.002724,0.000334,0.183809
917200,0.7779,0.306348,0.002724,0.000334,0.183809
917300,0.7779,0.306348,0.002724,0.000334,0.184044
917400,0.7779,0.306348,0.002724,0.000334,0.183809
917500,0.7779,0.306348,0.002724,0.000334,0.183809
917600,0.7779,0.306348,0.002724,0.000334,0.183809
917700,0.7779,0.306348,0.002724,0.000334,0.183809
917800,0.7779,0.306348,0.002724,0.000334,0.183809
917900,0.7779,0.306348,0.002724,0.000334,0.183809
918000,0.7779,0.306348,0.002724,0.000334,0.183809
918100,0.7779,0.306348,0.002724,0.000334,0.183809
918200,0.7779,0.306348,0.002724,0.000334,0.184044
918300,0.7779,0.306348,0.002724,0.000334,0.183809
918400,0.7779,0.306348,0.002724,0.000334,0.183809
918500,0.7779,0.306348,0.002724,0.000334,0.183809
918600,0.7779,0.306348,0.002724,0.000334,0.183809
918700,0.7779,0.306348,0.002724,0.000334,0.183809
918800,0.7779,0.306348,0.002724,0.000334,0.183809
918900,0.7779,0.306348,0.002724,0.000334,0.184044
919000,0.7779,0.306348,0.002724,0.000334,0.183809
919100,0.7779,0.306348,0.002724,0.000334,0.183809
919200,0.7779,0.306348,0.002724,0.000334,0.183809
919300,0.7779,0.306348,0.002724,0.000334,0.183809
919400,0.7779,0.306348,0.002724,0.000334,0.183809
919500,0.7779,0.306348,0.002724,0.000334,0.183809
919600,0.7779,0.306348,0.002724,0.000334,0.184044
919700,0.7779,0.306348,0.002724,0.000334,0.183809
919800,0.7779,0.306348,0.002724,0.000334,0.183809
919900,0.7779,0.306348,0.002724,0.000334,0.183809
920000,0.7779,0.306348,0.002724,0.000334,0.183809
920100,0.7779,0.306348,0.002724,0.000334,0.183809
920200,0.7779,0.306348,0.002724,0.000334,0.184278
920300,0.7779,0.306348,0.002724,0.000334,0.183809
920400,0.7779,0.306348,0.002724,0.000334,0.183809
920500,0.7779,0.306348,0.002724,0.000334,0.183809
920600,0.7779,0.306348,0.002724,0.000334,0.183809
920700,0.7779,0.306348,0.002724,0.000334,0.183809
920800,0.7779,0.306348,0.002724,0.000334,0.183809
920900,0.7779,0.306348,0.002724,0.000334,0.183809
921000,0.7779,0.306348,0.002724,0.000334,0.183809
921100,0.7779,0.306348,0.002724,0.000334,0.183809
921200,0.7779,0.306348,0.002724,0.000334,0.183809
921300,0.7779,0.306348,0.002724,0.000334,0.183809
921400,0.7779,0.306348,0.002724,0.000334,0.183809
921500,0.7779,0.306348,0.002724,0.000334,0.183809
921600,0.7779,0.306348,0.002724,0.000334,0.183809
921700,0.7779,0.306348,0.002724,0.000334,0.184044
921800,0.7779,0.306348,0.002724,0.000334,0.183809
921900,0.7779,0.306348,0.002724,0.000334,0.183809
922000,0.7779,0.306348,0.002724,0.000334,0.183809
922100,0.7779,0.306348,0.002724,0.000334,0.183809
922200,0.7779,0.306348,0.002724,0.000334,0.183809
922300,0.7779,0.306348,0.002724,0.000334,0.183809
922400,0.7779,0.306348,0.002724,0.000334,0.183809
922500,0.7779,0.306348,0.002724,0.000334,0.183809
922600,0.7779,0.306348,0.002724,0.000334,0.183809
922700,0.7779,0.306348,0.002724,0.000334,0.183809
922800,0.7779,0.306348,0.002724,0.000334,0.183809
922900,0.7779,0.306348,0.002724,0.000334,0.183809
923000,0.7779,0.306348,0.002724,0.000334,0.183809
923100,0.7779,0.306348,0.002724,0.000334,0.183809
923200,0.7779,0.306348,0.002724,0.000334,0.183809
923300,0.7779,0.306348,0.002724,0.000334,0.183809
923400,0.7779,0.306348,0.002724,0.000334,0.183809
923500,0.7779,0.306348,0.002724,0.000334,0.183809
923600,0.7779,0.306348,0.002724,0.000334,0.183809
923700,0.7779,0.306348,0.002724,0.000334,0.183809
923800,0.7779,0.306348,0.002724,0.000334,0.184278
923900,0.7779,0.306348,0.002724,0.000334,0.183809
924000,0.7779,0.306348,0.002724,0.000334,0.183809
924100,0.7779,0.306348,0.002724,0.000334,0.183809
924200,0.7779,0.306348,0.002724,0.000334,0.184044
924300,0.7779,0.306348,0.002724,0.000334,0.183809
924400,0.7779,0.306348,0.002724,0.000334,0.183809
924500,0.7779,0.306348,0.002724,0.000334,0.183809
924600,0.7779,0.306348,0.002724,0.000334,0.183809
924700,0.7779,0.306348,0.002724,0.000334,0.183809
924800,0.7779,0.306348,0.002724,0.000334,0.183809
924900,0.7779,0.306348,0.002724,0.000334,0.183809
925000,0.7779,0.306348,0.002724,0.000334,0.183809
925100,0.7779,0.306348,0.002724,0.000334,0.183809
925200,0.7779,0.306348,0.002724,0.000334,0.184044
925300,0.7779,0.306348,0.002724,0.000334,0.183809
925400,0.7779,0.306348,0.002724,0.000334,0.183809
925500,0.7779,0.306348,0.002724,0.000334,0.183809
925600,0.7779,0.306348,0.002724,0.000334,0.183809
925700,0.7779,0.306348,0.002724,0.000334,0.183809
925800,0.7779,0.306348,0.002724,0.000334,0.183809
925900,0.7779,0.306348,0.002724,0.000334,0.183809
926000,0.7779,0.306348,0.002724,0.000334,0.183809
926100,0.7779,0.306348,0.002724,0.000334,0.184044
926200,0.7779,0.306348,0.002724,0.000334,0.183809
926300,0.7779,0.306348,0.002724,0.000334,0.183809
926400,0.7779,0.306348,0.002724,0.000334,0.183809
926500,0.7779,0.306348,0.002724,0.000334,0.183809
926600,0.7779,0.306348,0.002724,0.000334,0.183809
926700,0.7779,0.306348,0.002724,0.000334,0.183809
926800,0.7779,0.306348,0.002724,0.000334,0.183809
926900,0.7779,0.306348,0.002724,0.000334,0.183809
927000,0.7779,0.306348,0.002724,0.000334,0.183809
927100,0.7779,0.306348,0.002724,0.000334,0.183809
927200,0.7779,0.306348,0.002724,0.000334,0.183809
927300,0.7779,0.306348,0.002724,0.000334,0.183809
927400,0.7779,0.306348,0.002724,0.000334,0.183809
927500,0.7779,0.306348,0.002724,0.000334,0.183809
927600,0.7779,0.306348,0.002724,0.000334,0.183809
927700,0.7779,0.306348,0.002724,0.000334,0.183809
927800,0.7779,0.306348,0.002724,0.000334,0.184044
927900,0.7779,0.306348,0.002724,0.000334,0.183809
928000,0.7779,0.306348,0.002724,0.000334,0.183809
928100,0.7779,0.306348,0.002724,0.000334,0.183809
928200,0.7779,0.306348,0.002724,0.000334,0.183809
928300,0.7779,0.306348,0.002724,0.000334,0.183809
928400,0.7779,0.306348,0.002724,0.000334,0.183809
928500,0.7779,0.306348,0.002724,0.000334,0.183809
928600,0.7779,0.306348,0.002724,0.000334,0.184044
928700,0.7779,0.306348,0.002724,0.000334,0.183809
928800,0.7779,0.306348,0.002724,0.000334,0.183809
928900,0.7779,0.306348,0.002724,0.000334,0.183809
929000,0.7779,0.306348,0.002724,0.000334,0.183809
929100,0.7779,0.306348,0.002724,0.000334,0.184044
929200,0.7779,0.306348,0.002724,0.000334,0.183809
929300,0.7779,0.306348,0.002724,0.000334,0.183809
929400,0.7779,0.306348,0.002724,0.000334,0.183809
929500,0.7779,0.306348,0.002724,0.000334,0.183809
929600,0.7779,0.306348,0.002724,0.000334,0.183809
929700,0.7779,0.306348,0.002724,0.000334,0.183809
929800,0.7779,0.306348,0.002724,0.000334,0.183809
929900,0.7779,0.306348,0.002724,0.000334,0.183809
930000,0.7779,0.306348,0.002724,0.000334,0.183809
930100,0.7779,0.306348,0.002724,0.000334,0.183809
930200,0.7779,0.306348,0.002724,0.000334,0.183809
930300,0.7779,0.306348,0.002724,0.000334,0.183809
930400,0.7779,0.306348,0.002724,0.000334,0.183809
930500,0.7779,0.306348,0.002724,0.000334,0.183809
930600,0.7779,0.306348,0.002724,0.000334,0.184044
930700,0.7779,0.306348,0.002724,0.000334,0.183809
930800,0.7779,0.306348,0.002724,0.000334,0.183809
930900,0.7779,0.306348,0.002724,0.000334,0.183809
931000,0.7779,0.306348,0.002724,0.000334,0.183809
931100,0.7779,0.306348,0.002724,0.000334,0.183809
931200,0.7779,0.306348,0.002724,0.000334,0.183809
931300,0.7779,0.306348,0.002724,0.000334,0.183809
931400,0.7779,0.306348,0.002724,0.000334,0.183809
931500,0.7779,0.306348,0.002724,0.000334,0.183809
931600,0.7779,0.306348,0.002724,0.000334,0.183809
931700,0.7779,0.306348,0.002724,0.000334,0.183809
931800,0.7779,0.306348,0.002724,0.000334,0.183809
931900,0.7779,0.306348,0.002724,0.000334,0.183809
932000,0.7779,0.306348,0.002724,0.000334,0.183809
932100,0.7779,0.306348,0.002724,0.000334,0.184044
932200,0.7779,0.306348,0.002724,0.000334,0.183809
932300,0.7779,0.306348,0.002724,0.000334,0.183809
932400,0.7779,0.306348,0.002724,0.000334,0.183809
932500,0.7779,0.306348,0.002724,0.000334,0.183809
932600,0.7779,0.306348,0.002724,0.000334,0.184044
932700,0.7779,0.306348,0.002724,0.000334,0.183809
932800,0.7779,0.306348,0.002724,0.000334,0.183809
932900,0.7779,0.306348,0.002724,0.000334,0.183809
933000,0.7779,0.306348,0.002724,0.000334,0.183809
933100,0.7779,0.306348,0.002724,0.000334,0.183809
933200,0.7779,0.306348,0.002724,0.000334,0.183809
933300,0.7779,0.306348,0.002724,0.000334,0.183809
933400,0.7779,0.306348,0.002724,0.000334,0.183809
933500,0.7779,0.306348,0.002724,0.000334,0.184044
933600,0.7779,0.306348,0.002724,0.000334,0.183809
933700,0.7779,0.306348,0.002724,0.000334,0.183809
933800,0.7779,0.306348,0.002724,0.000334,0.183809
933900,0.7779,0.306348,0.002724,0.000334,0.183809
934000,0.7779,0.306348,0.002724,0.000334,0.183809
934100,0.7779,0.306348,0.002724,0.000334,0.183809
934200,0.7779,0.306348,0.002724,0.000334,0.183809
934300,0.7779,0.306348,0.002724,0.000334,0.183809
934400,0.7779,0.306348,0.002724,0.000334,0.184044
934500,0.7779,0.306348,0.002724,0.000334,0.183809
934600,0.7779,0.306348,0.002724,0.000334,0.183809
934700,0.7779,0.306348,0.002724,0.000334,0.183809
934800,0.7779,0.306348,0.002724,0.000334,0.183809
934900,0.7779,0.306348,0.002724,0.000334,0.183809
935000,0.7779,0.306348,0.002724,0.000334,0.183809
935100,0.7779,0.306348,0.002724,0.000334,0.183809
935200,0.7779,0.306348,0.002724,0.000334,0.183809
935300,0.7779,0.306348,0.002724,0.000334,0.183809
935400,0.7779,0.306348,0.002724,0.000334,0.183809
935500,0.7779,0.306348,0.002724,0.000334,0.183809
935600,0.7779,0.306348,0.002724,0.000334,0.183809
935700,0.7779,0.306348,0.002724,0.000334,0.183809
935800,0.7779,0.306348,0.002724,0.000334,0.183809
935900,0.7779,0.306348,0.002724,0.000334,0.183809
936000,0.7779,0.306348,0.002724,0.000334,0.183809
936100,0.7779,0.306348,0.002724,0.000334,0.183809
936200,0.7779,0.306348,0.002724,0.000334,0.183809
936300,0.7779,0.306348,0.002724,0.000334,0.183809
936400,0.7779,0.306348,0.002724,0.000334,0.184044
936500,0.7779,0.306348,0.002724,0.000334,0.183809
936600,0.7779,0.306348,0.002724,0.000334,0.183809
936700,0.7779,0.306348,0.002724,0.000334,0.183809
936800,0.7779,0.306348,0.002724,0.000334,0.183809
936900,0.7779,0.306348,0.002724,0.000334,0.183809
937000,0.7779,0.306348,0.002724,0.000334,0.183809
937100,0.7779,0.306348,0.002724,0.000334,0.183809
937200,0.7779,0.306348,0.002724,0.000334,0.183809
937300,0.7779,0.306348,0.002724,0.000334,0.184044
937400,0.7779,0.306348,0.002724,0.000334,0.183809
937500,0.7779,0.306348,0.002724,0.000334,0.183809
937600,0.7779,0.306348,0.002724,0.000334,0.183809
937700,0.7779,0.306348,0.002724,0.000334,0.183809
937800,0.7779,0.306348,0.002724,0.000334,0.183809
937900,0.7779,0.306348,0.002724,0.000334,0.183809
938000,0.7779,0.306348,0.002724,0.000334,0.183809
938100,0.7779,0.306348,0.002724,0.000334,0.183809
938200,0.7779,0.306348,0.002724,0.000334,0.183809
938300,0.7779,0.306348,0.002724,0.000334,0.183809
938400,0.7779,0.306348,0.002724,0.000334,0.183809
938500,0.7779,0.306348,0.002724,0.000334,0.183809
938600,0.7779,0.306348,0.002724,0.000334,0.183809
938700,0.7779,0.306348,0.002724,0.000334,0.183809
938800,0.7779,0.306348,0.002724,0.000334,0.183809
938900,0.7779,0.306348,0.002724,0.000334,0.184044
939000,0.7779,0.306348,0.002724,0.000334,0.183809
939100,0.7779,0.306348,0.002724,0.000334,0.183809
939200,0.7779,0.306348,0.002724,0.000334,0.183809
939300,0.7779,0.306348,0.002724,0.000334,0.183809
939400,0.7779,0.306348,0.002724,0.000334,0.183809
939500,0.7779,0.306348,0.002724,0.000334,0.183809
939600,0.7779,0.306348,0.002724,0.000334,0.183809
939700,0.7779,0.306348,0.002724,0.000334,0.183809
939800,0.7779,0.306348,0.002724,0.000334,0.183809
939900,0.7779,0.306348,0.002724,0.000334,0.183809
940000,0.7779,0.306348,0.002724,0.000334,0.183809
940100,0.7779,0.306348,0.002724,0.000334,0.183809
940200,0.7779,0.306348,0.002724,0.000334,0.183809
940300,0.7779,0.306348,0.002724,0.000334,0.183809
940400,0.7779,0.306348,0.002724,0.000334,0.184044
940500,0.7779,0.306348,0.002724,0.000334,0.183809
940600,0.7779,0.306348,0.002724,0.000334,0.183809
940700,0.7779,0.306348,0.002724,0.000334,0.183809
940800,0.7779,0.306348,0.002724,0.000334,0.183809
940900,0.7779,0.306348,0.002724,0.000334,0.183809
941000,0.7779,0.306348,0.002724,0.000334,0.183809
941100,0.7779,0.306348,0.002724,0.000334,0.184044
941200,0.7779,0.306348,0.002724,0.000334,0.183809
941300,0.7779,0.306348,0.002724,0.000334,0.183809
941400,0.7779,0.306348,0.002724,0.000334,0.183809
941500,0.7779,0.306348,0.002724,0.000334,0.183809
941600,0.7779,0.306348,0.002724,0.000334,0.183809
941700,0.7779,0.306348,0.002724,0.000334,0.183809
941800,0.7779,0.306348,0.002724,0.000334,0.183809
941900,0.7779,0.306348,0.002724,0.000334,0.183809
942000,0.7779,0.306348,0.002724,0.000334,0.183809
942100,0.7779,0.306348,0.002724,0.000334,0.183809
942200,0.7779,0.306348,0.002724,0.000334,0.183809
942300,0.7779,0.306348,0.002724,0.000334,0.184044
942400,0.7779,0.306348,0.002724,0.000334,0.183809
942500,0.7779,0.306348,0.002724,0.000334,0.184044
942600,0.7779,0.306348,0.002724,0.000334,0.183809
942700,0.7779,0.306348,0.002724,0.000334,0.183809
942800,0.7779,0.306348,0.002724,0.000334,0.183809
942900,0.7779,0.306348,0.002724,0.000334,0.183809
943000,0.7779,0.306348,0.002724,0.000334,0.183809
943100,0.7779,0.306348,0.002724,0.000334,0.183809
943200,0.7779,0.306348,0.002724,0.000334,0.183809
943300,0.7779,0.306348,0.002724,0.000334,0.183809
943400,0.7779,0.306348,0.002724,0.000334,0.183809
943500,0.7779,0.306348,0.002724,0.000334,0.183809
943600,0.7779,0.306348,0.002724,0.000334,0.183809
943700,0.7779,0.306348,0.002724,0.000334,0.183809
943800,0.7779,0.306348,0.002724,0.000334,0.183809
943900,0.7779,0.306348,0.002724,0.000334,0.183809
944000,0.7779,0.306348,0.002724,0.000334,0.184044
944100,0.7779,0.306348,0.002724,0.000334,0.183809
944200,0.7779,0.306348,0.002724,0.000334,0.183809
944300,0.7779,0.306348,0.002724,0.000334,0.183809
944400,0.7779,0.306348,0.002724,0.000334,0.183809
944500,0.7779,0.306348,0.002724,0.000334,0.183809
944600,0.7779,0.306348,0.002724,0.000334,0.183809
944700,0.7779,0.306348,0.002724,0.000334,0.183809
944800,0.7779,0.306348,0.002724,0.000334,0.183809
944900,0.7779,0.306348,0.002724,0.000334,0.183809
945000,0.7779,0.306348,0.002724,0.000334,0.183809
945100,0.7779,0.306348,0.002724,0.000334,0.183809
945200,0.7779,0.306348,0.002724,0.000334,0.183809
945300,0.7779,0.306348,0.002724,0.000334,0.183809
945400,0.7779,0.306348,0.002724,0.000334,0.183809
945500,0.7779,0.306348,0.002724,0.000334,0.183809
945600,0.7779,0.306348,0.002724,0.000334,0.183809
945700,0.7779,0.306348,0.002724,0.000334,0.183809
945800,0.7779,0.306348,0.002724,0.000334,0.183809
945900,0.7779,0.306348,0.002724,0.000334,0.183809
946000,0.7779,0.306348,0.002724,0.000334,0.183809
946100,0.7779,0.306348,0.002724,0.000334,0.183809
946200,0.7779,0.306348,0.002724,0.000334,0.183809
946300,0.7779,0.306348,0.002724,0.000334,0.183809
946400,0.7779,0.306348,0.002724,0.000334,0.183809
946500,0.7779,0.306348,0.002724,0.000334,0.184044
946600,0.7779,0.306348,0.002724,0.000334,0.183809
946700,0.7779,0.306348,0.002724,0.000334,0.183809
946800,0.7779,0.306348,0.002724,0.000334,0.183809
946900,0.7779,0.306348,0.002724,0.000334,0.183809
947000,0.7779,0.306348,0.002724,0.000334,0.183809
947100,0.7779,0.306348,0.002724,0.000334,0.184044
947200,0.7779,0.306348,0.002724,0.000334,0.183809
947300,0.7779,0.306348,0.002724,0.000334,0.183809
947400,0.7779,0.306348,0.002724,0.000334,0.183809
947500,0.7779,0.306348,0.002724,0.000334,0.183809
947600,0.7779,0.306348,0.002724,0.000334,0.183809
947700,0.7779,0.306348,0.002724,0.000334,0.183809
947800,0.7779,0.306348,0.002724,0.000334,0.183809
947900,0.7779,0.306348,0.002724,0.000334,0.183809
948000,0.7779,0.306348,0.002724,0.000334,0.183809
948100,0.7779,0.306348,0.002724,0.000334,0.183809
948200,0.7779,0.306348,0.002724,0.000334,0.183809
948300,0.7779,0.306348,0.002724,0.000334,0.183809
948400,0.7779,0.306348,0.002724,0.000334,0.183809
948500,0.7779,0.306348,0.002724,0.000334,0.184044
948600,0.7779,0.306348,0.002724,0.000334,0.183809
948700,0.7779,0.306348,0.002724,0.000334,0.183809
948800,0.7779,0.306348,0.002724,0.000334,0.183809
948900,0.7779,0.306348,0.002724,0.000334,0.183809
949000,0.7779,0.306348,0.002724,0.000334,0.183809
949100,0.7779,0.306348,0.002724,0.000334,0.183809
949200,0.7779,0.306348,0.002724,0.000334,0.183809
949300,0.7779,0.306348,0.002724,0.000334,0.183809
949400,0.7779,0.306348,0.002724,0.000334,0.183809
949500,0.7779,0.306348,0.002724,0.000334,0.183809
949600,0.7779,0.306348,0.002724,0.000334,0.183809
949700,0.7779,0.306348,0.002724,0.000334,0.183809
949800,0.7779,0.306348,0.002724,0.000334,0.183809
949900,0.7779,0.306348,0.002724,0.000334,0.184044
950000,0.7779,0.306348,0.002724,0.000334,0.183809
950100,0.7779,0.306348,0.002724,0.000334,0.183809
950200,0.7779,0.306348,0.002724,0.000334,0.183809
950300,0.7779,0.306348,0.002724,0.000334,0.183809
950400,0.7779,0.306348,0.002724,0.000334,0.183809
950500,0.7779,0.306348,0.002724,0.000334,0.183809
950600,0.7779,0.306348,0.002724,0.000334,0.183809
950700,0.7779,0.306348,0.002724,0.000334,0.183809
950800,0.7779,0.306348,0.002724,0.000334,0.184044
950900,0.7779,0.306348,0.002724,0.000334,0.183809
951000,0.7779,0.306348,0.002724,0.000334,0.183809
951100,0.7779,0.306348,0.002724,0.000334,0.183809
951200,0.7779,0.306348,0.002724,0.000334,0.183809
951300,0.7779,0.306348,0.002724,0.000334,0.183809
951400,0.7779,0.306348,0.002724,0.000334,0.183809
951500,0.7779,0.306348,0.002724,0.000334,0.183809
951600,0.7779,0.306348,0.002724,0.000334,0.183809
951700,0.7779,0.306348,0.002724,0.000334,0.183809
951800,0.7779,0.306348,0.002724,0.000334,0.183809
951900,0.7779,0.306348,0.002724,0.000334,0.183809
952000,0.7779,0.306348,0.002724,0.000334,0.183809
952100,0.7779,0.306348,0.002724,0.000334,0.183809
952200,0.7779,0.306348,0.002724,0.000334,0.184044
952300,0.7779,0.306348,0.002724,0.000334,0.184044
952400,0.7779,0.306348,0.002724,0.000334,0.183809
952500,0.7779,0.306348,0.002724,0.000334,0.183809
952600,0.7779,0.306348,0.002724,0.000334,0.183809
952700,0.7779,0.306348,0.002724,0.000334,0.183809
952800,0.7779,0.306348,0.002724,0.000334,0.183809
952900,0.7779,0.306348,0.002724,0.000334,0.183809
953000,0.7779,0.306348,0.002724,0.000334,0.183809
953100,0.7779,0.306348,0.002724,0.000334,0.183809
953200,0.7779,0.306348,0.002724,0.000334,0.183809
953300,0.7779,0.306348,0.002724,0.000334,0.183809
953400,0.7779,0.306348,0.002724,0.000334,0.183809
953500,0.7779,0.306348,0.002724,0.000334,0.183809
953600,0.7779,0.306348,0.002724,0.000334,0.183809
953700,0.7779,0.306348,0.002724,0.000334,0.183809
953800,0.7779,0.306348,0.002724,0.000334,0.184044
953900,0.7779,0.306348,0.002724,0.000334,0.183809
954000,0.7779,0.306348,0.002724,0.000334,0.183809
954100,0.7779,0.306348,0.002724,0.000334,0.183809
954200,0.7779,0.306348,0.002724,0.000334,0.183809
954300,0.7779,0.306348,0.002724,0.000334,0.183809
954400,0.7779,0.306348,0.002724,0.000334,0.183809
954500,0.7779,0.306348,0.002724,0.000334,0.183809
954600,0.7779,0.306348,0.002724,0.000334,0.183809
954700,0.7779,0.306348,0.002724,0.000334,0.183809
954800,0.7779,0.306348,0.002724,0.000334,0.183809
954900,0.7779,0.306348,0.002724,0.000334,0.183809
955000,0.7779,0.306348,0.002724,0.000334,0.183809
955100,0.7779,0.306348,0.002724,0.000334,0.183809
955200,0.7779,0.306348,0.002724,0.000334,0.183809
955300,0.7779,0.306348,0.002724,0.000334,0.183809
955400,0.7779,0.306348,0.002724,0.000334,0.183809
955500,0.7779,0.306348,0.002724,0.000334,0.183809
955600,0.7779,0.306348,0.002724,0.000334,0.183809
955700,0.7779,0.306348,0.002724,0.000334,0.183809
955800,0.7779,0.306348,0.002724,0.000334,0.184044
955900,0.7779,0.306348,0.002724,0.000334,0.183809
956000,0.7779,0.306348,0.002724,0.000334,0.183809
956100,0.7779,0.306348,0.002724,0.000334,0.183809
956200,0.7779,0.306348,0.002724,0.000334,0.183809
956300,0.7779,0.306348,0.002724,0.000334,0.183809
956400,0.7779,0.306348,0.002724,0.000334,0.183809
956500,0.7779,0.306348,0.002724,0.000334,0.183809
956600,0.7779,0.306348,0.002724,0.000334,0.183809
956700,0.7779,0.306348,0.002724,0.000334,0.183809
956800,0.7779,0.306348,0.002724,0.000334,0.183809
956900,0.7779,0.306348,0.002724,0.000334,0.183809
957000,0.7779,0.306348,0.002724,0.000334,0.183809
957100,0.7779,0.306348,0.002724,0.000334,0.183809
957200,0.7779,0.306348,0.002724,0.000334,0.184278
957300,0.7779,0.306348,0.002724,0.000334,0.183809
957400,0.7779,0.306348,0.002724,0.000334,0.183809
957500,0.7779,0.306348,0.002724,0.000334,0.183809
957600,0.7779,0.306348,0.002724,0.000334,0.183809
957700,0.7779,0.306348,0.002724,0.000334,0.183809
957800,0.7779,0.306348,0.002724,0.000334,0.183809
957900,0.7779,0.306348,0.002724,0.000334,0.183809
958000,0.7779,0.306348,0.002724,0.000334,0.183809
958100,0.7779,0.306348,0.002724,0.000334,0.183809
958200,0.7779,0.306348,0.002724,0.000334,0.183809
958300,0.7779,0.306348,0.002724,0.000334,0.183809
958400,0.7779,0.306348,0.002724,0.000334,0.183809
958500,0.7779,0.306348,0.002724,0.000334,0.183809
958600,0.7779,0.306348,0.002724,0.000334,0.184044
958700,0.7779,0.306348,0.002724,0.000334,0.183809
958800,0.7779,0.306348,0.002724,0.000334,0.183809
958900,0.7779,0.306348,0.002724,0.000334,0.183809
959000,0.7779,0.306348,0.002724,0.000334,0.183809
959100,0.7779,0.306348,0.002724,0.000334,0.183809
959200,0.7779,0.306348,0.002724,0.000334,0.183809
959300,0.7779,0.306348,0.002724,0.000334,0.183809
959400,0.7779,0.306348,0.002724,0.000334,0.183809
959500,0.7779,0.306348,0.002724,0.000334,0.183809
959600,0.7779,0.306348,0.002724,0.000334,0.183809
959700,0.7779,0.306348,0.002724,0.000334,0.183809
959800,0.7779,0.306348,0.002724,0.000334,0.183809
959900,0.7779,0.306348,0.002724,0.000334,0.183809
960000,0.7779,0.306348,0.002724,0.000334,0.183809
960100,0.7779,0.306348,0.002724,0.000334,0.183809
960200,0.7779,0.306348,0.002724,0.000334,0.183809
960300,0.7779,0.306348,0.002724,0.000334,0.183809
960400,0.7779,0.306348,0.002724,0.000334,0.183809
960500,0.7779,0.306348,0.002724,0.000334,0.183809
960600,0.7779,0.306348,0.002724,0.000334,0.184044
960700,0.7779,0.306348,0.002724,0.000334,0.183809
960800,0.7779,0.306348,0.002724,0.000334,0.183809
960900,0.7779,0.306348,0.002724,0.000334,0.183809
961000,0.7779,0.306348,0.002724,0.000334,0.183809
961100,0.7779,0.306348,0.002724,0.000334,0.183809
961200,0.7779,0.306348,0.002724,0.000334,0.183809
961300,0.7779,0.306348,0.002724,0.000334,0.183809
961400,0.7779,0.306348,0.002724,0.000334,0.183809
961500,0.7779,0.306348,0.002724,0.000334,0.183809
961600,0.7779,0.306348,0.002724,0.000334,0.183809
961700,0.7779,0.306348,0.002724,0.000334,0.183809
961800,0.7779,0.306348,0.002724,0.000334,0.183809
961900,0.7779,0.306348,0.002724,0.000334,0.183809
962000,0.7779,0.306348,0.002724,0.000334,0.183809
962100,0.7779,0.306348,0.002724,0.000334,0.183809
962200,0.7779,0.306348,0.002724,0.000334,0.183809
962300,0.7779,0.306348,0.002724,0.000334,0.184044
962400,0.7779,0.306348,0.002724,0.000334,0.183809
962500,0.7779,0.306348,0.002724,0.000334,0.183809
962600,0.7779,0.306348,0.002724,0.000334,0.184044
962700,0.7779,0.306348,0.002724,0.000334,0.183809
962800,0.7779,0.306348,0.002724,0.000334,0.183809
962900,0.7779,0.306348,0.002724,0.000334,0.183809
963000,0.7779,0.306348,0.002724,0.000334,0.183809
963100,0.7779,0.306348,0.002724,0.000334,0.183809
963200,0.7779,0.306348,0.002724,0.000334,0.183809
963300,0.7779,0.306348,0.002724,0.000334,0.183809
963400,0.7779,0.306348,0.002724,0.000334,0.183809
963500,0.7779,0.306348,0.002724,0.000334,0.183809
963600,0.7779,0.306348,0.002724,0.000334,0.183809
963700,0.7779,0.306348,0.002724,0.000334,0.183809
963800,0.7779,0.306348,0.002724,0.000334,0.183809
963900,0.7779,0.306348,0.002724,0.000334,0.183809
964000,0.7779,0.306348,0.002724,0.000334,0.183809
964100,0.7779,0.306348,0.002724,0.000334,0.183809
964200,0.7779,0.306348,0.002724,0.000334,0.183809
964300,0.7779,0.306348,0.002724,0.000334,0.183809
964400,0.7779,0.306348,0.002724,0.000334,0.183809
964500,0.7779,0.306348,0.002724,0.000334,0.183809
964600,0.7779,0.306348,0.002724,0.000334,0.183809
964700,0.7779,0.306348,0.002724,0.000334,0.183809
964800,0.7779,0.306348,0.002724,0.000334,0.183809
964900,0.7779,0.306348,0.002724,0.000334,0.183809
965000,0.7779,0.306348,0.002724,0.000334,0.183809
965100,0.7779,0.306348,0.002724,0.000334,0.184044
965200,0.7779,0.306348,0.002724,0.000334,0.183809
965300,0.7779,0.306348,0.002724,0.000334,0.183809
965400,0.7779,0.306348,0.002724,0.000334,0.183809
965500,0.7779,0.306348,0.002724,0.000334,0.183809
965600,0.7779,0.306348,0.002724,0.000334,0.183809
965700,0.7779,0.306348,0.002724,0.000334,0.183809
965800,0.7779,0.306348,0.002724,0.000334,0.183809
965900,0.7779,0.306348,0.002724,0.000334,0.183809
966000,0.7779,0.306348,0.002724,0.000334,0.184044
966100,0.7779,0.306348,0.002724,0.000334,0.183809
966200,0.7779,0.306348,0.002724,0.000334,0.183809
966300,0.7779,0.306348,0.002724,0.000334,0.183809
966400,0.7779,0.306348,0.002724,0.000334,0.183809
966500,0.7779,0.306348,0.002724,0.000334,0.183809
966600,0.7779,0.306348,0.002724,0.000334,0.183809
966700,0.7779,0.306348,0.002724,0.000334,0.183809
966800,0.7779,0.306348,0.002724,0.000334,0.183809
966900,0.7779,0.306348,0.002724,0.000334,0.184044
967000,0.7779,0.306348,0.002724,0.000334,0.183809
967100,0.7779,0.306348,0.002724,0.000334,0.184044
967200,0.7779,0.306348,0.002724,0.000334,0.183809
967300,0.7779,0.306348,0.002724,0.000334,0.183809
967400,0.7779,0.306348,0.002724,0.000334,0.183809
967500,0.7779,0.306348,0.002724,0.000334,0.183809
967600,0.7779,0.306348,0.002724,0.000334,0.183809
967700,0.7779,0.306348,0.002724,0.000334,0.183809
967800,0.7779,0.306348,0.002724,0.000334,0.183809
967900,0.7779,0.306348,0.002724,0.000334,0.183809
968000,0.7779,0.306348,0.002724,0.000334,0.183809
968100,0.7779,0.306348,0.002724,0.000334,0.183809
968200,0.7779,0.306348,0.002724,0.000334,0.183809
968300,0.7779,0.306348,0.002724,0.000334,0.183809
968400,0.7779,0.306348,0.002724,0.000334,0.183809
968500,0.7779,0.306348,0.002724,0.000334,0.183809
968600,0.7779,0.306348,0.002724,0.000334,0.183809
968700,0.7779,0.306348,0.002724,0.000334,0.183809
968800,0.7779,0.306348,0.002724,0.000334,0.183809
968900,0.7779,0.306348,0.002724,0.000334,0.183809
969000,0.7779,0.306348,0.002724,0.000334,0.184044
969100,0.7779,0.306348,0.002724,0.000334,0.183809
969200,0.7779,0.306348,0.002724,0.000334,0.183809
969300,0.7779,0.306348,0.002724,0.000334,0.183809
969400,0.7779,0.306348,0.002724,0.000334,0.183809
969500,0.7779,0.306348,0.002724,0.000334,0.183809
969600,0.7779,0.306348,0.002724,0.000334,0.183809
969700,0.7779,0.306348,0.002724,0.000334,0.183809
969800,0.7779,0.306348,0.002724,0.000334,0.183809
969900,0.7779,0.306348,0.002724,0.000334,0.183809
970000,0.7779,0.306348,0.002724,0.000334,0.183809
970100,0.7779,0.306348,0.002724,0.000334,0.183809
970200,0.7779,0.306348,0.002724,0.000334,0.183809
970300,0.7779,0.306348,0.002724,0.000334,0.183809
970400,0.7779,0.306348,0.002724,0.000334,0.183809
970500,0.7779,0.306348,0.002724,0.000334,0.183809
970600,0.7779,0.306348,0.002724,0.000334,0.183809
970700,0.7779,0.306348,0.002724,0.000334,0.183809
970800,0.7779,0.306348,0.002724,0.000334,0.183809
970900,0.7779,0.306348,0.002724,0.000334,0.183809
971000,0.7779,0.306348,0.002724,0.000334,0.184044
971100,0.7779,0.306348,0.002724,0.000334,0.183809
971200,0.7779,0.306348,0.002724,0.000334,0.183809
971300,0.7779,0.306348,0.002724,0.000334,0.183809
971400,0.7779,0.306348,0.002724,0.000334,0.183809
971500,0.7779,0.306348,0.002724,0.000334,0.183809
971600,0.7779,0.306348,0.002724,0.000334,0.183809
971700,0.7779,0.306348,0.002724,0.000334,0.183809
971800,0.7779,0.306348,0.002724,0.000334,0.183809
971900,0.7779,0.306348,0.002724,0.000334,0.183809
972000,0.7779,0.306348,0.002724,0.000334,0.183809
972100,0.7779,0.306348,0.002724,0.000334,0.184044
972200,0.7779,0.306348,0.002724,0.000334,0.183809
972300,0.7779,0.306348,0.002724,0.000334,0.183809
972400,0.7779,0.306348,0.002724,0.000334,0.183809
972500,0.7779,0.306348,0.002724,0.000334,0.183809
972600,0.7779,0.306348,0.002724,0.000334,0.183809
972700,0.7779,0.306348,0.002724,0.000334,0.183809
972800,0.7779,0.306348,0.002724,0.000334,0.183809
972900,0.7779,0.306348,0.002724,0.000334,0.183809
973000,0.7779,0.306348,0.002724,0.000334,0.184044
973100,0.7779,0.306348,0.002724,0.000334,0.183809
973200,0.7779,0.306348,0.002724,0.000334,0.183809
973300,0.7779,0.306348,0.002724,0.000334,0.183809
973400,0.7779,0.306348,0.002724,0.000334,0.183809
973500,0.7779,0.306348,0.002724,0.000334,0.183809
973600,0.7779,0.306348,0.002724,0.000334,0.183809
973700,0.7779,0.306348,0.002724,0.000334,0.183809
973800,0.7779,0.306348,0.002724,0.000334,0.183809
973900,0.7779,0.306348,0.002724,0.000334,0.184044
974000,0.7779,0.306348,0.002724,0.000334,0.183809
974100,0.7779,0.306348,0.002724,0.000334,0.183809
974200,0.7779,0.306348,0.002724,0.000334,0.183809
974300,0.7779,0.306348,0.002724,0.000334,0.183809
974400,0.7779,0.306348,0.002724,0.000334,0.183809
974500,0.7779,0.306348,0.002724,0.000334,0.183809
974600,0.7779,0.306348,0.002724,0.000334,0.183809
974700,0.7779,0.306348,0.002724,0.000334,0.183809
974800,0.7779,0.306348,0.002724,0.000334,0.183809
974900,0.7779,0.306348,0.002724,0.000334,0.183809
975000,0.7779,0.306348,0.002724,0.000334,0.183809
975100,0.7779,0.306348,0.002724,0.000334,0.183809
975200,0.7779,0.306348,0.002724,0.000334,0.183809
975300,0.7779,0.306348,0.002724,0.000334,0.184044
975400,0.7779,0.306348,0.002724,0.000334,0.183809
975500,0.7779,0.306348,0.002724,0.000334,0.183809
975600,0.7779,0.306348,0.002724,0.000334,0.183809
975700,0.7779,0.306348,0.002724,0.000334,0.183809
975800,0.7779,0.306348,0.002724,0.000334,0.183809
975900,0.7779,0.306348,0.002724,0.000334,0.183809
976000,0.7779,0.306348,0.002724,0.000334,0.183809
976100,0.7779,0.306348,0.002724,0.000334,0.183809
976200,0.7779,0.306348,0.002724,0.000334,0.183809
976300,0.7779,0.306348,0.002724,0.000334,0.183809
976400,0.7779,0.306348,0.002724,0.000334,0.183809
976500,0.7779,0.306348,0.002724,0.000334,0.183809
976600,0.7779,0.306348,0.002724,0.000334,0.183809
976700,0.7779,0.306348,0.002724,0.000334,0.183809
976800,0.7779,0.306348,0.002724,0.000334,0.183809
976900,0.7779,0.306348,0.002724,0.000334,0.183809
977000,0.7779,0.306348,0.002724,0.000334,0.184044
977100,0.7779,0.306348,0.002724,0.000334,0.183809
977200,0.7779,0.306348,0.002724,0.000334,0.183809
977300,0.7779,0.306348,0.002724,0.000334,0.184044
977400,0.7779,0.306348,0.002724,0.000334,0.183809
977500,0.7779,0.306348,0.002724,0.000334,0.183809
977600,0.7779,0.306348,0.002724,0.000334,0.183809
977700,0.7779,0.306348,0.002724,0.000334,0.183809
977800,0.7779,0.306348,0.002724,0.000334,0.183809
977900,0.7779,0.306348,0.002724,0.000334,0.183809
978000,0.7779,0.306348,0.002724,0.000334,0.183809
978100,0.7779,0.306348,0.002724,0.000334,0.183809
978200,0.7779,0.306348,0.002724,0.000334,0.183809
978300,0.7779,0.306348,0.002724,0.000334,0.183809
978400,0.7779,0.306348,0.002724,0.000334,0.183809
978500,0.7779,0.306348,0.002724,0.000334,0.183809
978600,0.7779,0.306348,0.002724,0.000334,0.183809
978700,0.7779,0.306348,0.002724,0.000334,0.183809
978800,0.7779,0.306348,0.002724,0.000334,0.183809
978900,0.7779,0.306348,0.002724,0.000334,0.183809
979000,0.7779,0.306348,0.002724,0.000334,0.183809
979100,0.7779,0.306348,0.002724,0.000334,0.183809
979200,0.7779,0.306348,0.002724,0.000334,0.183809
979300,0.7779,0.306348,0.002724,0.000334,0.184044
979400,0.7779,0.306348,0.002724,0.000334,0.183809
979500,0.7779,0.306348,0.002724,0.000334,0.183809
979600,0.7779,0.306348,0.002724,0.000334,0.183809
979700,0.7779,0.306348,0.002724,0.000334,0.183809
979800,0.7779,0.306348,0.002724,0.000334,0.183809
979900,0.7779,0.306348,0.002724,0.000334,0.183809
980000,0.7779,0.306348,0.002724,0.000334,0.183809
980100,0.7779,0.306348,0.002724,0.000334,0.183809
980200,0.7779,0.306348,0.002724,0.000334,0.183809
980300,0.7779,0.306348,0.002724,0.000334,0.183809
980400,0.7779,0.306348,0.002724,0.000334,0.183809
980500,0.7779,0.306348,0.002724,0.000334,0.183809
980600,0.7779,0.306348,0.002724,0.000334,0.183809
980700,0.7779,0.306348,0.002724,0.000334,0.183809
980800,0.7779,0.306348,0.002724,0.000334,0.183809
980900,0.7779,0.306348,0.002724,0.000334,0.183809
981000,0.7779,0.306348,0.002724,0.000334,0.183809
981100,0.7779,0.306348,0.002724,0.000334,0.183809
981200,0.7779,0.306348,0.002724,0.000334,0.183809
981300,0.7779,0.306348,0.002724,0.000334,0.184044
981400,0.7779,0.306348,0.002724,0.000334,0.183809
981500,0.7779,0.306348,0.002724,0.000334,0.183809
981600,0.7779,0.306348,0.002724,0.000334,0.183809
981700,0.7779,0.306348,0.002724,0.000334,0.183809
981800,0.7779,0.306348,0.002724,0.000334,0.183809
981900,0.7779,0.306348,0.002724,0.000334,0.183809
982000,0.7779,0.306348,0.002724,0.000334,0.183809
982100,0.7779,0.306348,0.002724,0.000334,0.183809
982200,0.7779,0.306348,0.002724,0.000334,0.183809
982300,0.7779,0.306348,0.002724,0.000334,0.183809
982400,0.7779,0.306348,0.002724,0.000334,0.183809
982500,0.7779,0.306348,0.002724,0.000334,0.184044
982600,0.7779,0.306348,0.002724,0.000334,0.183809
982700,0.7779,0.306348,0.002724,0.000334,0.184044
982800,0.7779,0.306348,0.002724,0.000334,0.183809
982900,0.7779,0.306348,0.002724,0.000334,0.183809
983000,0.7779,0.306348,0.002724,0.000334,0.183809
983100,0.7779,0.306348,0.002724,0.000334,0.183809
983200,0.7779,0.306348,0.002724,0.000334,0.183809
983300,0.7779,0.306348,0.002724,0.000334,0.183809
983400,0.7779,0.306348,0.002724,0.000334,0.183809
983500,0.7779,0.306348,0.002724,0.000334,0.183809
983600,0.7779,0.306348,0.002724,0.000334,0.184044
983700,0.7779,0.306348,0.002724,0.000334,0.183809
983800,0.7779,0.306348,0.002724,0.000334,0.183809
983900,0.7779,0.306348,0.002724,0.000334,0.183809
984000,0.7779,0.306348,0.002724,0.000334,0.183809
984100,0.7779,0.306348,0.002724,0.000334,0.183809
984200,0.7779,0.306348,0.002724,0.000334,0.183809
984300,0.7779,0.306348,0.002724,0.000334,0.183809
984400,0.7779,0.306348,0.002724,0.000334,0.183809
984500,0.7779,0.306348,0.002724,0.000334,0.183809
984600,0.7779,0.306348,0.002724,0.000334,0.183809
984700,0.7779,0.306348,0.002724,0.000334,0.183809
984800,0.7779,0.306348,0.002724,0.000334,0.183809
984900,0.7779,0.306348,0.002724,0.000334,0.183809
985000,0.7779,0.306348,0.002724,0.000334,0.183809
985100,0.7779,0.306348,0.002724,0.000334,0.184044
985200,0.7779,0.306348,0.002724,0.000334,0.183809
985300,0.7779,0.306348,0.002724,0.000334,0.183809
985400,0.7779,0.306348,0.002724,0.000334,0.183809
985500,0.7779,0.306348,0.002724,0.000334,0.183809
985600,0.7779,0.306348,0.002724,0.000334,0.183809
985700,0.7779,0.306348,0.002724,0.000334,0.183809
985800,0.7779,0.306348,0.002724,0.000334,0.183809
985900,0.7779,0.306348,0.002724,0.000334,0.183809
986000,0.7779,0.306348,0.002724,0.000334,0.183809
986100,0.7779,0.306348,0.002724,0.000334,0.183809
986200,0.7779,0.306348,0.002724,0.000334,0.183809
986300,0.7779,0.306348,0.002724,0.000334,0.183809
986400,0.7779,0.306348,0.002724,0.000334,0.183809
986500,0.7779,0.306348,0.002724,0.000334,0.183809
986600,0.7779,0.306348,0.002724,0.000334,0.184044
986700,0.7779,0.306348,0.002724,0.000334,0.183809
986800,0.7779,0.306348,0.002724,0.000334,0.183809
986900,0.7779,0.306348,0.002724,0.000334,0.183809
987000,0.7779,0.306348,0.002724,0.000334,0.183809
987100,0.7779,0.306348,0.002724,0.000334,0.183809
987200,0.7779,0.306348,0.002724,0.000334,0.183809
987300,0.7779,0.306348,0.002724,0.000334,0.183809
987400,0.7779,0.306348,0.002724,0.000334,0.183809
987500,0.7779,0.306348,0.002724,0.000334,0.184044
987600,0.7779,0.306348,0.002724,0.000334,0.183809
987700,0.7779,0.306348,0.002724,0.000334,0.183809
987800,0.7779,0.306348,0.002724,0.000334,0.183809
987900,0.7779,0.306348,0.002724,0.000334,0.183809
988000,0.7779,0.306348,0.002724,0.000334,0.183809
988100,0.7779,0.306348,0.002724,0.000334,0.184044
988200,0.7779,0.306348,0.002724,0.000334,0.183809
988300,0.7779,0.306348,0.002724,0.000334,0.183809
988400,0.7779,0.306348,0.002724,0.000334,0.183809
988500,0.7779,0.306348,0.002724,0.000334,0.183809
988600,0.7779,0.306348,0.002724,0.000334,0.183809
988700,0.7779,0.306348,0.002724,0.000334,0.183809
988800,0.7779,0.306348,0.002724,0.000334,0.184044
988900,0.7779,0.306348,0.002724,0.000334,0.183809
989000,0.7779,0.306348,0.002724,0.000334,0.183809
989100,0.7779,0.306348,0.002724,0.000334,0.183809
989200,0.7779,0.306348,0.002724,0.000334,0.183809
989300,0.7779,0.306348,0.002724,0.000334,0.183809
989400,0.7779,0.306348,0.002724,0.000334,0.183809
989500,0.7779,0.306348,0.002724,0.000334,0.183809
989600,0.7779,0.306348,0.002724,0.000334,0.183809
989700,0.7779,0.306348,0.002724,0.000334,0.184044
989800,0.7779,0.306348,0.002724,0.000334,0.183809
989900,0.7779,0.306348,0.002724,0.000334,0.183809
990000,0.7779,0.306348,0.002724,0.000334,0.183809
990100,0.7779,0.306348,0.002724,0.000334,0.183809
990200,0.7779,0.306348,0.002724,0.000334,0.183809
990300,0.7779,0.306348,0.002724,0.000334,0.183809
990400,0.7779,0.306348,0.002724,0.000334,0.183809
990500,0.7779,0.306348,0.002724,0.000334,0.183809
990600,0.7779,0.306348,0.002724,0.000334,0.183809
990700,0.7779,0.306348,0.002724,0.000334,0.183809
990800,0.7779,0.306348,0.002724,0.000334,0.183809
990900,0.7779,0.306348,0.002724,0.000334,0.183809
991000,0.7779,0.306348,0.002724,0.000334,0.183809
991100,0.7779,0.306348,0.002724,0.000334,0.183809
991200,0.7779,0.306348,0.002724,0.000334,0.183809
991300,0.7779,0.306348,0.002724,0.000334,0.183809
991400,0.7779,0.306348,0.002724,0.000334,0.183809
991500,0.7779,0.306348,0.002724,0.000334,0.184044
991600,0.7779,0.306348,0.002724,0.000334,0.183809
991700,0.7779,0.306348,0.002724,0.000334,0.183809
991800,0.7779,0.306348,0.002724,0.000334,0.183809
991900,0.7779,0.306348,0.002724,0.000334,0.183809
992000,0.7779,0.306348,0.002724,0.000334,0.183809
992100,0.7779,0.306348,0.002724,0.000334,0.183809
992200,0.7779,0.306348,0.002724,0.000334,0.183809
992300,0.7779,0.306348,0.002724,0.000334,0.183809
992400,0.7779,0.306348,0.002724,0.000334,0.183809
992500,0.7779,0.306348,0.002724,0.000334,0.183809
992600,0.7779,0.306348,0.002724,0.000334,0.184044
992700,0.7779,0.306348,0.002724,0.000334,0.183809
992800,0.7779,0.306348,0.002724,0.000334,0.183809
992900,0.7779,0.306348,0.002724,0.000334,0.183809
993000,0.7779,0.306348,0.002724,0.000334,0.184044
993100,0.7779,0.306348,0.002724,0.000334,0.183809
993200,0.7779,0.306348,0.002724,0.000334,0.183809
993300,0.7779,0.306348,0.002724,0.000334,0.183809
993400,0.7779,0.306348,0.002724,0.000334,0.183809
993500,0.7779,0.306348,0.002724,0.000334,0.183809
993600,0.7779,0.306348,0.002724,0.000334,0.183809
993700,0.7779,0.306348,0.002724,0.000334,0.183809
993800,0.7779,0.306348,0.002724,0.000334,0.183809
993900,0.7779,0.306348,0.002724,0.000334,0.183809
994000,0.7779,0.306348,0.002724,0.000334,0.183809
994100,0.7779,0.306348,0.002724,0.000334,0.183809
994200,0.7779,0.306348,0.002724,0.000334,0.183809
994300,0.7779,0.306348,0.002724,0.000334,0.184044
994400,0.7779,0.306348,0.002724,0.000334,0.183809
994500,0.7779,0.306348,0.002724,0.000334,0.183809
994600,0.7779,0.306348,0.002724,0.000334,0.183809
994700,0.7779,0.306348,0.002724,0.000334,0.183809
994800,0.7779,0.306348,0.002724,0.000334,0.183809
994900,0.7779,0.306348,0.002724,0.000334,0.183809
995000,0.7779,0.306348,0.002724,0.000334,0.184044
995100,0.7779,0.306348,0.002724,0.000334,0.183809
995200,0.7779,0.306348,0.002724,0.000334,0.183809
995300,0.7779,0.306348,0.002724,0.000334,0.183809
995400,0.7779,0.306348,0.002724,0.000334,0.183809
995500,0.7779,0.306348,0.002724,0.000334,0.183809
995600,0.7779,0.306348,0.002724,0.000334,0.183809
995700,0.7779,0.306348,0.002724,0.000334,0.183809
995800,0.7779,0.306348,0.002724,0.000334,0.183809
995900,0.7779,0.306348,0.002724,0.000334,0.184044
996000,0.7779,0.306348,0.002724,0.000334,0.183809
996100,0.7779,0.306348,0.002724,0.000334,0.183809
996200,0.7779,0.306348,0.002724,0.000334,0.183809
996300,0.7779,0.306348,0.002724,0.000334,0.183809
996400,0.7779,0.306348,0.002724,0.000334,0.183809
996500,0.7779,0.306348,0.002724,0.000334,0.183809
996600,0.7779,0.306348,0.002724,0.000334,0.183809
996700,0.7779,0.306348,0.002724,0.000334,0.183809
996800,0.7779,0.306348,0.002724,0.000334,0.183809
996900,0.7779,0.306348,0.002724,0.000334,0.183809
997000,0.7779,0.306348,0.002724,0.000334,0.183809
997100,0.7779,0.306348,0.002724,0.000334,0.183809
997200,0.7779,0.306348,0.002724,0.000334,0.183809
997300,0.7779,0.306348,0.002724,0.000334,0.183809
997400,0.7779,0.306348,0.002724,0.000334,0.183809
997500,0.7779,0.306348,0.002724,0.000334,0.183809
997600,0.7779,0.306348,0.002724,0.000334,0.184044
997700,0.7779,0.306348,0.002724,0.000334,0.183809
997800,0.7779,0.306348,0.002724,0.000334,0.183809
997900,0.7779,0.306348,0.002724,0.000334,0.184044
998000,0.7779,0.306348,0.002724,0.000334,0.183809
998100,0.7779,0.306348,0.002724,0.000334,0.183809
998200,0.7779,0.306348,0.002724,0.000334,0.183809
998300,0.7779,0.306348,0.002724,0.000334,0.183809
998400,0.7779,0.306348,0.002724,0.000334,0.183809
998500,0.7779,0.306348,0.002724,0.000334,0.183809
998600,0.7779,0.306348,0.002724,0.000334,0.183809
998700,0.7779,0.306348,0.002724,0.000334,0.183809
998800,0.7779,0.306348,0.002724,0.000334,0.183809
998900,0.7779,0.306348,0.002724,0.000334,0.183809
999000,0.7779,0.306348,0.002724,0.000334,0.183809
999100,0.7779,0.306348,0.002724,0.000334,0.183809
999200,0.7779,0.306348,0.002724,0.000334,0.183809
999300,0.7779,0.306348,0.002724,0.000334,0.183809
999400,0.7779,0.306348,0.002724,0.000334,0.183809
999500,0.7779,0.306348,0.002724,0.000334,0.183809
999600,0.7779,0.306348,0.002724,0.000334,0.183809
999700,0.7779,0.306348,0.002724,0.000334,0.184044
999800,0.7779,0.306348,0.002724,0.000334,0.183809
999900,0.7779,0.306348,0.002724,0.000334,0.183809
