Cycle,Area(mm^2),PeakDynamic(W),SubthresholdLeakage(W),GateLeakage(W),RunTimeDynamic(W)
2000000,1.6202,0.544831,0.005673,0.000697,0.326946
2001000,1.6202,0.544831,0.005673,0.000697,0.326946
2002000,1.6202,0.544831,0.005673,0.000697,0.326993
2003000,1.6202,0.544831,0.005673,0.000697,0.327221
2004000,1.6202,0.544831,0.005673,0.000697,0.326899
2005000,1.6202,0.544831,0.005673,0.000697,0.326993
2006000,1.6202,0.544831,0.005673,0.000697,0.326993
2007000,1.6202,0.544831,0.005673,0.000697,0.326946
2008000,1.6202,0.544831,0.005673,0.000697,0.326946
2009000,1.6202,0.544831,0.005673,0.000697,0.326993
2010000,1.6202,0.544831,0.005673,0.000697,0.326993
2011000,1.6202,0.544831,0.005673,0.000697,0.326899
2012000,1.6202,0.544831,0.005673,0.000697,0.326993
2013000,1.6202,0.544831,0.005673,0.000697,0.326993
2014000,1.6202,0.544831,0.005673,0.000697,0.326946
2015000,1.6202,0.544831,0.005673,0.000697,0.327174
2016000,1.6202,0.544831,0.005673,0.000697,0.326993
2017000,1.6202,0.544831,0.005673,0.000697,0.326946
2018000,1.6202,0.544831,0.005673,0.000697,0.326946
2019000,1.6202,0.544831,0.005673,0.000697,0.326993
2020000,1.6202,0.544831,0.005673,0.000697,0.327221
2021000,1.6202,0.544831,0.005673,0.000697,0.326946
2022000,1.6202,0.544831,0.005673,0.000697,0.326946
2023000,1.6202,0.544831,0.005673,0.000697,0.326993
2024000,1.6202,0.544831,0.005673,0.000697,0.326946
2025000,1.6202,0.544831,0.005673,0.000697,0.326946
2026000,1.6202,0.544831,0.005673,0.000697,0.327221
2027000,1.6202,0.544831,0.005673,0.000697,0.326993
2028000,1.6202,0.544831,0.005673,0.000697,0.326946
2029000,1.6202,0.544831,0.005673,0.000697,0.326946
2030000,1.6202,0.544831,0.005673,0.000697,0.326993
2031000,1.6202,0.544831,0.005673,0.000697,0.327174
2032000,1.6202,0.544831,0.005673,0.000697,0.326946
2033000,1.6202,0.544831,0.005673,0.000697,0.326993
2034000,1.6202,0.544831,0.005673,0.000697,0.326993
2035000,1.6202,0.544831,0.005673,0.000697,0.326946
2036000,1.6202,0.544831,0.005673,0.000697,0.326946
2037000,1.6202,0.544831,0.005673,0.000697,0.326993
2038000,1.6202,0.544831,0.005673,0.000697,0.326946
2039000,1.6202,0.544831,0.005673,0.000697,0.326946
2040000,1.6202,0.544831,0.005673,0.000697,0.326993
2041000,1.6202,0.544831,0.005673,0.000697,0.326993
2042000,1.6202,0.544831,0.005673,0.000697,0.326946
2043000,1.6202,0.544831,0.005673,0.000697,0.327174
2044000,1.6202,0.544831,0.005673,0.000697,0.326993
2045000,1.6202,0.544831,0.005673,0.000697,0.326946
2046000,1.6202,0.544831,0.005673,0.000697,0.326946
2047000,1.6202,0.544831,0.005673,0.000697,0.326993
2048000,1.6202,0.544831,0.005673,0.000697,0.326993
2049000,1.6202,0.544831,0.005673,0.000697,0.326946
2050000,1.6202,0.544831,0.005673,0.000697,0.326946
2051000,1.6202,0.544831,0.005673,0.000697,0.326993
2052000,1.6202,0.544831,0.005673,0.000697,0.326946
2053000,1.6202,0.544831,0.005673,0.000697,0.326946
2054000,1.6202,0.544831,0.005673,0.000697,0.327448
2055000,1.6202,0.544831,0.005673,0.000697,0.326993
2056000,1.6202,0.544831,0.005673,0.000697,0.326946
2057000,1.6202,0.544831,0.005673,0.000697,0.326946
2058000,1.6202,0.544831,0.005673,0.000697,0.326993
2059000,1.6202,0.544831,0.005673,0.000697,0.326946
2060000,1.6202,0.544831,0.005673,0.000697,0.326946
2061000,1.6202,0.544831,0.005673,0.000697,0.326993
2062000,1.6202,0.544831,0.005673,0.000697,0.326993
2063000,1.6202,0.544831,0.005673,0.000697,0.326946
2064000,1.6202,0.544831,0.005673,0.000697,0.326946
2065000,1.6202,0.544831,0.005673,0.000697,0.327221
2066000,1.6202,0.544831,0.005673,0.000697,0.326946
2067000,1.6202,0.544831,0.005673,0.000697,0.326946
2068000,1.6202,0.544831,0.005673,0.000697,0.326993
2069000,1.6202,0.544831,0.005673,0.000697,0.326993
2070000,1.6202,0.544831,0.005673,0.000697,0.326946
2071000,1.6202,0.544831,0.005673,0.000697,0.326946
2072000,1.6202,0.544831,0.005673,0.000697,0.326993
2073000,1.6202,0.544831,0.005673,0.000697,0.326946
2074000,1.6202,0.544831,0.005673,0.000697,0.326946
2075000,1.6202,0.544831,0.005673,0.000697,0.326993
2076000,1.6202,0.544831,0.005673,0.000697,0.327221
2077000,1.6202,0.544831,0.005673,0.000697,0.326946
2078000,1.6202,0.544831,0.005673,0.000697,0.326946
2079000,1.6202,0.544831,0.005673,0.000697,0.326993
2080000,1.6202,0.544831,0.005673,0.000697,0.326946
2081000,1.6202,0.544831,0.005673,0.000697,0.326946
2082000,1.6202,0.544831,0.005673,0.000697,0.326993
2083000,1.6202,0.544831,0.005673,0.000697,0.326993
2084000,1.6202,0.544831,0.005673,0.000697,0.326946
2085000,1.6202,0.544831,0.005673,0.000697,0.326946
2086000,1.6202,0.544831,0.005673,0.000697,0.326993
2087000,1.6202,0.544831,0.005673,0.000697,0.326946
2088000,1.6202,0.544831,0.005673,0.000697,0.327174
2089000,1.6202,0.544831,0.005673,0.000697,0.326993
2090000,1.6202,0.544831,0.005673,0.000697,0.326993
2091000,1.6202,0.544831,0.005673,0.000697,0.326946
2092000,1.6202,0.544831,0.005673,0.000697,0.326946
2093000,1.6202,0.544831,0.005673,0.000697,0.326993
2094000,1.6202,0.544831,0.005673,0.000697,0.326946
2095000,1.6202,0.544831,0.005673,0.000697,0.326946
2096000,1.6202,0.544831,0.005673,0.000697,0.326993
2097000,1.6202,0.544831,0.005673,0.000697,0.326993
2098000,1.6202,0.544831,0.005673,0.000697,0.326946
2099000,1.6202,0.544831,0.005673,0.000697,0.326946
2100000,1.6202,0.544831,0.005673,0.000697,0.326993
2101000,1.6202,0.544831,0.005673,0.000697,0.326946
2102000,1.6202,0.544831,0.005673,0.000697,0.326946
2103000,1.6202,0.544831,0.005673,0.000697,0.326993
2104000,1.6202,0.544831,0.005673,0.000697,0.327221
2105000,1.6202,0.544831,0.005673,0.000697,0.326899
2106000,1.6202,0.544831,0.005673,0.000697,0.326993
2107000,1.6202,0.544831,0.005673,0.000697,0.326993
2108000,1.6202,0.544831,0.005673,0.000697,0.326946
2109000,1.6202,0.544831,0.005673,0.000697,0.326946
2110000,1.6202,0.544831,0.005673,0.000697,0.327221
2111000,1.6202,0.544831,0.005673,0.000697,0.326993
2112000,1.6202,0.544831,0.005673,0.000697,0.326899
2113000,1.6202,0.544831,0.005673,0.000697,0.326993
2114000,1.6202,0.544831,0.005673,0.000697,0.326993
2115000,1.6202,0.544831,0.005673,0.000697,0.326946
2116000,1.6202,0.544831,0.005673,0.000697,0.327174
2117000,1.6202,0.544831,0.005673,0.000697,0.326993
2118000,1.6202,0.544831,0.005673,0.000697,0.326993
2119000,1.6202,0.544831,0.005673,0.000697,0.326899
2120000,1.6202,0.544831,0.005673,0.000697,0.326993
2121000,1.6202,0.544831,0.005673,0.000697,0.326993
2122000,1.6202,0.544831,0.005673,0.000697,0.326946
2123000,1.6202,0.544831,0.005673,0.000697,0.326946
2124000,1.6202,0.544831,0.005673,0.000697,0.326993
2125000,1.6202,0.544831,0.005673,0.000697,0.326946
2126000,1.6202,0.544831,0.005673,0.000697,0.326946
2127000,1.6202,0.544831,0.005673,0.000697,0.326993
2128000,1.6202,0.544831,0.005673,0.000697,0.326993
2129000,1.6202,0.544831,0.005673,0.000697,0.326946
2130000,1.6202,0.544831,0.005673,0.000697,0.326946
2131000,1.6202,0.544831,0.005673,0.000697,0.326993
2132000,1.6202,0.544831,0.005673,0.000697,0.326946
2133000,1.6202,0.544831,0.005673,0.000697,0.327174
2134000,1.6202,0.544831,0.005673,0.000697,0.326993
2135000,1.6202,0.544831,0.005673,0.000697,0.326993
2136000,1.6202,0.544831,0.005673,0.000697,0.326946
2137000,1.6202,0.544831,0.005673,0.000697,0.326946
2138000,1.6202,0.544831,0.005673,0.000697,0.326993
2139000,1.6202,0.544831,0.005673,0.000697,0.326946
2140000,1.6202,0.544831,0.005673,0.000697,0.326946
2141000,1.6202,0.544831,0.005673,0.000697,0.326993
2142000,1.6202,0.544831,0.005673,0.000697,0.326993
2143000,1.6202,0.544831,0.005673,0.000697,0.327174
2144000,1.6202,0.544831,0.005673,0.000697,0.327174
2145000,1.6202,0.544831,0.005673,0.000697,0.326993
2146000,1.6202,0.544831,0.005673,0.000697,0.326946
2147000,1.6202,0.544831,0.005673,0.000697,0.326946
2148000,1.6202,0.544831,0.005673,0.000697,0.326993
2149000,1.6202,0.544831,0.005673,0.000697,0.327221
2150000,1.6202,0.544831,0.005673,0.000697,0.326946
2151000,1.6202,0.544831,0.005673,0.000697,0.326946
2152000,1.6202,0.544831,0.005673,0.000697,0.326993
2153000,1.6202,0.544831,0.005673,0.000697,0.326946
2154000,1.6202,0.544831,0.005673,0.000697,0.326946
2155000,1.6202,0.544831,0.005673,0.000697,0.327448
2156000,1.6202,0.544831,0.005673,0.000697,0.326993
2157000,1.6202,0.544831,0.005673,0.000697,0.326946
2158000,1.6202,0.544831,0.005673,0.000697,0.326946
2159000,1.6202,0.544831,0.005673,0.000697,0.326993
2160000,1.6202,0.544831,0.005673,0.000697,0.326946
2161000,1.6202,0.544831,0.005673,0.000697,0.327174
2162000,1.6202,0.544831,0.005673,0.000697,0.326993
2163000,1.6202,0.544831,0.005673,0.000697,0.326993
2164000,1.6202,0.544831,0.005673,0.000697,0.326946
2165000,1.6202,0.544831,0.005673,0.000697,0.326946
2166000,1.6202,0.544831,0.005673,0.000697,0.327221
2167000,1.6202,0.544831,0.005673,0.000697,0.326946
2168000,1.6202,0.544831,0.005673,0.000697,0.326946
2169000,1.6202,0.544831,0.005673,0.000697,0.326993
2170000,1.6202,0.544831,0.005673,0.000697,0.326993
2171000,1.6202,0.544831,0.005673,0.000697,0.326946
2172000,1.6202,0.544831,0.005673,0.000697,0.327174
2173000,1.6202,0.544831,0.005673,0.000697,0.326993
2174000,1.6202,0.544831,0.005673,0.000697,0.326946
2175000,1.6202,0.544831,0.005673,0.000697,0.326946
2176000,1.6202,0.544831,0.005673,0.000697,0.326993
2177000,1.6202,0.544831,0.005673,0.000697,0.326993
2178000,1.6202,0.544831,0.005673,0.000697,0.326946
2179000,1.6202,0.544831,0.005673,0.000697,0.326946
2180000,1.6202,0.544831,0.005673,0.000697,0.326993
2181000,1.6202,0.544831,0.005673,0.000697,0.326946
2182000,1.6202,0.544831,0.005673,0.000697,0.326946
2183000,1.6202,0.544831,0.005673,0.000697,0.327221
2184000,1.6202,0.544831,0.005673,0.000697,0.326993
2185000,1.6202,0.544831,0.005673,0.000697,0.326946
2186000,1.6202,0.544831,0.005673,0.000697,0.326946
2187000,1.6202,0.544831,0.005673,0.000697,0.326993
2188000,1.6202,0.544831,0.005673,0.000697,0.327174
2189000,1.6202,0.544831,0.005673,0.000697,0.326946
2190000,1.6202,0.544831,0.005673,0.000697,0.326993
2191000,1.6202,0.544831,0.005673,0.000697,0.326993
2192000,1.6202,0.544831,0.005673,0.000697,0.326946
2193000,1.6202,0.544831,0.005673,0.000697,0.326946
2194000,1.6202,0.544831,0.005673,0.000697,0.326993
2195000,1.6202,0.544831,0.005673,0.000697,0.326946
2196000,1.6202,0.544831,0.005673,0.000697,0.326946
2197000,1.6202,0.544831,0.005673,0.000697,0.326993
2198000,1.6202,0.544831,0.005673,0.000697,0.326993
2199000,1.6202,0.544831,0.005673,0.000697,0.326946
2200000,1.6202,0.544831,0.005673,0.000697,0.326946
2201000,1.6202,0.544831,0.005673,0.000697,0.326993
2202000,1.6202,0.544831,0.005673,0.000697,0.326946
2203000,1.6202,0.544831,0.005673,0.000697,0.326946
2204000,1.6202,0.544831,0.005673,0.000697,0.326993
2205000,1.6202,0.544831,0.005673,0.000697,0.327221
2206000,1.6202,0.544831,0.005673,0.000697,0.326946
2207000,1.6202,0.544831,0.005673,0.000697,0.326946
2208000,1.6202,0.544831,0.005673,0.000697,0.326993
2209000,1.6202,0.544831,0.005673,0.000697,0.326946
2210000,1.6202,0.544831,0.005673,0.000697,0.326946
2211000,1.6202,0.544831,0.005673,0.000697,0.326993
2212000,1.6202,0.544831,0.005673,0.000697,0.326993
2213000,1.6202,0.544831,0.005673,0.000697,0.326946
2214000,1.6202,0.544831,0.005673,0.000697,0.326946
2215000,1.6202,0.544831,0.005673,0.000697,0.326993
2216000,1.6202,0.544831,0.005673,0.000697,0.327174
2217000,1.6202,0.544831,0.005673,0.000697,0.326946
2218000,1.6202,0.544831,0.005673,0.000697,0.326993
2219000,1.6202,0.544831,0.005673,0.000697,0.326993
2220000,1.6202,0.544831,0.005673,0.000697,0.326946
2221000,1.6202,0.544831,0.005673,0.000697,0.326946
2222000,1.6202,0.544831,0.005673,0.000697,0.327221
2223000,1.6202,0.544831,0.005673,0.000697,0.326946
2224000,1.6202,0.544831,0.005673,0.000697,0.326946
2225000,1.6202,0.544831,0.005673,0.000697,0.326993
2226000,1.6202,0.544831,0.005673,0.000697,0.326993
2227000,1.6202,0.544831,0.005673,0.000697,0.326946
2228000,1.6202,0.544831,0.005673,0.000697,0.326946
2229000,1.6202,0.544831,0.005673,0.000697,0.326993
2230000,1.6202,0.544831,0.005673,0.000697,0.326946
2231000,1.6202,0.544831,0.005673,0.000697,0.326946
2232000,1.6202,0.544831,0.005673,0.000697,0.326993
2233000,1.6202,0.544831,0.005673,0.000697,0.326993
2234000,1.6202,0.544831,0.005673,0.000697,0.326946
2235000,1.6202,0.544831,0.005673,0.000697,0.326946
2236000,1.6202,0.544831,0.005673,0.000697,0.326993
2237000,1.6202,0.544831,0.005673,0.000697,0.326946
2238000,1.6202,0.544831,0.005673,0.000697,0.326946
2239000,1.6202,0.544831,0.005673,0.000697,0.327221
2240000,1.6202,0.544831,0.005673,0.000697,0.326993
2241000,1.6202,0.544831,0.005673,0.000697,0.326899
2242000,1.6202,0.544831,0.005673,0.000697,0.326993
2243000,1.6202,0.544831,0.005673,0.000697,0.326993
2244000,1.6202,0.544831,0.005673,0.000697,0.326946
2245000,1.6202,0.544831,0.005673,0.000697,0.327174
2246000,1.6202,0.544831,0.005673,0.000697,0.326993
2247000,1.6202,0.544831,0.005673,0.000697,0.326993
2248000,1.6202,0.544831,0.005673,0.000697,0.326899
2249000,1.6202,0.544831,0.005673,0.000697,0.326993
2250000,1.6202,0.544831,0.005673,0.000697,0.326993
2251000,1.6202,0.544831,0.005673,0.000697,0.326946
2252000,1.6202,0.544831,0.005673,0.000697,0.326946
2253000,1.6202,0.544831,0.005673,0.000697,0.326993
2254000,1.6202,0.544831,0.005673,0.000697,0.326993
2255000,1.6202,0.544831,0.005673,0.000697,0.326899
2256000,1.6202,0.544831,0.005673,0.000697,0.326993
2257000,1.6202,0.544831,0.005673,0.000697,0.326993
2258000,1.6202,0.544831,0.005673,0.000697,0.326946
2259000,1.6202,0.544831,0.005673,0.000697,0.326946
2260000,1.6202,0.544831,0.005673,0.000697,0.326993
2261000,1.6202,0.544831,0.005673,0.000697,0.327221
2262000,1.6202,0.544831,0.005673,0.000697,0.326899
2263000,1.6202,0.544831,0.005673,0.000697,0.326993
2264000,1.6202,0.544831,0.005673,0.000697,0.326993
2265000,1.6202,0.544831,0.005673,0.000697,0.326946
2266000,1.6202,0.544831,0.005673,0.000697,0.326946
2267000,1.6202,0.544831,0.005673,0.000697,0.326993
2268000,1.6202,0.544831,0.005673,0.000697,0.326946
2269000,1.6202,0.544831,0.005673,0.000697,0.326946
2270000,1.6202,0.544831,0.005673,0.000697,0.326993
2271000,1.6202,0.544831,0.005673,0.000697,0.326993
2272000,1.6202,0.544831,0.005673,0.000697,0.326946
2273000,1.6202,0.544831,0.005673,0.000697,0.326946
2274000,1.6202,0.544831,0.005673,0.000697,0.326993
2275000,1.6202,0.544831,0.005673,0.000697,0.326946
2276000,1.6202,0.544831,0.005673,0.000697,0.326946
2277000,1.6202,0.544831,0.005673,0.000697,0.326993
2278000,1.6202,0.544831,0.005673,0.000697,0.326993
2279000,1.6202,0.544831,0.005673,0.000697,0.326946
2280000,1.6202,0.544831,0.005673,0.000697,0.326946
2281000,1.6202,0.544831,0.005673,0.000697,0.326993
2282000,1.6202,0.544831,0.005673,0.000697,0.326946
2283000,1.6202,0.544831,0.005673,0.000697,0.326946
2284000,1.6202,0.544831,0.005673,0.000697,0.326993
2285000,1.6202,0.544831,0.005673,0.000697,0.326993
2286000,1.6202,0.544831,0.005673,0.000697,0.326946
2287000,1.6202,0.544831,0.005673,0.000697,0.326946
2288000,1.6202,0.544831,0.005673,0.000697,0.326993
2289000,1.6202,0.544831,0.005673,0.000697,0.326946
2290000,1.6202,0.544831,0.005673,0.000697,0.326946
2291000,1.6202,0.544831,0.005673,0.000697,0.326993
2292000,1.6202,0.544831,0.005673,0.000697,0.326993
2293000,1.6202,0.544831,0.005673,0.000697,0.326946
2294000,1.6202,0.544831,0.005673,0.000697,0.326946
2295000,1.6202,0.544831,0.005673,0.000697,0.326993
2296000,1.6202,0.544831,0.005673,0.000697,0.326946
2297000,1.6202,0.544831,0.005673,0.000697,0.326946
2298000,1.6202,0.544831,0.005673,0.000697,0.326993
2299000,1.6202,0.544831,0.005673,0.000697,0.326993
2300000,1.6202,0.544831,0.005673,0.000697,0.326946
2301000,1.6202,0.544831,0.005673,0.000697,0.326946
2302000,1.6202,0.544831,0.005673,0.000697,0.326993
2303000,1.6202,0.544831,0.005673,0.000697,0.326946
2304000,1.6202,0.544831,0.005673,0.000697,0.326946
2305000,1.6202,0.544831,0.005673,0.000697,0.326993
2306000,1.6202,0.544831,0.005673,0.000697,0.327221
2307000,1.6202,0.544831,0.005673,0.000697,0.326946
2308000,1.6202,0.544831,0.005673,0.000697,0.326946
2309000,1.6202,0.544831,0.005673,0.000697,0.326993
2310000,1.6202,0.544831,0.005673,0.000697,0.326946
2311000,1.6202,0.544831,0.005673,0.000697,0.326946
2312000,1.6202,0.544831,0.005673,0.000697,0.327448
2313000,1.6202,0.544831,0.005673,0.000697,0.326993
2314000,1.6202,0.544831,0.005673,0.000697,0.326946
2315000,1.6202,0.544831,0.005673,0.000697,0.326946
2316000,1.6202,0.544831,0.005673,0.000697,0.326993
2317000,1.6202,0.544831,0.005673,0.000697,0.327174
2318000,1.6202,0.544831,0.005673,0.000697,0.326946
2319000,1.6202,0.544831,0.005673,0.000697,0.326993
2320000,1.6202,0.544831,0.005673,0.000697,0.326993
2321000,1.6202,0.544831,0.005673,0.000697,0.326946
2322000,1.6202,0.544831,0.005673,0.000697,0.326946
2323000,1.6202,0.544831,0.005673,0.000697,0.327221
2324000,1.6202,0.544831,0.005673,0.000697,0.326946
2325000,1.6202,0.544831,0.005673,0.000697,0.326946
2326000,1.6202,0.544831,0.005673,0.000697,0.326993
2327000,1.6202,0.544831,0.005673,0.000697,0.326993
2328000,1.6202,0.544831,0.005673,0.000697,0.327174
2329000,1.6202,0.544831,0.005673,0.000697,0.327174
2330000,1.6202,0.544831,0.005673,0.000697,0.326993
2331000,1.6202,0.544831,0.005673,0.000697,0.326946
2332000,1.6202,0.544831,0.005673,0.000697,0.326946
2333000,1.6202,0.544831,0.005673,0.000697,0.326993
2334000,1.6202,0.544831,0.005673,0.000697,0.327221
2335000,1.6202,0.544831,0.005673,0.000697,0.326946
2336000,1.6202,0.544831,0.005673,0.000697,0.326946
2337000,1.6202,0.544831,0.005673,0.000697,0.326993
2338000,1.6202,0.544831,0.005673,0.000697,0.326946
2339000,1.6202,0.544831,0.005673,0.000697,0.326946
2340000,1.6202,0.544831,0.005673,0.000697,0.327221
2341000,1.6202,0.544831,0.005673,0.000697,0.326993
2342000,1.6202,0.544831,0.005673,0.000697,0.326946
2343000,1.6202,0.544831,0.005673,0.000697,0.326946
2344000,1.6202,0.544831,0.005673,0.000697,0.326993
2345000,1.6202,0.544831,0.005673,0.000697,0.326946
2346000,1.6202,0.544831,0.005673,0.000697,0.326946
2347000,1.6202,0.544831,0.005673,0.000697,0.326993
2348000,1.6202,0.544831,0.005673,0.000697,0.326993
2349000,1.6202,0.544831,0.005673,0.000697,0.326946
2350000,1.6202,0.544831,0.005673,0.000697,0.326946
2351000,1.6202,0.544831,0.005673,0.000697,0.327448
2352000,1.6202,0.544831,0.005673,0.000697,0.326946
2353000,1.6202,0.544831,0.005673,0.000697,0.326946
2354000,1.6202,0.544831,0.005673,0.000697,0.326993
2355000,1.6202,0.544831,0.005673,0.000697,0.326993
2356000,1.6202,0.544831,0.005673,0.000697,0.326946
2357000,1.6202,0.544831,0.005673,0.000697,0.326946
2358000,1.6202,0.544831,0.005673,0.000697,0.326993
2359000,1.6202,0.544831,0.005673,0.000697,0.326946
2360000,1.6202,0.544831,0.005673,0.000697,0.326946
2361000,1.6202,0.544831,0.005673,0.000697,0.326993
2362000,1.6202,0.544831,0.005673,0.000697,0.327221
2363000,1.6202,0.544831,0.005673,0.000697,0.326946
2364000,1.6202,0.544831,0.005673,0.000697,0.326946
2365000,1.6202,0.544831,0.005673,0.000697,0.326993
2366000,1.6202,0.544831,0.005673,0.000697,0.326946
2367000,1.6202,0.544831,0.005673,0.000697,0.326946
2368000,1.6202,0.544831,0.005673,0.000697,0.327221
2369000,1.6202,0.544831,0.005673,0.000697,0.326993
2370000,1.6202,0.544831,0.005673,0.000697,0.326899
2371000,1.6202,0.544831,0.005673,0.000697,0.326993
2372000,1.6202,0.544831,0.005673,0.000697,0.326993
2373000,1.6202,0.544831,0.005673,0.000697,0.326946
2374000,1.6202,0.544831,0.005673,0.000697,0.326946
2375000,1.6202,0.544831,0.005673,0.000697,0.326993
2376000,1.6202,0.544831,0.005673,0.000697,0.326993
2377000,1.6202,0.544831,0.005673,0.000697,0.326899
2378000,1.6202,0.544831,0.005673,0.000697,0.326993
2379000,1.6202,0.544831,0.005673,0.000697,0.326993
2380000,1.6202,0.544831,0.005673,0.000697,0.326946
2381000,1.6202,0.544831,0.005673,0.000697,0.326946
2382000,1.6202,0.544831,0.005673,0.000697,0.326993
2383000,1.6202,0.544831,0.005673,0.000697,0.326993
2384000,1.6202,0.544831,0.005673,0.000697,0.326899
2385000,1.6202,0.544831,0.005673,0.000697,0.327221
2386000,1.6202,0.544831,0.005673,0.000697,0.326993
2387000,1.6202,0.544831,0.005673,0.000697,0.326946
2388000,1.6202,0.544831,0.005673,0.000697,0.326946
2389000,1.6202,0.544831,0.005673,0.000697,0.326993
2390000,1.6202,0.544831,0.005673,0.000697,0.326993
2391000,1.6202,0.544831,0.005673,0.000697,0.327127
2392000,1.6202,0.544831,0.005673,0.000697,0.326993
2393000,1.6202,0.544831,0.005673,0.000697,0.326993
2394000,1.6202,0.544831,0.005673,0.000697,0.326946
2395000,1.6202,0.544831,0.005673,0.000697,0.326946
2396000,1.6202,0.544831,0.005673,0.000697,0.327448
2397000,1.6202,0.544831,0.005673,0.000697,0.326946
2398000,1.6202,0.544831,0.005673,0.000697,0.326946
2399000,1.6202,0.544831,0.005673,0.000697,0.326993
2400000,1.6202,0.544831,0.005673,0.000697,0.326993
2401000,1.6202,0.544831,0.005673,0.000697,0.326946
2402000,1.6202,0.544831,0.005673,0.000697,0.327174
2403000,1.6202,0.544831,0.005673,0.000697,0.326993
2404000,1.6202,0.544831,0.005673,0.000697,0.326946
2405000,1.6202,0.544831,0.005673,0.000697,0.326946
2406000,1.6202,0.544831,0.005673,0.000697,0.326993
2407000,1.6202,0.544831,0.005673,0.000697,0.327221
2408000,1.6202,0.544831,0.005673,0.000697,0.326946
2409000,1.6202,0.544831,0.005673,0.000697,0.326946
2410000,1.6202,0.544831,0.005673,0.000697,0.326993
2411000,1.6202,0.544831,0.005673,0.000697,0.326946
2412000,1.6202,0.544831,0.005673,0.000697,0.326946
2413000,1.6202,0.544831,0.005673,0.000697,0.327221
2414000,1.6202,0.544831,0.005673,0.000697,0.326993
2415000,1.6202,0.544831,0.005673,0.000697,0.326946
2416000,1.6202,0.544831,0.005673,0.000697,0.326946
2417000,1.6202,0.544831,0.005673,0.000697,0.326993
2418000,1.6202,0.544831,0.005673,0.000697,0.326946
2419000,1.6202,0.544831,0.005673,0.000697,0.327174
2420000,1.6202,0.544831,0.005673,0.000697,0.326993
2421000,1.6202,0.544831,0.005673,0.000697,0.326993
2422000,1.6202,0.544831,0.005673,0.000697,0.326946
2423000,1.6202,0.544831,0.005673,0.000697,0.326946
2424000,1.6202,0.544831,0.005673,0.000697,0.326993
2425000,1.6202,0.544831,0.005673,0.000697,0.326946
2426000,1.6202,0.544831,0.005673,0.000697,0.326946
2427000,1.6202,0.544831,0.005673,0.000697,0.326993
2428000,1.6202,0.544831,0.005673,0.000697,0.326993
2429000,1.6202,0.544831,0.005673,0.000697,0.326946
2430000,1.6202,0.544831,0.005673,0.000697,0.327174
2431000,1.6202,0.544831,0.005673,0.000697,0.326993
2432000,1.6202,0.544831,0.005673,0.000697,0.326946
2433000,1.6202,0.544831,0.005673,0.000697,0.326946
2434000,1.6202,0.544831,0.005673,0.000697,0.326993
2435000,1.6202,0.544831,0.005673,0.000697,0.327221
2436000,1.6202,0.544831,0.005673,0.000697,0.326946
2437000,1.6202,0.544831,0.005673,0.000697,0.326946
2438000,1.6202,0.544831,0.005673,0.000697,0.326993
2439000,1.6202,0.544831,0.005673,0.000697,0.326946
2440000,1.6202,0.544831,0.005673,0.000697,0.326946
2441000,1.6202,0.544831,0.005673,0.000697,0.327221
2442000,1.6202,0.544831,0.005673,0.000697,0.326993
2443000,1.6202,0.544831,0.005673,0.000697,0.326946
2444000,1.6202,0.544831,0.005673,0.000697,0.326946
2445000,1.6202,0.544831,0.005673,0.000697,0.326993
2446000,1.6202,0.544831,0.005673,0.000697,0.326946
2447000,1.6202,0.544831,0.005673,0.000697,0.326946
2448000,1.6202,0.544831,0.005673,0.000697,0.326993
2449000,1.6202,0.544831,0.005673,0.000697,0.326993
2450000,1.6202,0.544831,0.005673,0.000697,0.326946
2451000,1.6202,0.544831,0.005673,0.000697,0.326946
2452000,1.6202,0.544831,0.005673,0.000697,0.327448
2453000,1.6202,0.544831,0.005673,0.000697,0.326946
2454000,1.6202,0.544831,0.005673,0.000697,0.326946
2455000,1.6202,0.544831,0.005673,0.000697,0.326993
2456000,1.6202,0.544831,0.005673,0.000697,0.326993
2457000,1.6202,0.544831,0.005673,0.000697,0.326946
2458000,1.6202,0.544831,0.005673,0.000697,0.327174
2459000,1.6202,0.544831,0.005673,0.000697,0.326993
2460000,1.6202,0.544831,0.005673,0.000697,0.326946
2461000,1.6202,0.544831,0.005673,0.000697,0.326946
2462000,1.6202,0.544831,0.005673,0.000697,0.326993
2463000,1.6202,0.544831,0.005673,0.000697,0.326993
2464000,1.6202,0.544831,0.005673,0.000697,0.326946
2465000,1.6202,0.544831,0.005673,0.000697,0.326946
2466000,1.6202,0.544831,0.005673,0.000697,0.326993
2467000,1.6202,0.544831,0.005673,0.000697,0.326946
2468000,1.6202,0.544831,0.005673,0.000697,0.326946
2469000,1.6202,0.544831,0.005673,0.000697,0.327221
2470000,1.6202,0.544831,0.005673,0.000697,0.326993
2471000,1.6202,0.544831,0.005673,0.000697,0.326946
2472000,1.6202,0.544831,0.005673,0.000697,0.326946
2473000,1.6202,0.544831,0.005673,0.000697,0.326993
2474000,1.6202,0.544831,0.005673,0.000697,0.327174
2475000,1.6202,0.544831,0.005673,0.000697,0.326946
2476000,1.6202,0.544831,0.005673,0.000697,0.326993
2477000,1.6202,0.544831,0.005673,0.000697,0.326993
2478000,1.6202,0.544831,0.005673,0.000697,0.326946
2479000,1.6202,0.544831,0.005673,0.000697,0.326946
2480000,1.6202,0.544831,0.005673,0.000697,0.327221
2481000,1.6202,0.544831,0.005673,0.000697,0.326946
2482000,1.6202,0.544831,0.005673,0.000697,0.326946
2483000,1.6202,0.544831,0.005673,0.000697,0.326993
2484000,1.6202,0.544831,0.005673,0.000697,0.326993
2485000,1.6202,0.544831,0.005673,0.000697,0.326946
2486000,1.6202,0.544831,0.005673,0.000697,0.326946
2487000,1.6202,0.544831,0.005673,0.000697,0.326993
2488000,1.6202,0.544831,0.005673,0.000697,0.326946
2489000,1.6202,0.544831,0.005673,0.000697,0.326946
2490000,1.6202,0.544831,0.005673,0.000697,0.326993
2491000,1.6202,0.544831,0.005673,0.000697,0.327221
2492000,1.6202,0.544831,0.005673,0.000697,0.326946
2493000,1.6202,0.544831,0.005673,0.000697,0.326946
2494000,1.6202,0.544831,0.005673,0.000697,0.326993
2495000,1.6202,0.544831,0.005673,0.000697,0.326946
2496000,1.6202,0.544831,0.005673,0.000697,0.326946
2497000,1.6202,0.544831,0.005673,0.000697,0.327221
2498000,1.6202,0.544831,0.005673,0.000697,0.326993
2499000,1.6202,0.544831,0.005673,0.000697,0.326946
2500000,1.6202,0.544831,0.005673,0.000697,0.326946
2501000,1.6202,0.544831,0.005673,0.000697,0.326993
2502000,1.6202,0.544831,0.005673,0.000697,0.327174
2503000,1.6202,0.544831,0.005673,0.000697,0.326946
2504000,1.6202,0.544831,0.005673,0.000697,0.326993
2505000,1.6202,0.544831,0.005673,0.000697,0.326993
2506000,1.6202,0.544831,0.005673,0.000697,0.326946
2507000,1.6202,0.544831,0.005673,0.000697,0.326946
2508000,1.6202,0.544831,0.005673,0.000697,0.326993
2509000,1.6202,0.544831,0.005673,0.000697,0.326946
2510000,1.6202,0.544831,0.005673,0.000697,0.326946
2511000,1.6202,0.544831,0.005673,0.000697,0.326993
2512000,1.6202,0.544831,0.005673,0.000697,0.326993
2513000,1.6202,0.544831,0.005673,0.000697,0.326899
2514000,1.6202,0.544831,0.005673,0.000697,0.326993
2515000,1.6202,0.544831,0.005673,0.000697,0.326993
2516000,1.6202,0.544831,0.005673,0.000697,0.326946
2517000,1.6202,0.544831,0.005673,0.000697,0.326946
2518000,1.6202,0.544831,0.005673,0.000697,0.326993
2519000,1.6202,0.544831,0.005673,0.000697,0.326993
2520000,1.6202,0.544831,0.005673,0.000697,0.326899
2521000,1.6202,0.544831,0.005673,0.000697,0.326993
2522000,1.6202,0.544831,0.005673,0.000697,0.326993
2523000,1.6202,0.544831,0.005673,0.000697,0.326946
2524000,1.6202,0.544831,0.005673,0.000697,0.326946
2525000,1.6202,0.544831,0.005673,0.000697,0.327448
2526000,1.6202,0.544831,0.005673,0.000697,0.326993
2527000,1.6202,0.544831,0.005673,0.000697,0.326899
2528000,1.6202,0.544831,0.005673,0.000697,0.326993
2529000,1.6202,0.544831,0.005673,0.000697,0.326993
2530000,1.6202,0.544831,0.005673,0.000697,0.327174
2531000,1.6202,0.544831,0.005673,0.000697,0.327174
2532000,1.6202,0.544831,0.005673,0.000697,0.326993
2533000,1.6202,0.544831,0.005673,0.000697,0.326946
2534000,1.6202,0.544831,0.005673,0.000697,0.326946
2535000,1.6202,0.544831,0.005673,0.000697,0.326993
2536000,1.6202,0.544831,0.005673,0.000697,0.326993
2537000,1.6202,0.544831,0.005673,0.000697,0.326946
2538000,1.6202,0.544831,0.005673,0.000697,0.326946
2539000,1.6202,0.544831,0.005673,0.000697,0.326993
2540000,1.6202,0.544831,0.005673,0.000697,0.326946
2541000,1.6202,0.544831,0.005673,0.000697,0.326946
2542000,1.6202,0.544831,0.005673,0.000697,0.326993
2543000,1.6202,0.544831,0.005673,0.000697,0.326993
2544000,1.6202,0.544831,0.005673,0.000697,0.326946
2545000,1.6202,0.544831,0.005673,0.000697,0.326946
2546000,1.6202,0.544831,0.005673,0.000697,0.326993
2547000,1.6202,0.544831,0.005673,0.000697,0.326946
2548000,1.6202,0.544831,0.005673,0.000697,0.326946
2549000,1.6202,0.544831,0.005673,0.000697,0.326993
2550000,1.6202,0.544831,0.005673,0.000697,0.326993
2551000,1.6202,0.544831,0.005673,0.000697,0.326946
2552000,1.6202,0.544831,0.005673,0.000697,0.326946
2553000,1.6202,0.544831,0.005673,0.000697,0.327221
2554000,1.6202,0.544831,0.005673,0.000697,0.326946
2555000,1.6202,0.544831,0.005673,0.000697,0.326946
2556000,1.6202,0.544831,0.005673,0.000697,0.326993
2557000,1.6202,0.544831,0.005673,0.000697,0.326993
2558000,1.6202,0.544831,0.005673,0.000697,0.327174
2559000,1.6202,0.544831,0.005673,0.000697,0.326946
2560000,1.6202,0.544831,0.005673,0.000697,0.326993
2561000,1.6202,0.544831,0.005673,0.000697,0.326946
2562000,1.6202,0.544831,0.005673,0.000697,0.326946
2563000,1.6202,0.544831,0.005673,0.000697,0.326993
2564000,1.6202,0.544831,0.005673,0.000697,0.327221
2565000,1.6202,0.544831,0.005673,0.000697,0.326946
2566000,1.6202,0.544831,0.005673,0.000697,0.326946
2567000,1.6202,0.544831,0.005673,0.000697,0.326993
2568000,1.6202,0.544831,0.005673,0.000697,0.326946
2569000,1.6202,0.544831,0.005673,0.000697,0.326946
2570000,1.6202,0.544831,0.005673,0.000697,0.327221
2571000,1.6202,0.544831,0.005673,0.000697,0.326993
2572000,1.6202,0.544831,0.005673,0.000697,0.326946
2573000,1.6202,0.544831,0.005673,0.000697,0.326946
2574000,1.6202,0.544831,0.005673,0.000697,0.326993
2575000,1.6202,0.544831,0.005673,0.000697,0.327174
2576000,1.6202,0.544831,0.005673,0.000697,0.326946
2577000,1.6202,0.544831,0.005673,0.000697,0.326993
2578000,1.6202,0.544831,0.005673,0.000697,0.326993
2579000,1.6202,0.544831,0.005673,0.000697,0.326946
2580000,1.6202,0.544831,0.005673,0.000697,0.326946
2581000,1.6202,0.544831,0.005673,0.000697,0.327448
2582000,1.6202,0.544831,0.005673,0.000697,0.326946
2583000,1.6202,0.544831,0.005673,0.000697,0.326946
2584000,1.6202,0.544831,0.005673,0.000697,0.326993
2585000,1.6202,0.544831,0.005673,0.000697,0.326993
2586000,1.6202,0.544831,0.005673,0.000697,0.326946
2587000,1.6202,0.544831,0.005673,0.000697,0.327174
2588000,1.6202,0.544831,0.005673,0.000697,0.326993
2589000,1.6202,0.544831,0.005673,0.000697,0.326946
2590000,1.6202,0.544831,0.005673,0.000697,0.326946
2591000,1.6202,0.544831,0.005673,0.000697,0.326993
2592000,1.6202,0.544831,0.005673,0.000697,0.327448
2593000,1.6202,0.544831,0.005673,0.000697,0.326946
2594000,1.6202,0.544831,0.005673,0.000697,0.326946
2595000,1.6202,0.544831,0.005673,0.000697,0.326993
2596000,1.6202,0.544831,0.005673,0.000697,0.326946
2597000,1.6202,0.544831,0.005673,0.000697,0.326946
2598000,1.6202,0.544831,0.005673,0.000697,0.327221
2599000,1.6202,0.544831,0.005673,0.000697,0.326993
2600000,1.6202,0.544831,0.005673,0.000697,0.326946
2601000,1.6202,0.544831,0.005673,0.000697,0.326946
2602000,1.6202,0.544831,0.005673,0.000697,0.326993
2603000,1.6202,0.544831,0.005673,0.000697,0.326946
2604000,1.6202,0.544831,0.005673,0.000697,0.326946
2605000,1.6202,0.544831,0.005673,0.000697,0.326993
2606000,1.6202,0.544831,0.005673,0.000697,0.326993
2607000,1.6202,0.544831,0.005673,0.000697,0.326946
2608000,1.6202,0.544831,0.005673,0.000697,0.326946
2609000,1.6202,0.544831,0.005673,0.000697,0.326993
2610000,1.6202,0.544831,0.005673,0.000697,0.326946
2611000,1.6202,0.544831,0.005673,0.000697,0.326946
